/*--------------------------------*- C++ -*----------------------------------*\
| =========                 |                                                 |
| \\      /  F ield         | OpenFOAM: The Open Source CFD Toolbox           |
|  \\    /   O peration     | Version:  2406                                  |
|   \\  /    A nd           | Website:  www.openfoam.com                      |
|    \\/     M anipulation  |                                                 |
\*---------------------------------------------------------------------------*/
FoamFile
{
    version     2.0;
    format      ascii;
    arch        "LSB;label=32;scalar=64";
    class       faceSet;
    location    "constant/polyMesh/sets";
    object      nonOrthoFaces;
}
// * * * * * * * * * * * * * * * * * * * * * * * * * * * * * * * * * * * * * //


3886
(
49152
49153
49154
49155
49156
49160
49164
49167
16438
16441
16444
16447
16450
16453
16456
16459
16462
16465
16468
16471
16474
16477
16480
16483
16486
16489
16492
16495
16498
16501
16504
16507
16510
16513
16516
16519
16522
16525
16528
16531
16534
16537
16540
16543
16546
16549
16552
16555
16558
16561
16564
16567
16570
16573
16576
16579
16582
16585
16588
16591
16594
16597
16600
16603
16606
16609
16612
16615
16618
16621
16624
16627
16630
16633
16636
16639
16642
16645
16648
16651
16654
16657
16660
16663
16666
16669
16672
16675
16678
16681
16684
16687
16873
16876
16879
16882
16885
16888
16891
16894
16897
16900
16903
16906
16909
16912
16915
16918
16921
16924
16927
16930
16933
16936
16939
16942
16945
16948
16951
16954
16957
16960
16963
16966
16969
16972
16975
16978
16981
16984
16987
16990
16993
16996
16999
17002
17005
17008
17011
17014
17017
17020
17023
17026
17029
17032
17035
17038
17041
17044
17047
17050
17053
17056
17059
17062
17065
17068
17071
17074
17077
17080
17083
17086
17089
17092
17095
17098
17101
17104
17107
17110
17113
17116
17119
907
908
909
910
911
912
913
914
915
916
917
918
919
920
921
922
923
17308
924
925
926
17311
927
928
929
17314
930
931
932
17317
933
934
935
17320
936
937
938
17323
939
940
941
17326
942
943
944
17329
945
946
947
17332
948
949
950
17335
951
952
953
17338
954
955
956
17341
957
958
959
17344
960
961
962
17347
963
964
965
17350
966
967
968
17353
969
970
971
17356
972
973
974
17359
975
976
977
17362
978
979
980
17365
981
982
983
17368
984
985
986
17371
987
988
989
17374
990
991
992
17377
993
994
995
17380
996
997
998
17383
999
1000
1001
17386
1002
1003
1004
17389
1005
1006
1007
17392
1008
1009
1010
17395
1011
1012
1013
17398
1014
1015
1016
17401
1017
1018
1019
17404
1020
1021
1022
17407
1023
1024
1025
17410
1026
1027
1028
17413
1029
1030
1031
17416
1032
1033
1034
17419
1035
1036
1037
17422
1038
1039
17425
1041
1043
17428
1045
17431
1047
1049
17434
1051
17437
1053
1055
17440
1057
17443
1059
1061
17446
1063
17449
1065
1067
17452
1069
17455
1071
1073
17458
1075
17461
1077
1079
17464
1081
17467
1083
1085
17470
1087
17473
1089
1091
17476
1093
17479
1095
1097
17482
1099
17485
1101
1103
17488
1105
17491
1107
1109
17494
1111
17497
1113
1115
17500
1117
17503
1119
1121
17506
1123
17509
1125
1127
17512
1129
17515
1131
1133
17518
1135
17521
1137
1139
17524
1141
17527
1143
1145
17530
1147
17533
1149
1151
17536
1153
17539
1155
1157
17542
1159
17545
1161
1163
17548
1165
17551
1167
1169
17554
1171
1173
1175
1177
1179
1181
1183
1185
1187
1189
1191
1193
1195
1197
1199
1201
1203
1205
1207
1209
1211
1213
1215
1217
1219
1221
1223
1225
1227
1229
1231
1233
1235
1237
1239
1241
1243
1245
1247
1249
1251
1253
1255
1257
1259
1261
1263
1265
1267
1269
1271
1273
1275
1277
1279
1281
1283
1285
1287
1289
1291
1293
1295
1297
1299
1301
1303
1305
1307
1309
1311
1313
1329
1331
1333
1335
1337
1339
1341
1343
1345
1347
1349
1351
1353
1355
1357
17743
1359
1361
17746
1363
17749
1365
1367
17752
1369
17755
1371
1373
17758
1375
17761
1377
1379
17764
1381
17767
1383
1385
17770
1387
17773
1389
1391
17776
1393
17779
1395
1397
17782
1399
17785
1401
1403
17788
1405
17791
1407
1409
17794
1411
17797
1413
1415
17800
1417
17803
1419
1421
17806
1423
17809
1425
1427
17812
1429
17815
1431
1433
17818
1435
17821
1437
1439
17824
1441
17827
1443
1445
17830
1447
17833
1449
1451
17836
1453
17839
1455
1457
17842
1459
17845
1461
1463
17848
1465
17851
1467
1469
17854
1471
17857
1473
1475
17860
1477
17863
1479
1481
17866
1483
17869
1485
1487
17872
1489
17875
1491
1493
17878
1495
17881
1497
1499
17884
1501
17887
1503
1505
17890
1507
17893
1509
1511
17896
1513
17899
1515
1517
17902
1519
17905
1521
1523
17908
1525
17911
1527
1529
17914
1531
17917
1533
1535
17920
1537
17923
1539
1541
17926
1543
17929
1545
1547
17932
1549
17935
1551
1553
17938
1555
17941
1557
1559
17944
1561
17947
1563
1565
17950
1567
17953
1569
1571
17956
1573
17959
1575
1577
17962
1579
17965
1581
1583
17968
1585
17971
1587
1589
17974
1591
17977
1593
1595
17980
1597
17983
1599
1601
17986
1603
17989
1616
1617
1619
1621
1623
1625
1627
1629
1631
1633
1635
1637
1639
1641
1643
1645
1647
1649
1651
1653
1655
1657
1659
1661
1663
1665
1667
1669
1671
1673
1675
1677
1679
1681
1683
1685
1687
1689
1691
1693
1695
1697
1699
1701
1703
1705
1707
1709
1711
1713
1715
1717
1719
1721
1723
1725
1727
1729
1731
1733
1735
1737
1739
1741
1743
1745
1747
1749
1751
1753
1755
1757
1759
1761
1763
1765
1767
1769
1771
1773
1775
1777
1779
1781
1783
1785
1787
1789
1791
18176
1793
18179
1795
1797
18182
1799
18185
1801
1803
18188
1805
18191
1807
1809
18194
1811
18197
1813
1815
18200
1817
18203
1819
1821
18206
1823
18209
1825
1827
18212
1829
18215
1831
1833
18218
1835
18221
1837
1839
18224
1841
18227
1843
1845
18230
1847
18233
1849
1851
18236
1853
18239
1855
1857
18242
1859
18245
1861
1863
18248
1865
18251
1867
1869
18254
1871
18257
1873
1875
18260
1877
18263
1879
1881
18266
1883
18269
1885
1887
18272
1889
18275
1891
1893
18278
18281
18284
18287
18290
1907
18293
1909
1911
18296
1913
18299
1915
1917
18302
1919
18305
1921
1923
18308
1925
18311
1927
1929
18314
1931
18317
1933
1935
18320
1937
18323
1939
1941
18326
1943
18329
1945
1947
18332
1949
18335
1951
1953
18338
1955
18341
1957
1959
18344
1961
18347
1963
1965
18350
1967
18353
1969
1971
18356
1973
18359
1975
1977
18362
1979
18365
1981
1983
18368
1985
18371
1987
1989
18374
1991
18377
1993
1995
18380
1997
18383
1999
2001
18386
2003
18389
2005
2007
18392
2009
18395
2011
2013
18398
2015
18401
2017
2019
18404
2021
18407
2023
2025
18410
2027
18413
2029
2031
18416
2033
18419
2035
2037
18422
2039
2041
2043
2045
2047
2049
2051
2053
2055
2057
2059
2061
2063
2065
2067
2069
2071
2073
2075
2077
2079
2081
2083
2085
2087
2089
2091
2093
2095
2097
2099
2101
2103
2105
2107
2109
2111
2113
2115
2117
2119
2121
2123
2125
2127
2129
2131
2133
2135
2137
2139
2141
2143
2145
2147
2149
2151
2153
2155
2157
2159
2161
2163
2165
2167
2169
2171
2173
2175
2177
2179
2181
2183
2194
2195
2197
2199
2201
2203
2205
2207
2209
2211
2213
2215
2217
2219
2221
2223
2225
2227
2229
2231
2233
2235
2237
2239
2241
2243
2245
2247
2249
2251
2253
2255
2257
2259
2261
2263
2265
2267
2269
2271
2273
2275
2277
2279
2281
2283
2285
2287
2289
2291
2293
2295
2297
2299
2301
2303
2305
2307
2309
2311
2313
2315
2317
2319
2321
2323
2325
2327
2329
2331
2333
2335
2337
2339
2341
2343
2345
2347
2349
2351
2353
2355
2357
2359
2361
2363
2365
2367
2369
2371
2373
2375
2377
2379
2381
2383
2385
2387
2389
2391
2393
2395
2397
2399
2401
2403
2405
2407
2409
2411
2413
2415
2417
2419
2421
2423
2425
2427
2429
2431
2433
2435
2437
2439
2441
2443
2445
2447
2449
2451
2453
2455
2457
2459
2461
2463
2465
2467
2469
2471
2473
2485
2487
2489
2491
2493
2495
2497
2499
2501
2503
2505
2507
2509
2511
2513
2515
2517
2519
2521
2523
2525
2527
2529
2531
2533
2535
2537
2539
2541
2543
2545
2547
2549
2551
2553
2555
2557
2559
2561
2563
2565
2567
2569
2571
2573
2575
2577
2579
2581
2583
2585
2587
2589
2591
2593
2595
2597
2599
2601
2603
2605
2607
2609
2611
2613
2615
2617
2619
2621
2623
2625
2627
2629
2631
2633
2635
2637
2639
2641
2643
2645
2647
2649
2651
2653
2655
2657
2659
2661
2663
2665
2667
2669
2671
2673
2675
2677
2679
2681
2683
2685
2687
2689
2691
2693
2695
2697
2699
2701
2703
2705
2707
2709
2711
2713
2715
2717
2719
2721
2723
2725
2727
2729
2731
2733
2735
2737
2739
2741
2743
2745
2747
2749
2751
2753
2755
2757
2759
2761
2763
2772
2773
2775
2777
2779
2781
2783
2785
2787
2789
2791
2793
2795
2797
2799
2801
2803
2805
2807
2809
2811
2813
2815
2817
2819
2821
2823
2825
2827
2829
2831
2833
2835
2837
2839
2841
2843
2845
2847
2849
2851
2853
2855
2857
2859
2861
2863
2865
2867
2869
2871
2873
2875
2877
2879
2881
2883
2885
2887
2889
2891
2893
2895
2897
2899
2901
2903
2905
2907
2909
2911
2913
2915
2917
2919
2921
2923
2925
2927
2929
2931
2933
2935
2937
2939
2941
2943
2945
2947
2949
2951
2953
2955
2957
2959
2961
2963
2965
2967
2969
2971
2973
2975
2977
2979
2981
2983
2985
2987
2989
2991
2993
2995
2997
2999
3001
3003
3005
3007
3009
3011
3013
3015
3017
3019
3021
3023
3025
3027
3029
3031
3033
3035
3037
3039
3041
3043
3045
3047
3049
3051
3053
3063
3065
3067
3069
3071
3073
3075
3077
3079
3081
3083
3085
3087
3089
3091
3093
3095
3097
3099
3101
3103
3105
3107
3109
3111
3113
3115
3117
3119
3121
3123
3125
3127
3129
3131
3133
3135
3137
3139
3141
3143
3145
3147
3149
3151
3153
3155
3157
3159
3161
3163
3165
3167
3169
3171
3173
3175
3177
3179
3181
3183
3185
3187
3189
3191
3193
3195
3197
3199
3201
3203
3205
3207
3209
3211
3213
3215
3217
3219
3221
3223
3225
3227
3229
3231
3233
3235
3237
3239
3241
3243
3245
3247
3249
3251
3253
3255
3257
3259
3261
3263
3265
3267
3269
3271
3273
3275
3277
3279
3281
3283
3285
3287
3289
3291
3293
3295
3297
3299
3301
3303
3305
3307
3309
3311
3313
3315
3317
3319
3321
3323
3325
3327
3329
3331
3333
3335
3337
3339
3341
3343
3350
3351
3353
3355
3357
3359
3361
3363
3365
3367
3369
3371
3373
3375
3377
3379
3381
3383
3385
3387
3389
3391
3393
3395
3397
3399
3401
3403
3405
3407
3409
3411
3413
3415
3417
3419
3421
3423
3425
3427
3429
3431
3433
3435
3437
3439
3441
3443
3445
3447
3449
3451
3453
3455
3457
3459
3461
3463
3465
3467
3469
3471
3473
3475
3477
3479
3481
3483
3485
3487
3489
3491
3493
3495
3497
3499
3501
3503
3505
3507
3509
3511
3513
3515
3517
3519
3521
3523
3525
3527
3529
3531
3533
3535
3537
3539
3541
3543
3545
3547
3549
3551
3553
3555
3557
3559
3561
3563
3565
3567
3569
3571
3573
3575
3577
3579
3581
3583
3585
3587
3589
3591
3593
3595
3597
3599
3601
3603
3605
3607
3609
3611
3613
3615
3617
3619
3621
3623
3625
3627
3629
3631
3633
3641
3643
3645
3647
3649
3651
3653
3655
3657
3659
3661
3663
3665
3667
3669
3671
3673
3675
3677
3679
3681
3683
3685
3687
3689
3691
3693
3695
3697
3699
3701
3703
3705
3707
3709
3711
3713
3715
3717
3719
3721
3723
3725
3727
3729
3731
3733
3735
3737
3739
3741
3743
3745
3747
3749
3751
3753
3755
3757
3759
3761
3763
3765
3767
3769
3771
3773
3775
3777
3779
3781
3783
3785
3787
3789
3791
3793
3795
3797
3799
3801
3803
3805
3807
3809
3811
3813
3815
3817
3819
3821
3823
3825
3827
3829
3831
3833
3835
3837
3839
3841
3843
3845
3847
3849
3851
3853
3855
3857
3859
3861
3863
3865
3867
3869
3871
3873
3875
3877
3879
3881
3883
3885
3887
3889
3891
3893
3895
3897
3899
3901
3903
3905
3907
3909
3911
3913
3915
3917
3919
3921
3923
3928
3929
3931
3933
3935
3937
3939
3941
3943
3945
3947
3949
3951
3953
3955
3957
3959
3961
3963
3965
3967
3969
3971
3973
3975
3977
3979
3981
3983
3985
3987
3989
3991
3993
3995
3997
3999
4001
4003
4005
4007
4009
4011
4013
4015
4017
4019
4021
4023
4025
4027
4029
4031
4033
4035
4037
4039
4041
4043
4045
4047
4049
4051
4053
4055
4057
4059
4061
4063
4065
4067
4069
4071
4073
4075
4077
4079
4081
4083
4085
4087
4089
4091
4093
4095
4097
4099
4101
4103
4105
4107
4109
4111
4113
4115
4117
4119
4121
4123
4125
4127
4129
4131
4133
4135
4137
4139
4141
4143
4145
4147
4149
4151
4153
4155
4157
4159
4161
4163
4165
4167
4169
4171
4173
4175
4177
4179
4181
4183
4185
4187
4189
4191
4193
4195
4197
4199
4201
4203
4205
4207
4209
4211
4213
4219
4221
4223
4225
4227
4229
4231
4233
4235
4237
4239
4241
4243
4245
4247
4249
4251
4253
4255
4257
4259
4261
4263
4265
4267
4269
4271
4273
4275
4277
4279
4281
4283
4285
4287
4289
4291
4293
4295
4297
4299
4301
4303
4305
4307
4309
4311
4313
4315
4317
4319
4321
4323
4325
4327
4329
4331
4333
4335
4337
4339
4341
4343
4345
4347
4349
4351
4353
4355
4357
4359
4361
4363
4365
4367
4369
4371
4373
4375
4377
4379
4381
4383
4385
4387
4389
4391
4393
4395
4397
4399
4401
4403
4405
4407
4409
4411
4413
4415
4417
4419
4421
4423
4425
4427
4429
4431
4433
4435
4437
4439
4441
4443
4445
4447
4449
4451
4453
4455
4457
4459
4461
4463
4465
4467
4469
4471
4473
4475
4477
4479
4481
4483
4485
4487
4489
4491
4493
4495
4497
4499
4501
4503
4506
4507
4509
4511
4513
4515
4517
4519
4521
4523
4525
4527
4529
4531
4533
4535
4537
4539
4541
4543
4545
4547
4549
4551
4553
4555
4557
4559
4561
4563
4565
4567
4569
4571
4573
4575
4577
4579
4581
4583
4585
4587
4589
4591
4593
4595
4597
4599
4601
4603
4605
4607
4609
4611
4613
4615
4617
4619
4621
4623
4625
4627
4629
4631
4633
4635
4637
4639
4641
4643
4645
4647
4649
4651
4653
4655
4657
4659
4661
4663
4665
4667
4669
4671
4673
4675
4677
4679
4681
4683
4685
4687
4689
4691
4693
4695
4697
4699
4701
4703
4705
4707
4709
4711
4713
4715
4717
4719
4721
4723
4725
4727
4729
4731
4733
4735
4737
4739
4741
4743
4745
4747
4749
4751
4753
4755
4757
4759
4761
4763
4765
4767
4769
4771
4773
4775
4777
4779
4781
4783
4785
4787
4789
4791
4793
4797
4799
4801
4803
4805
4807
4809
4811
4813
4815
4817
4819
4821
4823
4825
4827
4829
4831
4833
4835
4837
4839
4841
4843
4845
4847
4849
4851
4853
4855
4857
4859
4861
4863
4865
4867
4869
4871
4873
4875
4877
4879
4881
4883
4885
4887
4889
4891
4893
4895
4897
4899
4901
4903
4905
4907
4909
4911
4913
4915
4917
4919
4921
4923
4925
4927
4929
4931
4933
4935
4937
4939
4941
4943
4945
4947
4949
4951
4953
4955
4957
4959
4961
4963
4965
4967
4969
4971
4973
4975
4977
4979
4981
4983
4985
4987
4989
4991
4993
4995
4997
4999
5001
5003
5005
5007
5009
5011
5013
5015
5017
5019
5021
5023
5025
5027
5029
5031
5033
5035
5037
5039
5041
5043
5045
5047
5049
5051
5053
5055
5057
5059
5061
5063
5065
5067
5069
5071
5073
5075
5077
5079
5081
5083
5084
5085
5087
5089
5091
5093
5095
5097
5099
5101
5103
5105
5107
5109
5111
5113
5115
5117
5119
5121
5123
5125
5127
5129
5131
5133
29710
5135
29713
5137
5139
29716
5141
29719
5143
5145
29722
5147
29725
5149
5151
29728
5153
29731
5155
5157
29734
5159
29737
5161
5163
29740
5165
29743
5167
5169
29746
5171
29749
5173
5175
29752
5177
29755
5179
5181
29758
5183
29761
5185
5187
29764
5189
29767
5191
5193
29770
5195
29773
5197
5199
29776
5201
29779
5203
5205
29782
5207
29785
5209
5211
29788
5213
29791
5215
5217
29794
5219
29797
5221
5223
29800
5225
29803
5227
5229
29806
5231
29809
5233
5235
29812
5237
29815
5239
5241
29818
5243
29821
5245
5247
29824
5249
29827
5251
5253
29830
5255
29833
5257
5259
5261
5263
5265
5267
5269
5271
5273
5275
5277
5279
5281
5283
5285
5287
5289
5291
5293
5295
5297
5299
5301
5303
5305
5307
5309
5311
5313
5315
5317
5319
5321
5323
5325
5327
5329
5331
5333
5335
5337
5339
5341
5343
5345
5347
5349
5351
5353
5355
5357
5359
5361
5363
5365
5367
5369
5371
5375
5377
5379
5381
5383
5385
5387
5389
5391
5393
5395
5397
5399
5401
5403
5405
5407
5409
5411
5413
5415
5417
5419
5421
5423
5425
5427
5429
5431
5433
5435
5437
5439
5441
5443
5445
5447
5449
5451
5453
5455
5457
5459
5461
5463
5465
5467
5469
5471
5473
5475
5477
5479
5481
5483
5485
5487
5489
5491
5493
5495
5497
5499
5501
5503
5505
5507
5509
5511
5513
5515
5517
5519
5521
5523
5525
5527
5529
5531
5533
5535
5537
5539
5541
5543
5545
5547
5549
5551
5553
5555
5557
5559
5561
13754
5563
5565
13757
5567
13760
5569
5571
13763
5573
13766
5575
5577
13769
5579
13772
5581
5583
13775
5585
13778
5587
5589
13781
5591
13784
5593
5595
13787
5597
13790
5599
5601
13793
5603
13796
5605
5607
13799
5609
13802
5611
5613
13805
5615
13808
5617
5619
13811
5621
13814
5623
5625
13817
5627
13820
5629
5631
13823
5633
13826
5635
5637
13829
5639
13832
5641
5643
13835
5645
13838
5647
5649
13841
5651
13844
5653
5655
13847
5657
13850
5659
5661
13853
5662
5663
13856
5665
5667
13859
5669
13862
5671
5673
13865
5675
13868
5677
5679
13871
5681
13874
5683
5685
13877
5687
13880
5689
5691
13883
5693
13886
5695
5697
13889
5699
13892
5701
5703
13895
5705
13898
5707
5709
13901
5711
13904
5713
5715
13907
5717
13910
5719
5721
13913
5723
13916
5725
5727
13919
5729
13922
5731
5733
13925
5735
13928
5737
5739
13931
5741
5743
5745
5747
5749
5751
5753
5755
5757
5759
5761
5763
5765
5767
5769
5771
5773
5775
5777
5779
5781
5783
5785
5787
5789
5791
5793
30370
5795
30373
5797
5799
30376
5801
30379
5803
5805
30382
5807
30385
5809
5811
30388
5813
30391
5815
5817
30394
5819
30397
5821
5823
30400
5825
30403
5827
5829
30406
5831
30409
5833
5835
30412
5837
30415
5839
5841
30418
5843
30421
5845
5847
30424
5849
30427
5851
5853
30430
5855
30433
5857
5859
30436
5861
30439
5863
5865
30442
5867
30445
5869
5871
30448
5873
30451
5875
5877
30454
5879
30457
5881
5883
30460
5885
30463
5887
5889
30466
5891
30469
5893
5895
30472
5897
30475
5899
5901
30478
5903
30481
5905
5907
30484
5909
30487
5911
5913
30490
5915
30493
5917
5919
30496
5921
30499
5923
5925
30502
5927
30505
5929
5931
30508
5933
30511
5935
5937
14129
30514
5939
14132
30517
5941
5943
14135
30520
5945
14138
30523
5947
5949
14141
30526
5951
5952
14144
30529
5954
14147
30532
5956
5958
14150
30535
5960
14153
30538
5962
5964
14156
30541
5966
14159
30544
5968
5970
14162
30547
5972
14165
30550
5974
5976
14168
30553
5978
14171
30556
5980
5982
14174
30559
5984
14177
30562
5986
5988
14180
30565
5990
14183
30568
5992
5994
14186
30571
5996
14189
30574
5998
6000
14192
6002
14195
6004
6006
14198
6008
14201
6010
6012
14204
6014
14207
6016
6018
14210
6020
14213
6022
6024
14216
6026
14219
6028
6030
14222
6032
14225
6034
6036
14228
6038
14231
6040
6042
14234
6044
14237
6046
6048
14240
6050
14243
6052
6054
14246
6056
14248
6058
6060
6062
6064
6066
6068
6070
6072
6074
6076
6078
6080
6082
6084
6086
6088
6090
6092
6094
6096
6098
6100
6102
6104
6106
6108
6110
6112
6114
6116
6118
6120
6122
6124
6126
6128
6130
6132
6134
6136
6138
6140
6142
6144
6146
6148
6150
6152
6154
6156
6158
6160
6162
6164
6166
6168
6170
6172
6174
6176
6178
6180
6182
6184
6186
6188
6190
6192
6194
6196
6198
6200
6202
6204
6206
6208
6210
6212
6214
6216
6218
6220
6222
6224
6226
6228
6230
6232
6234
6236
14428
6238
14431
14434
14437
14440
14443
14446
14449
14452
14455
14458
14461
14464
14467
14470
14473
14476
14479
14482
14485
14488
14491
14494
14497
14500
14503
14506
14509
14512
14515
14518
14521
14524
14527
14530
14533
14536
14539
14542
14545
14548
14550
14552
14554
14556
14558
14560
14562
14564
31012
31015
31018
31021
31024
31027
31030
31033
31036
31039
31042
31045
31048
31051
31054
31057
31060
31063
31066
31069
31072
31075
31078
31081
31084
31087
31090
31093
31096
31099
31102
31105
31108
31111
31114
31117
31120
31123
31126
31129
14746
31132
14749
31135
14752
31138
14755
31141
14758
31144
14761
31147
14764
31150
14767
31153
14770
31156
14773
31159
14776
31162
14779
31165
14782
31168
14785
31171
14788
31174
14791
31177
14794
31180
14797
31183
14800
31186
14803
31189
14806
31192
14809
31195
14812
31198
14815
31201
14818
31204
14821
31207
14824
31210
14827
31213
14830
31216
14833
31219
14836
31222
14839
31225
14842
31228
14845
31231
14848
31234
14851
31237
14854
31240
14857
14860
14863
14866
14869
14872
14875
14878
14881
14884
14887
14890
15139
15142
15145
15148
15151
15154
15157
15160
15163
15166
15169
15172
15175
15178
15181
15184
15187
15190
15193
15196
15199
15202
15205
15208
15211
31596
15214
31599
15217
31602
15220
31605
15223
31608
15226
31611
15229
31614
15232
31617
15235
31620
15238
31623
15241
31626
15244
31629
15247
31632
15250
31635
15253
31638
15256
31641
15259
31644
15262
31647
15265
31650
15268
31653
15271
31656
15274
31659
15277
31662
15280
31665
15283
31668
15286
31671
15289
31674
15292
31677
15295
31680
15298
31683
15301
31686
15304
31689
15307
31692
15310
31695
15313
31698
15316
31701
15319
31704
15322
31707
15325
31710
15328
31713
15331
31716
15334
31719
15337
31722
15340
31725
15343
31728
15346
31731
15349
31734
15352
31737
15355
31740
15358
31743
15361
31746
15364
31749
15367
31752
15370
31755
15373
31758
15376
31761
15379
31764
15382
31767
15384
31770
15386
31773
31776
31779
31782
31785
31788
31791
31794
31797
31800
31803
31806
31809
31812
31815
31818
31821
31824
31827
31830
31833
31836
31839
31842
31845
31848
31851
31854
31857
31860
31863
31866
31869
31872
31875
15569
15572
15575
15578
15581
15584
15587
15590
15593
15596
15599
15602
15605
15608
15611
15614
15617
15620
15623
15626
15629
15632
15635
15638
15641
15644
15647
15650
15653
15656
15659
15662
15665
15668
15671
15674
15677
15680
15683
15686
15689
15692
15695
15698
15701
15704
15707
15710
15713
15716
15719
15722
15725
15728
15731
15734
15737
15740
15743
15746
15749
15752
15755
15758
15761
15764
15767
15770
15773
15776
15779
15782
15785
15788
15791
15794
15797
15800
15803
15806
15809
15812
15815
15818
16003
16006
16009
16012
16015
16018
16021
16024
16027
16030
16033
16036
16039
16042
16045
16048
16051
16054
16057
16060
16063
16066
16069
16072
16075
16078
16081
16084
16087
16090
16093
16096
16099
16102
16105
16108
16111
16114
16117
16120
16123
16126
16129
16132
16135
16138
16141
16144
16147
16150
16153
16156
16159
16162
16165
16168
16171
16174
16177
16180
16183
16186
16189
16192
16195
16198
16201
16204
16207
16210
16213
16216
16219
16222
16225
16228
16231
16234
16237
16240
16243
16246
16249
16252
49066
49068
49070
49072
49074
49076
49078
49080
49082
49113
49124
49125
49126
49127
49128
49129
49130
49131
49132
49133
49134
49135
49136
49137
49138
49139
49140
49141
49142
49143
49144
49145
49146
49147
49148
49149
49150
49151
)


// ************************************************************************* //
