/*--------------------------------*- C++ -*----------------------------------*\
| =========                 |                                                 |
| \\      /  F ield         | OpenFOAM: The Open Source CFD Toolbox           |
|  \\    /   O peration     | Version:  2406                                  |
|   \\  /    A nd           | Website:  www.openfoam.com                      |
|    \\/     M anipulation  |                                                 |
\*---------------------------------------------------------------------------*/
FoamFile
{
    version     2.0;
    format      ascii;
    arch        "LSB;label=32;scalar=64";
    class       volScalarField;
    location    "0.015";
    object      T;
}
// * * * * * * * * * * * * * * * * * * * * * * * * * * * * * * * * * * * * * //

dimensions      [0 0 0 1 0 0 0];

internalField   nonuniform List<scalar> 
13962
(
233.19
233.19
233.19
233.19
233.19
233.19
233.195
233.305
235.284
240.847
241.943
241.934
241.928
241.932
241.944
241.953
241.957
241.962
241.971
241.984
241.996
242.004
242.013
242.023
242.033
242.038
242.042
242.047
242.052
242.057
242.059
242.06
242.061
242.063
242.065
242.066
242.069
242.072
242.074
242.074
242.073
242.07
242.067
242.064
242.061
242.058
242.055
242.053
242.052
242.052
242.052
242.051
242.051
242.051
242.051
242.05
242.049
242.048
242.048
242.047
242.047
242.048
242.049
242.051
242.053
242.055
242.056
242.058
242.058
242.057
242.057
242.055
242.054
242.054
242.054
242.055
242.056
242.058
242.059
242.06
242.06
242.059
242.059
242.058
242.057
242.056
242.055
242.054
242.053
242.053
242.052
242.053
242.054
242.057
242.06
242.066
242.074
242.088
242.113
242.159
242.246
242.411
242.72
243.28
244.267
245.948
248.714
253.098
259.784
269.58
283.336
301.753
325.028
352.258
380.676
405.39
421.471
428.247
429.489
429.489
429.426
429.292
429.029
428.626
428.141
427.699
427.433
427.33
427.289
427.288
427.297
427.314
427.34
427.382
427.445
427.531
427.614
427.683
427.743
427.785
427.8
427.799
427.785
427.748
427.693
427.639
427.602
427.572
427.558
427.559
427.575
427.603
427.623
427.639
427.657
427.671
427.674
427.672
427.671
427.678
427.686
427.692
427.699
427.705
427.706
427.699
427.682
427.665
427.646
427.626
427.61
427.606
427.608
427.616
427.632
427.654
427.675
427.689
427.698
427.704
427.685
427.589
427.193
426.664
426.358
426.265
426.299
426.55
426.605
426.677
426.754
426.85
426.983
427.137
427.237
427.237
427.182
427.029
426.802
426.571
426.354
425.975
424.45
415.593
378.234
312.834
293.458
293.001
293
293
293
293
293
293
293
293
293
293
293
293
293
293
293
293
293
293
293
293
293
293
293
293
293
293
293
293
293
293
293
293
293
293
293
293
293
293
293
293
293
293
293
293
293
293
293
293
293
293
293
293
293
293
293
293
293
293
293
293
293
293
293
293
293
293
293
293
293
293
293
293
293
293
293
293
293
293
293
293
293
293
293
293
293
293
293
293
293
293
293
293
293
293
293
293
293
293
293
293
293
293
293
293
293
293
293
293
293
293
293
293
293
293
293
293
293
293
293
293
293
293
293
293
293
293
293
293
293
293
293
293
293
293
293
293
293
293
293
293
293
293
293
293
293
293
293
293
293
293
293
293
293
293
293
293
293
293
293
293
293
293
293
293
293
293
293
293
293
293
293
293
293
293
293
293
293
293
293
293
293
293
293
293
293
293
293
293
293
293
293
293
293
293
293
293
293
293
293
293
293
293
293
293
293
293
293
293
293
293
293
293
293
293
293
293
293
293
293
293
293
293
293
293
293
293
293
293
293
293
293
293
293
293
293
293
293
293
293
293
293
293
293
293
293
293
293
293
293
293
293
293
293
293
293
293
233.19
233.19
233.19
233.19
233.19
233.19
233.195
233.305
235.284
240.847
241.943
241.934
241.928
241.932
241.944
241.953
241.957
241.962
241.971
241.984
241.996
242.004
242.013
242.023
242.033
242.038
242.042
242.047
242.052
242.057
242.059
242.06
242.061
242.063
242.065
242.066
242.069
242.072
242.074
242.074
242.073
242.07
242.067
242.064
242.061
242.058
242.055
242.053
242.052
242.052
242.052
242.051
242.051
242.051
242.051
242.05
242.049
242.048
242.048
242.047
242.047
242.048
242.049
242.051
242.053
242.055
242.056
242.058
242.058
242.057
242.057
242.055
242.054
242.054
242.054
242.055
242.056
242.058
242.059
242.06
242.06
242.059
242.059
242.058
242.057
242.056
242.055
242.054
242.053
242.053
242.052
242.053
242.054
242.057
242.06
242.066
242.074
242.088
242.113
242.159
242.246
242.411
242.72
243.28
244.267
245.948
248.714
253.098
259.784
269.58
283.336
301.753
325.028
352.258
380.676
405.39
421.471
428.247
429.489
429.489
429.426
429.292
429.029
428.626
428.141
427.699
427.433
427.33
427.289
427.288
427.297
427.314
427.34
427.382
427.445
427.531
427.614
427.683
427.743
427.785
427.8
427.799
427.785
427.748
427.693
427.639
427.602
427.572
427.558
427.559
427.575
427.603
427.623
427.639
427.657
427.671
427.674
427.672
427.671
427.678
427.686
427.692
427.699
427.705
427.706
427.699
427.682
427.665
427.646
427.626
427.61
427.606
427.608
427.616
427.632
427.654
427.675
427.689
427.698
427.704
427.689
427.615
427.273
426.749
426.411
426.305
426.324
426.493
426.54
426.602
426.665
426.738
426.842
426.958
427.032
427.03
426.982
426.855
426.672
426.485
426.299
425.925
424.383
415.523
378.245
312.894
293.461
293.001
293
293
293
293
293
293
293
293
293
293
293
293
293
293
293
293
293
293
293
293
293
293
293
293
293
293
293
293
293
293
293
293
293
293
293
293
293
293
293
293
293
293
293
293
293
293
293
293
293
293
293
293
293
293
293
293
293
293
293
293
293
293
293
293
293
293
293
293
293
293
293
293
293
293
293
293
293
293
293
293
293
293
293
293
293
293
293
293
293
293
293
293
293
293
293
293
293
293
293
293
293
293
293
293
293
293
293
293
293
293
293
293
293
293
293
293
293
293
293
293
293
293
293
293
293
293
293
293
293
293
293
293
293
293
293
293
293
293
293
293
293
293
293
293
293
293
293
293
293
293
293
293
293
293
293
293
293
293
293
293
293
293
293
293
293
293
293
293
293
293
293
293
293
293
293
293
293
293
293
293
293
293
293
293
293
293
293
293
293
293
293
293
293
293
293
293
293
293
293
293
293
293
293
293
293
293
293
293
293
293
293
293
293
293
293
293
293
293
293
293
293
293
293
293
293
293
293
293
293
293
293
293
293
293
293
293
293
293
293
293
293
293
293
293
293
293
293
293
293
293
293
293
293
293
293
293
233.19
233.19
233.19
233.19
233.19
233.19
233.195
233.305
235.284
240.847
241.943
241.934
241.928
241.932
241.944
241.953
241.957
241.962
241.971
241.984
241.996
242.004
242.013
242.023
242.033
242.038
242.042
242.047
242.052
242.057
242.059
242.06
242.061
242.063
242.065
242.066
242.069
242.072
242.074
242.074
242.073
242.07
242.067
242.064
242.061
242.058
242.055
242.053
242.052
242.052
242.052
242.051
242.051
242.051
242.051
242.05
242.049
242.048
242.048
242.047
242.047
242.048
242.049
242.051
242.053
242.055
242.056
242.058
242.058
242.057
242.057
242.055
242.054
242.054
242.054
242.055
242.056
242.058
242.059
242.06
242.06
242.059
242.059
242.058
242.057
242.056
242.055
242.054
242.053
242.053
242.052
242.053
242.054
242.057
242.06
242.066
242.074
242.088
242.113
242.159
242.246
242.411
242.72
243.28
244.267
245.948
248.714
253.098
259.784
269.58
283.336
301.753
325.028
352.258
380.676
405.39
421.471
428.247
429.489
429.489
429.426
429.292
429.029
428.626
428.141
427.699
427.433
427.33
427.289
427.288
427.297
427.314
427.34
427.382
427.445
427.531
427.614
427.683
427.743
427.785
427.8
427.799
427.785
427.748
427.693
427.639
427.602
427.572
427.558
427.559
427.575
427.603
427.623
427.639
427.657
427.671
427.674
427.672
427.671
427.678
427.686
427.692
427.699
427.705
427.706
427.699
427.682
427.665
427.646
427.626
427.61
427.606
427.608
427.616
427.632
427.654
427.675
427.689
427.697
427.704
427.694
427.639
427.359
426.84
426.456
426.321
426.314
426.427
426.477
426.529
426.574
426.618
426.681
426.753
426.806
426.809
426.781
426.694
426.569
426.428
426.247
425.85
424.257
415.376
378.196
312.944
293.465
293.001
293
293
293
293
293
293
293
293
293
293
293
293
293
293
293
293
293
293
293
293
293
293
293
293
293
293
293
293
293
293
293
293
293
293
293
293
293
293
293
293
293
293
293
293
293
293
293
293
293
293
293
293
293
293
293
293
293
293
293
293
293
293
293
293
293
293
293
293
293
293
293
293
293
293
293
293
293
293
293
293
293
293
293
293
293
293
293
293
293
293
293
293
293
293
293
293
293
293
293
293
293
293
293
293
293
293
293
293
293
293
293
293
293
293
293
293
293
293
293
293
293
293
293
293
293
293
293
293
293
293
293
293
293
293
293
293
293
293
293
293
293
293
293
293
293
293
293
293
293
293
293
293
293
293
293
293
293
293
293
293
293
293
293
293
293
293
293
293
293
293
293
293
293
293
293
293
293
293
293
293
293
293
293
293
293
293
293
293
293
293
293
293
293
293
293
293
293
293
293
293
293
293
293
293
293
293
293
293
293
293
293
293
293
293
293
293
293
293
293
293
293
293
293
293
293
293
293
293
293
293
293
293
293
293
293
293
293
293
293
293
293
293
293
293
293
293
293
293
293
293
293
293
293
293
293
293
233.19
233.19
233.19
233.19
233.19
233.19
233.195
233.305
235.284
240.847
241.943
241.934
241.928
241.932
241.944
241.953
241.957
241.962
241.971
241.984
241.996
242.004
242.013
242.023
242.033
242.038
242.042
242.047
242.052
242.057
242.059
242.06
242.061
242.063
242.065
242.066
242.069
242.072
242.074
242.074
242.073
242.07
242.067
242.064
242.061
242.058
242.055
242.053
242.052
242.052
242.052
242.051
242.051
242.051
242.051
242.05
242.049
242.048
242.048
242.047
242.047
242.048
242.049
242.051
242.053
242.055
242.056
242.058
242.058
242.057
242.057
242.055
242.054
242.054
242.054
242.055
242.056
242.058
242.059
242.06
242.06
242.059
242.059
242.058
242.057
242.056
242.055
242.054
242.053
242.053
242.052
242.053
242.054
242.057
242.06
242.066
242.074
242.088
242.113
242.159
242.246
242.411
242.72
243.28
244.267
245.948
248.714
253.098
259.784
269.58
283.336
301.753
325.028
352.258
380.676
405.39
421.471
428.247
429.489
429.489
429.426
429.292
429.029
428.626
428.141
427.699
427.433
427.33
427.289
427.288
427.297
427.314
427.34
427.382
427.445
427.531
427.614
427.683
427.743
427.785
427.8
427.799
427.785
427.748
427.693
427.639
427.602
427.572
427.558
427.559
427.575
427.603
427.623
427.639
427.657
427.671
427.674
427.672
427.671
427.678
427.686
427.692
427.699
427.705
427.706
427.699
427.682
427.665
427.646
427.626
427.61
427.606
427.608
427.616
427.632
427.654
427.675
427.689
427.697
427.703
427.698
427.658
427.447
426.95
426.5
426.296
426.252
426.324
426.37
426.414
426.451
426.481
426.522
426.57
426.613
426.627
426.612
426.56
426.464
426.337
426.159
425.725
424.042
415.1
378.054
312.991
293.47
293.001
293
293
293
293
293
293
293
293
293
293
293
293
293
293
293
293
293
293
293
293
293
293
293
293
293
293
293
293
293
293
293
293
293
293
293
293
293
293
293
293
293
293
293
293
293
293
293
293
293
293
293
293
293
293
293
293
293
293
293
293
293
293
293
293
293
293
293
293
293
293
293
293
293
293
293
293
293
293
293
293
293
293
293
293
293
293
293
293
293
293
293
293
293
293
293
293
293
293
293
293
293
293
293
293
293
293
293
293
293
293
293
293
293
293
293
293
293
293
293
293
293
293
293
293
293
293
293
293
293
293
293
293
293
293
293
293
293
293
293
293
293
293
293
293
293
293
293
293
293
293
293
293
293
293
293
293
293
293
293
293
293
293
293
293
293
293
293
293
293
293
293
293
293
293
293
293
293
293
293
293
293
293
293
293
293
293
293
293
293
293
293
293
293
293
293
293
293
293
293
293
293
293
293
293
293
293
293
293
293
293
293
293
293
293
293
293
293
293
293
293
293
293
293
293
293
293
293
293
293
293
293
293
293
293
293
293
293
293
293
293
293
293
293
293
293
293
293
293
293
293
293
293
293
293
293
293
233.19
233.19
233.19
233.19
233.19
233.19
233.195
233.305
235.284
240.847
241.943
241.934
241.928
241.932
241.944
241.953
241.957
241.962
241.971
241.984
241.996
242.004
242.013
242.023
242.033
242.038
242.042
242.047
242.052
242.057
242.059
242.06
242.061
242.063
242.065
242.066
242.069
242.072
242.074
242.074
242.073
242.07
242.067
242.064
242.061
242.058
242.055
242.053
242.052
242.052
242.052
242.051
242.051
242.051
242.051
242.05
242.049
242.048
242.048
242.047
242.047
242.048
242.049
242.051
242.053
242.055
242.056
242.058
242.058
242.057
242.057
242.055
242.054
242.054
242.054
242.055
242.056
242.058
242.059
242.06
242.06
242.059
242.059
242.058
242.057
242.056
242.055
242.054
242.053
242.053
242.052
242.053
242.054
242.057
242.06
242.066
242.074
242.088
242.113
242.159
242.246
242.411
242.72
243.28
244.267
245.948
248.714
253.098
259.784
269.58
283.336
301.753
325.028
352.258
380.676
405.39
421.471
428.247
429.489
429.489
429.426
429.292
429.029
428.626
428.141
427.699
427.433
427.33
427.289
427.288
427.297
427.314
427.34
427.382
427.445
427.531
427.614
427.683
427.743
427.785
427.8
427.799
427.785
427.748
427.693
427.639
427.602
427.572
427.558
427.559
427.575
427.603
427.623
427.639
427.657
427.671
427.674
427.672
427.671
427.678
427.686
427.692
427.699
427.705
427.706
427.699
427.682
427.665
427.646
427.626
427.61
427.606
427.608
427.616
427.632
427.654
427.675
427.689
427.696
427.702
427.701
427.673
427.531
427.087
426.554
426.23
426.129
426.153
426.201
426.263
426.341
426.408
426.469
426.522
426.569
426.598
426.589
426.554
426.469
426.319
426.095
425.581
423.761
414.693
377.793
313.033
293.476
293.001
293
293
293
293
293
293
293
293
293
293
293
293
293
293
293
293
293
293
293
293
293
293
293
293
293
293
293
293
293
293
293
293
293
293
293
293
293
293
293
293
293
293
293
293
293
293
293
293
293
293
293
293
293
293
293
293
293
293
293
293
293
293
293
293
293
293
293
293
293
293
293
293
293
293
293
293
293
293
293
293
293
293
293
293
293
293
293
293
293
293
293
293
293
293
293
293
293
293
293
293
293
293
293
293
293
293
293
293
293
293
293
293
293
293
293
293
293
293
293
293
293
293
293
293
293
293
293
293
293
293
293
293
293
293
293
293
293
293
293
293
293
293
293
293
293
293
293
293
293
293
293
293
293
293
293
293
293
293
293
293
293
293
293
293
293
293
293
293
293
293
293
293
293
293
293
293
293
293
293
293
293
293
293
293
293
293
293
293
293
293
293
293
293
293
293
293
293
293
293
293
293
293
293
293
293
293
293
293
293
293
293
293
293
293
293
293
293
293
293
293
293
293
293
293
293
293
293
293
293
293
293
293
293
293
293
293
293
293
293
293
293
293
293
293
293
293
293
293
293
293
293
293
293
293
293
293
233.19
233.19
233.19
233.19
233.19
233.19
233.195
233.305
235.284
240.847
241.943
241.934
241.928
241.932
241.944
241.953
241.957
241.962
241.971
241.984
241.996
242.004
242.013
242.023
242.033
242.038
242.042
242.047
242.052
242.057
242.059
242.06
242.061
242.063
242.065
242.066
242.069
242.072
242.074
242.074
242.073
242.07
242.067
242.064
242.061
242.058
242.055
242.053
242.052
242.052
242.052
242.051
242.051
242.051
242.051
242.05
242.049
242.048
242.048
242.047
242.047
242.048
242.049
242.051
242.053
242.055
242.056
242.058
242.058
242.057
242.057
242.055
242.054
242.054
242.054
242.055
242.056
242.058
242.059
242.06
242.06
242.059
242.059
242.058
242.057
242.056
242.055
242.054
242.053
242.053
242.052
242.053
242.054
242.057
242.06
242.066
242.074
242.088
242.113
242.159
242.246
242.411
242.72
243.28
244.267
245.948
248.714
253.098
259.784
269.58
283.336
301.753
325.028
352.258
380.676
405.39
421.471
428.247
429.489
429.489
429.426
429.292
429.029
428.626
428.141
427.699
427.433
427.33
427.289
427.288
427.297
427.314
427.34
427.382
427.445
427.531
427.614
427.683
427.743
427.785
427.8
427.799
427.785
427.748
427.693
427.639
427.602
427.572
427.558
427.559
427.575
427.603
427.623
427.639
427.657
427.671
427.674
427.672
427.671
427.678
427.686
427.692
427.699
427.705
427.706
427.699
427.682
427.665
427.646
427.626
427.61
427.606
427.608
427.616
427.632
427.654
427.675
427.689
427.696
427.701
427.701
427.683
427.599
427.243
426.643
426.136
425.919
425.89
425.965
426.115
426.298
426.448
426.554
426.631
426.696
426.741
426.74
426.711
426.62
426.436
426.137
425.512
423.49
414.206
377.419
313.071
293.485
293.001
293
293
293
293
293
293
293
293
293
293
293
293
293
293
293
293
293
293
293
293
293
293
293
293
293
293
293
293
293
293
293
293
293
293
293
293
293
293
293
293
293
293
293
293
293
293
293
293
293
293
293
293
293
293
293
293
293
293
293
293
293
293
293
293
293
293
293
293
293
293
293
293
293
293
293
293
293
293
293
293
293
293
293
293
293
293
293
293
293
293
293
293
293
293
293
293
293
293
293
293
293
293
293
293
293
293
293
293
293
293
293
293
293
293
293
293
293
293
293
293
293
293
293
293
293
293
293
293
293
293
293
293
293
293
293
293
293
293
293
293
293
293
293
293
293
293
293
293
293
293
293
293
293
293
293
293
293
293
293
293
293
293
293
293
293
293
293
293
293
293
293
293
293
293
293
293
293
293
293
293
293
293
293
293
293
293
293
293
293
293
293
293
293
293
293
293
293
293
293
293
293
293
293
293
293
293
293
293
293
293
293
293
293
293
293
293
293
293
293
293
293
293
293
293
293
293
293
293
293
293
293
293
293
293
293
293
293
293
293
293
293
293
293
293
293
293
293
293
293
293
293
293
293
293
293
293
233.19
233.19
233.19
233.19
233.19
233.19
233.195
233.305
235.284
240.847
241.943
241.934
241.928
241.932
241.944
241.953
241.957
241.962
241.971
241.984
241.996
242.004
242.013
242.023
242.033
242.038
242.042
242.047
242.052
242.057
242.059
242.06
242.061
242.063
242.065
242.066
242.069
242.072
242.074
242.074
242.073
242.07
242.067
242.064
242.061
242.058
242.055
242.053
242.052
242.052
242.052
242.051
242.051
242.051
242.051
242.05
242.049
242.048
242.048
242.047
242.047
242.048
242.049
242.051
242.053
242.055
242.056
242.058
242.058
242.057
242.057
242.055
242.054
242.054
242.054
242.055
242.056
242.058
242.059
242.06
242.06
242.059
242.059
242.058
242.057
242.056
242.055
242.054
242.053
242.053
242.052
242.053
242.054
242.057
242.06
242.066
242.074
242.088
242.113
242.159
242.246
242.411
242.72
243.28
244.267
245.948
248.714
253.098
259.784
269.58
283.336
301.753
325.028
352.258
380.676
405.39
421.471
428.247
429.489
429.489
429.426
429.292
429.029
428.626
428.141
427.699
427.433
427.33
427.289
427.288
427.297
427.314
427.34
427.382
427.445
427.531
427.614
427.683
427.743
427.785
427.8
427.799
427.785
427.748
427.693
427.639
427.602
427.572
427.558
427.559
427.575
427.603
427.623
427.639
427.657
427.671
427.674
427.672
427.671
427.678
427.686
427.692
427.699
427.705
427.706
427.699
427.682
427.665
427.646
427.626
427.61
427.606
427.608
427.616
427.632
427.654
427.676
427.689
427.696
427.7
427.701
427.69
427.644
427.392
426.766
426.04
425.637
425.572
425.717
425.968
426.258
426.483
426.656
426.787
426.886
426.947
426.946
426.91
426.799
426.568
426.174
425.411
423.197
413.701
377.02
313.115
293.495
293.001
293
293
293
293
293
293
293
293
293
293
293
293
293
293
293
293
293
293
293
293
293
293
293
293
293
293
293
293
293
293
293
293
293
293
293
293
293
293
293
293
293
293
293
293
293
293
293
293
293
293
293
293
293
293
293
293
293
293
293
293
293
293
293
293
293
293
293
293
293
293
293
293
293
293
293
293
293
293
293
293
293
293
293
293
293
293
293
293
293
293
293
293
293
293
293
293
293
293
293
293
293
293
293
293
293
293
293
293
293
293
293
293
293
293
293
293
293
293
293
293
293
293
293
293
293
293
293
293
293
293
293
293
293
293
293
293
293
293
293
293
293
293
293
293
293
293
293
293
293
293
293
293
293
293
293
293
293
293
293
293
293
293
293
293
293
293
293
293
293
293
293
293
293
293
293
293
293
293
293
293
293
293
293
293
293
293
293
293
293
293
293
293
293
293
293
293
293
293
293
293
293
293
293
293
293
293
293
293
293
293
293
293
293
293
293
293
293
293
293
293
293
293
293
293
293
293
293
293
293
293
293
293
293
293
293
293
293
293
293
293
293
293
293
293
293
293
293
293
293
293
293
293
293
293
293
293
233.19
233.19
233.19
233.19
233.19
233.19
233.195
233.305
235.284
240.847
241.943
241.934
241.928
241.932
241.944
241.953
241.957
241.962
241.971
241.984
241.996
242.004
242.013
242.023
242.033
242.038
242.042
242.047
242.052
242.057
242.059
242.06
242.061
242.063
242.065
242.066
242.069
242.072
242.074
242.074
242.073
242.07
242.067
242.064
242.061
242.058
242.055
242.053
242.052
242.052
242.052
242.051
242.051
242.051
242.051
242.05
242.049
242.048
242.048
242.047
242.047
242.048
242.049
242.051
242.053
242.055
242.056
242.058
242.058
242.057
242.057
242.055
242.054
242.054
242.054
242.055
242.056
242.058
242.059
242.06
242.06
242.059
242.059
242.058
242.057
242.056
242.055
242.054
242.053
242.053
242.052
242.053
242.054
242.057
242.06
242.066
242.074
242.088
242.113
242.159
242.246
242.411
242.72
243.28
244.267
245.948
248.714
253.098
259.784
269.58
283.336
301.753
325.028
352.258
380.676
405.39
421.471
428.247
429.489
429.489
429.426
429.292
429.029
428.626
428.141
427.699
427.433
427.33
427.289
427.288
427.297
427.314
427.34
427.382
427.445
427.531
427.614
427.683
427.743
427.785
427.8
427.799
427.785
427.748
427.693
427.639
427.602
427.572
427.558
427.559
427.575
427.603
427.623
427.639
427.657
427.671
427.674
427.672
427.671
427.678
427.686
427.692
427.699
427.705
427.706
427.699
427.682
427.665
427.646
427.626
427.61
427.606
427.608
427.616
427.632
427.654
427.676
427.689
427.696
427.7
427.7
427.694
427.668
427.506
426.884
425.941
425.373
425.305
425.548
425.942
426.304
426.573
426.784
426.958
427.09
427.155
427.142
427.077
426.921
426.632
426.168
425.356
423.051
413.377
376.719
313.142
293.503
293.001
293
293
293
293
293
293
293
293
293
293
293
293
293
293
293
293
293
293
293
293
293
293
293
293
293
293
293
293
293
293
293
293
293
293
293
293
293
293
293
293
293
293
293
293
293
293
293
293
293
293
293
293
293
293
293
293
293
293
293
293
293
293
293
293
293
293
293
293
293
293
293
293
293
293
293
293
293
293
293
293
293
293
293
293
293
293
293
293
293
293
293
293
293
293
293
293
293
293
293
293
293
293
293
293
293
293
293
293
293
293
293
293
293
293
293
293
293
293
293
293
293
293
293
293
293
293
293
293
293
293
293
293
293
293
293
293
293
293
293
293
293
293
293
293
293
293
293
293
293
293
293
293
293
293
293
293
293
293
293
293
293
293
293
293
293
293
293
293
293
293
293
293
293
293
293
293
293
293
293
293
293
293
293
293
293
293
293
293
293
293
293
293
293
293
293
293
293
293
293
293
293
293
293
293
293
293
293
293
293
293
293
293
293
293
293
293
293
293
293
293
293
293
293
293
293
293
293
293
293
293
293
293
293
293
293
293
293
293
293
293
293
293
293
293
293
293
293
293
293
293
293
293
293
293
293
293
233.19
233.19
233.19
233.19
233.19
233.19
233.195
233.305
235.284
240.847
241.943
241.934
241.928
241.932
241.944
241.953
241.957
241.962
241.971
241.984
241.996
242.004
242.013
242.023
242.033
242.038
242.042
242.047
242.052
242.057
242.059
242.06
242.061
242.063
242.065
242.066
242.069
242.072
242.074
242.074
242.073
242.07
242.067
242.064
242.061
242.058
242.055
242.053
242.052
242.052
242.052
242.051
242.051
242.051
242.051
242.05
242.049
242.048
242.048
242.047
242.047
242.048
242.049
242.051
242.053
242.055
242.056
242.058
242.058
242.057
242.057
242.055
242.054
242.054
242.054
242.055
242.056
242.058
242.059
242.06
242.06
242.059
242.059
242.058
242.057
242.056
242.055
242.054
242.053
242.053
242.052
242.053
242.054
242.057
242.06
242.066
242.074
242.088
242.113
242.159
242.246
242.411
242.72
243.28
244.267
245.948
248.714
253.098
259.784
269.58
283.336
301.753
325.028
352.258
380.676
405.39
421.471
428.247
429.489
429.489
429.426
429.292
429.029
428.626
428.141
427.699
427.433
427.33
427.289
427.288
427.297
427.314
427.34
427.382
427.445
427.531
427.614
427.683
427.743
427.785
427.8
427.799
427.785
427.748
427.693
427.639
427.602
427.572
427.558
427.559
427.575
427.603
427.623
427.639
427.657
427.671
427.674
427.672
427.671
427.678
427.686
427.692
427.699
427.705
427.706
427.699
427.682
427.665
427.646
427.626
427.61
427.606
427.608
427.616
427.632
427.654
427.676
427.689
427.696
427.699
427.701
427.695
427.681
427.563
426.935
425.847
425.187
425.128
425.572
426.037
426.371
426.637
426.863
427.072
427.253
427.337
427.31
427.188
426.973
426.697
426.275
425.407
423.004
413.178
376.468
313.102
293.505
293.001
293
293
293
293
293
293
293
293
293
293
293
293
293
293
293
293
293
293
293
293
293
293
293
293
293
293
293
293
293
293
293
293
293
293
293
293
293
293
293
293
293
293
293
293
293
293
293
293
293
293
293
293
293
293
293
293
293
293
293
293
293
293
293
293
293
293
293
293
293
293
293
293
293
293
293
293
293
293
293
293
293
293
293
293
293
293
293
293
293
293
293
293
293
293
293
293
293
293
293
293
293
293
293
293
293
293
293
293
293
293
293
293
293
293
293
293
293
293
293
293
293
293
293
293
293
293
293
293
293
293
293
293
293
293
293
293
293
293
293
293
293
293
293
293
293
293
293
293
293
293
293
293
293
293
293
293
293
293
293
293
293
293
293
293
293
293
293
293
293
293
293
293
293
293
293
293
293
293
293
293
293
293
293
293
293
293
293
293
293
293
293
293
293
293
293
293
293
293
293
293
293
293
293
293
293
293
293
293
293
293
293
293
293
293
293
293
293
293
293
293
293
293
293
293
293
293
293
293
293
293
293
293
293
293
293
293
293
293
293
293
293
293
293
293
293
293
293
293
293
293
293
293
293
293
293
293
233.19
233.19
233.19
233.19
233.19
233.19
233.195
233.305
235.284
240.847
241.943
241.934
241.928
241.932
241.944
241.953
241.957
241.962
241.971
241.984
241.996
242.004
242.013
242.023
242.033
242.038
242.042
242.047
242.052
242.057
242.059
242.06
242.061
242.063
242.065
242.066
242.069
242.072
242.074
242.074
242.073
242.07
242.067
242.064
242.061
242.058
242.055
242.053
242.052
242.052
242.052
242.051
242.051
242.051
242.051
242.05
242.049
242.048
242.048
242.047
242.047
242.048
242.049
242.051
242.053
242.055
242.056
242.058
242.058
242.057
242.057
242.055
242.054
242.054
242.054
242.055
242.056
242.058
242.059
242.06
242.06
242.059
242.059
242.058
242.057
242.056
242.055
242.054
242.053
242.053
242.052
242.053
242.054
242.057
242.06
242.066
242.074
242.088
242.113
242.159
242.246
242.411
242.72
243.28
244.267
245.948
248.714
253.098
259.784
269.58
283.336
301.753
325.028
352.258
380.676
405.39
421.471
428.247
429.489
429.489
429.426
429.292
429.029
428.626
428.141
427.699
427.433
427.33
427.289
427.288
427.297
427.314
427.34
427.382
427.445
427.531
427.614
427.683
427.743
427.785
427.8
427.799
427.785
427.748
427.693
427.639
427.602
427.572
427.558
427.559
427.575
427.603
427.623
427.639
427.657
427.671
427.674
427.672
427.671
427.678
427.686
427.692
427.699
427.705
427.706
427.699
427.682
427.665
427.646
427.626
427.61
427.606
427.608
427.616
427.632
427.654
427.675
427.69
427.699
427.703
427.678
427.489
426.83
426.1
425.788
425.71
425.717
233.19
233.19
233.19
233.19
233.19
233.19
233.195
233.305
235.284
240.847
241.943
241.934
241.928
241.932
241.944
241.953
241.957
241.962
241.971
241.984
241.996
242.004
242.013
242.023
242.033
242.038
242.042
242.047
242.052
242.057
242.059
242.06
242.061
242.063
242.065
242.066
242.069
242.072
242.074
242.074
242.073
242.07
242.067
242.064
242.061
242.058
242.055
242.053
242.052
242.052
242.052
242.051
242.051
242.051
242.051
242.05
242.049
242.048
242.048
242.047
242.047
242.048
242.049
242.051
242.053
242.055
242.056
242.058
242.058
242.057
242.057
242.055
242.054
242.054
242.054
242.055
242.056
242.058
242.059
242.06
242.06
242.059
242.059
242.058
242.057
242.056
242.055
242.054
242.053
242.053
242.052
242.053
242.054
242.057
242.06
242.066
242.074
242.088
242.113
242.159
242.246
242.411
242.72
243.28
244.267
245.948
248.714
253.098
259.784
269.58
283.336
301.753
325.028
352.258
380.676
405.39
421.471
428.247
429.489
429.489
429.426
429.292
429.029
428.626
428.141
427.699
427.433
427.33
427.289
427.288
427.297
427.314
427.34
427.382
427.445
427.531
427.614
427.683
427.743
427.785
427.8
427.799
427.785
427.748
427.693
427.639
427.602
427.572
427.558
427.559
427.575
427.603
427.623
427.639
427.657
427.671
427.674
427.672
427.671
427.678
427.686
427.692
427.699
427.705
427.706
427.699
427.682
427.665
427.646
427.626
427.61
427.606
427.608
427.616
427.632
427.654
427.675
427.69
427.699
427.703
427.678
427.489
426.83
426.099
425.789
425.71
425.717
233.19
233.19
233.19
233.19
233.19
233.19
233.195
233.305
235.284
240.847
241.943
241.934
241.928
241.932
241.944
241.953
241.957
241.962
241.971
241.984
241.996
242.004
242.013
242.023
242.033
242.038
242.042
242.047
242.052
242.057
242.059
242.06
242.061
242.063
242.065
242.066
242.069
242.072
242.074
242.074
242.073
242.07
242.067
242.064
242.061
242.058
242.055
242.053
242.052
242.052
242.052
242.051
242.051
242.051
242.051
242.05
242.049
242.048
242.048
242.047
242.047
242.048
242.049
242.051
242.053
242.055
242.056
242.058
242.058
242.057
242.057
242.055
242.054
242.054
242.054
242.055
242.056
242.058
242.059
242.06
242.06
242.059
242.059
242.058
242.057
242.056
242.055
242.054
242.053
242.053
242.052
242.053
242.054
242.057
242.06
242.066
242.074
242.088
242.113
242.159
242.246
242.411
242.72
243.28
244.267
245.948
248.714
253.098
259.784
269.58
283.336
301.753
325.028
352.258
380.676
405.39
421.471
428.247
429.489
429.489
429.426
429.292
429.029
428.626
428.141
427.699
427.433
427.33
427.289
427.288
427.297
427.314
427.34
427.382
427.445
427.531
427.614
427.683
427.743
427.785
427.8
427.799
427.785
427.748
427.693
427.639
427.602
427.572
427.558
427.559
427.575
427.603
427.623
427.639
427.657
427.671
427.674
427.672
427.671
427.678
427.686
427.692
427.699
427.705
427.706
427.699
427.682
427.665
427.646
427.626
427.61
427.606
427.608
427.616
427.632
427.654
427.675
427.69
427.699
427.703
427.678
427.489
426.83
426.098
425.789
425.711
425.721
233.19
233.19
233.19
233.19
233.19
233.19
233.195
233.305
235.284
240.847
241.943
241.934
241.928
241.932
241.944
241.953
241.957
241.962
241.971
241.984
241.996
242.004
242.013
242.023
242.033
242.038
242.042
242.047
242.052
242.057
242.059
242.06
242.061
242.063
242.065
242.066
242.069
242.072
242.074
242.074
242.073
242.07
242.067
242.064
242.061
242.058
242.055
242.053
242.052
242.052
242.052
242.051
242.051
242.051
242.051
242.05
242.049
242.048
242.048
242.047
242.047
242.048
242.049
242.051
242.053
242.055
242.056
242.058
242.058
242.057
242.057
242.055
242.054
242.054
242.054
242.055
242.056
242.058
242.059
242.06
242.06
242.059
242.059
242.058
242.057
242.056
242.055
242.054
242.053
242.053
242.052
242.053
242.054
242.057
242.06
242.066
242.074
242.088
242.113
242.159
242.246
242.411
242.72
243.28
244.267
245.948
248.714
253.098
259.784
269.58
283.336
301.753
325.028
352.258
380.676
405.39
421.471
428.247
429.489
429.489
429.426
429.292
429.029
428.626
428.141
427.699
427.433
427.33
427.289
427.288
427.297
427.314
427.34
427.382
427.445
427.531
427.614
427.683
427.743
427.785
427.8
427.799
427.785
427.748
427.693
427.639
427.602
427.572
427.558
427.559
427.575
427.603
427.623
427.639
427.657
427.671
427.674
427.672
427.671
427.678
427.686
427.692
427.699
427.705
427.706
427.699
427.682
427.665
427.646
427.626
427.61
427.606
427.608
427.616
427.632
427.654
427.675
427.69
427.699
427.703
427.678
427.489
426.829
426.097
425.792
425.717
425.736
233.19
233.19
233.19
233.19
233.19
233.19
233.195
233.305
235.284
240.847
241.943
241.934
241.928
241.932
241.944
241.953
241.957
241.962
241.971
241.984
241.996
242.004
242.013
242.023
242.033
242.038
242.042
242.047
242.052
242.057
242.059
242.06
242.061
242.063
242.065
242.066
242.069
242.072
242.074
242.074
242.073
242.07
242.067
242.064
242.061
242.058
242.055
242.053
242.052
242.052
242.052
242.051
242.051
242.051
242.051
242.05
242.049
242.048
242.048
242.047
242.047
242.048
242.049
242.051
242.053
242.055
242.056
242.058
242.058
242.057
242.057
242.055
242.054
242.054
242.054
242.055
242.056
242.058
242.059
242.06
242.06
242.059
242.059
242.058
242.057
242.056
242.055
242.054
242.053
242.053
242.052
242.053
242.054
242.057
242.06
242.066
242.074
242.088
242.113
242.159
242.246
242.411
242.72
243.28
244.267
245.948
248.714
253.098
259.784
269.58
283.336
301.753
325.028
352.258
380.676
405.39
421.471
428.247
429.489
429.489
429.426
429.292
429.029
428.626
428.141
427.699
427.433
427.33
427.289
427.288
427.297
427.314
427.34
427.382
427.445
427.531
427.614
427.683
427.743
427.785
427.8
427.799
427.785
427.748
427.693
427.639
427.602
427.572
427.558
427.559
427.575
427.603
427.623
427.639
427.657
427.671
427.674
427.672
427.671
427.678
427.686
427.692
427.699
427.705
427.706
427.699
427.682
427.665
427.646
427.626
427.61
427.606
427.608
427.616
427.632
427.654
427.675
427.69
427.699
427.703
427.678
427.488
426.827
426.098
425.802
425.732
425.765
233.19
233.19
233.19
233.19
233.19
233.19
233.195
233.305
235.284
240.847
241.943
241.934
241.928
241.932
241.944
241.953
241.957
241.962
241.971
241.984
241.996
242.004
242.013
242.023
242.033
242.038
242.042
242.047
242.052
242.057
242.059
242.06
242.061
242.063
242.065
242.066
242.069
242.072
242.074
242.074
242.073
242.07
242.067
242.064
242.061
242.058
242.055
242.053
242.052
242.052
242.052
242.051
242.051
242.051
242.051
242.05
242.049
242.048
242.048
242.047
242.047
242.048
242.049
242.051
242.053
242.055
242.056
242.058
242.058
242.057
242.057
242.055
242.054
242.054
242.054
242.055
242.056
242.058
242.059
242.06
242.06
242.059
242.059
242.058
242.057
242.056
242.055
242.054
242.053
242.053
242.052
242.053
242.054
242.057
242.06
242.066
242.074
242.088
242.113
242.159
242.246
242.411
242.72
243.28
244.267
245.948
248.714
253.098
259.784
269.58
283.336
301.753
325.028
352.258
380.676
405.39
421.471
428.247
429.489
429.489
429.426
429.292
429.029
428.626
428.141
427.699
427.433
427.33
427.289
427.288
427.297
427.314
427.34
427.382
427.445
427.531
427.614
427.683
427.743
427.785
427.8
427.799
427.785
427.748
427.693
427.639
427.602
427.572
427.558
427.559
427.575
427.603
427.623
427.639
427.657
427.671
427.674
427.672
427.671
427.678
427.686
427.692
427.699
427.705
427.706
427.699
427.682
427.665
427.646
427.626
427.61
427.606
427.608
427.616
427.632
427.654
427.675
427.69
427.699
427.703
427.678
427.487
426.825
426.102
425.827
425.759
425.802
233.19
233.19
233.19
233.19
233.19
233.19
233.195
233.305
235.284
240.847
241.943
241.934
241.928
241.932
241.944
241.953
241.957
241.962
241.971
241.984
241.996
242.004
242.013
242.023
242.033
242.038
242.042
242.047
242.052
242.057
242.059
242.06
242.061
242.063
242.065
242.066
242.069
242.072
242.074
242.074
242.073
242.07
242.067
242.064
242.061
242.058
242.055
242.053
242.052
242.052
242.052
242.051
242.051
242.051
242.051
242.05
242.049
242.048
242.048
242.047
242.047
242.048
242.049
242.051
242.053
242.055
242.056
242.058
242.058
242.057
242.057
242.055
242.054
242.054
242.054
242.055
242.056
242.058
242.059
242.06
242.06
242.059
242.059
242.058
242.057
242.056
242.055
242.054
242.053
242.053
242.052
242.053
242.054
242.057
242.06
242.066
242.074
242.088
242.113
242.159
242.246
242.411
242.72
243.28
244.267
245.948
248.714
253.098
259.784
269.58
283.336
301.753
325.028
352.258
380.676
405.39
421.471
428.247
429.489
429.489
429.426
429.292
429.029
428.626
428.141
427.699
427.433
427.33
427.289
427.288
427.297
427.314
427.34
427.382
427.445
427.531
427.614
427.683
427.743
427.785
427.8
427.799
427.785
427.748
427.693
427.639
427.602
427.572
427.558
427.559
427.575
427.603
427.623
427.639
427.657
427.671
427.674
427.672
427.671
427.678
427.686
427.692
427.699
427.705
427.706
427.699
427.682
427.665
427.646
427.626
427.61
427.606
427.608
427.616
427.632
427.654
427.675
427.69
427.699
427.703
427.677
427.485
426.825
426.117
425.865
425.798
425.844
233.19
233.19
233.19
233.19
233.19
233.19
233.195
233.305
235.284
240.847
241.943
241.934
241.928
241.932
241.944
241.953
241.957
241.962
241.971
241.984
241.996
242.004
242.013
242.023
242.033
242.038
242.042
242.047
242.052
242.057
242.059
242.06
242.061
242.063
242.065
242.066
242.069
242.072
242.074
242.074
242.073
242.07
242.067
242.064
242.061
242.058
242.055
242.053
242.052
242.052
242.052
242.051
242.051
242.051
242.051
242.05
242.049
242.048
242.048
242.047
242.047
242.048
242.049
242.051
242.053
242.055
242.056
242.058
242.058
242.057
242.057
242.055
242.054
242.054
242.054
242.055
242.056
242.058
242.059
242.06
242.06
242.059
242.059
242.058
242.057
242.056
242.055
242.054
242.053
242.053
242.052
242.053
242.054
242.057
242.06
242.066
242.074
242.088
242.113
242.159
242.246
242.411
242.72
243.28
244.267
245.948
248.714
253.098
259.784
269.58
283.336
301.753
325.028
352.258
380.676
405.39
421.471
428.247
429.489
429.489
429.426
429.292
429.029
428.626
428.141
427.699
427.433
427.33
427.289
427.288
427.297
427.314
427.34
427.382
427.445
427.531
427.614
427.683
427.743
427.785
427.8
427.799
427.785
427.748
427.693
427.639
427.602
427.572
427.558
427.559
427.575
427.603
427.623
427.639
427.657
427.671
427.674
427.672
427.671
427.678
427.686
427.692
427.699
427.705
427.706
427.699
427.682
427.665
427.646
427.626
427.61
427.606
427.608
427.616
427.632
427.654
427.675
427.69
427.699
427.703
427.677
427.484
426.831
426.146
425.91
425.844
425.886
233.19
233.19
233.19
233.19
233.19
233.19
233.195
233.305
235.284
240.847
241.943
241.934
241.928
241.932
241.944
241.953
241.957
241.962
241.971
241.984
241.996
242.004
242.013
242.023
242.033
242.038
242.042
242.047
242.052
242.057
242.059
242.06
242.061
242.063
242.065
242.066
242.069
242.072
242.074
242.074
242.073
242.07
242.067
242.064
242.061
242.058
242.055
242.053
242.052
242.052
242.052
242.051
242.051
242.051
242.051
242.05
242.049
242.048
242.048
242.047
242.047
242.048
242.049
242.051
242.053
242.055
242.056
242.058
242.058
242.057
242.057
242.055
242.054
242.054
242.054
242.055
242.056
242.058
242.059
242.06
242.06
242.059
242.059
242.058
242.057
242.056
242.055
242.054
242.053
242.053
242.052
242.053
242.054
242.057
242.06
242.066
242.074
242.088
242.113
242.159
242.246
242.411
242.72
243.28
244.267
245.948
248.714
253.098
259.784
269.58
283.336
301.753
325.028
352.258
380.676
405.39
421.471
428.247
429.489
429.489
429.426
429.292
429.029
428.626
428.141
427.699
427.433
427.33
427.289
427.288
427.297
427.314
427.34
427.382
427.445
427.531
427.614
427.683
427.743
427.785
427.8
427.799
427.785
427.748
427.693
427.639
427.602
427.572
427.558
427.559
427.575
427.603
427.623
427.639
427.657
427.671
427.674
427.672
427.671
427.678
427.686
427.692
427.699
427.705
427.706
427.699
427.682
427.665
427.646
427.626
427.61
427.606
427.608
427.616
427.632
427.654
427.675
427.69
427.699
427.703
427.677
427.484
426.846
426.19
425.957
425.892
425.924
233.19
233.19
233.19
233.19
233.19
233.19
233.195
233.305
235.284
240.847
241.943
241.934
241.928
241.932
241.944
241.953
241.957
241.962
241.971
241.984
241.996
242.004
242.013
242.023
242.033
242.038
242.042
242.047
242.052
242.057
242.059
242.06
242.061
242.063
242.065
242.066
242.069
242.072
242.074
242.074
242.073
242.07
242.067
242.064
242.061
242.058
242.055
242.053
242.052
242.052
242.052
242.051
242.051
242.051
242.051
242.05
242.049
242.048
242.048
242.047
242.047
242.048
242.049
242.051
242.053
242.055
242.056
242.058
242.058
242.057
242.057
242.055
242.054
242.054
242.054
242.055
242.056
242.058
242.059
242.06
242.06
242.059
242.059
242.058
242.057
242.056
242.055
242.054
242.053
242.053
242.052
242.053
242.054
242.057
242.06
242.066
242.074
242.088
242.113
242.159
242.246
242.411
242.72
243.28
244.267
245.948
248.714
253.098
259.784
269.58
283.336
301.753
325.028
352.258
380.676
405.39
421.471
428.247
429.489
429.489
429.426
429.292
429.029
428.626
428.141
427.699
427.433
427.33
427.289
427.288
427.297
427.314
427.34
427.382
427.445
427.531
427.614
427.683
427.743
427.785
427.8
427.799
427.785
427.748
427.693
427.639
427.602
427.572
427.558
427.559
427.575
427.603
427.623
427.639
427.657
427.671
427.674
427.672
427.671
427.678
427.686
427.692
427.699
427.705
427.706
427.699
427.682
427.665
427.646
427.626
427.61
427.606
427.608
427.616
427.632
427.654
427.675
427.69
427.699
427.703
427.677
427.487
426.871
426.243
426.007
425.938
425.959
233.19
233.19
233.19
233.19
233.19
233.19
233.195
233.305
235.284
240.847
241.943
241.934
241.928
241.932
241.944
241.953
241.957
241.962
241.971
241.984
241.996
242.004
242.013
242.023
242.033
242.038
242.042
242.047
242.052
242.057
242.059
242.06
242.061
242.063
242.065
242.066
242.069
242.072
242.074
242.074
242.073
242.07
242.067
242.064
242.061
242.058
242.055
242.053
242.052
242.052
242.052
242.051
242.051
242.051
242.051
242.05
242.049
242.048
242.048
242.047
242.047
242.048
242.049
242.051
242.053
242.055
242.056
242.058
242.058
242.057
242.057
242.055
242.054
242.054
242.054
242.055
242.056
242.058
242.059
242.06
242.06
242.059
242.059
242.058
242.057
242.056
242.055
242.054
242.053
242.053
242.052
242.053
242.054
242.057
242.06
242.066
242.074
242.088
242.113
242.159
242.246
242.411
242.72
243.28
244.267
245.948
248.714
253.098
259.784
269.58
283.336
301.753
325.028
352.258
380.676
405.39
421.471
428.247
429.489
429.489
429.426
429.292
429.029
428.626
428.141
427.699
427.433
427.33
427.289
427.288
427.297
427.314
427.34
427.382
427.445
427.531
427.614
427.683
427.743
427.785
427.8
427.799
427.785
427.748
427.693
427.639
427.602
427.572
427.558
427.559
427.575
427.603
427.623
427.639
427.657
427.671
427.674
427.672
427.671
427.678
427.686
427.692
427.699
427.705
427.706
427.699
427.682
427.665
427.646
427.626
427.61
427.606
427.608
427.616
427.632
427.654
427.675
427.69
427.699
427.703
427.677
427.494
426.906
426.303
426.059
425.983
425.994
233.19
233.19
233.19
233.19
233.19
233.19
233.195
233.305
235.284
240.847
241.943
241.934
241.928
241.932
241.944
241.953
241.957
241.962
241.971
241.984
241.996
242.004
242.013
242.023
242.033
242.038
242.042
242.047
242.052
242.057
242.059
242.06
242.061
242.063
242.065
242.066
242.069
242.072
242.074
242.074
242.073
242.07
242.067
242.064
242.061
242.058
242.055
242.053
242.052
242.052
242.052
242.051
242.051
242.051
242.051
242.05
242.049
242.048
242.048
242.047
242.047
242.048
242.049
242.051
242.053
242.055
242.056
242.058
242.058
242.057
242.057
242.055
242.054
242.054
242.054
242.055
242.056
242.058
242.059
242.06
242.06
242.059
242.059
242.058
242.057
242.056
242.055
242.054
242.053
242.053
242.052
242.053
242.054
242.057
242.06
242.066
242.074
242.088
242.113
242.159
242.246
242.411
242.72
243.28
244.267
245.948
248.714
253.098
259.784
269.58
283.336
301.753
325.028
352.258
380.676
405.39
421.471
428.247
429.489
429.489
429.426
429.292
429.029
428.626
428.141
427.699
427.433
427.33
427.289
427.288
427.297
427.314
427.34
427.382
427.445
427.531
427.614
427.683
427.743
427.785
427.8
427.799
427.785
427.748
427.693
427.639
427.602
427.572
427.558
427.559
427.575
427.603
427.623
427.639
427.657
427.671
427.674
427.672
427.671
427.678
427.686
427.692
427.699
427.705
427.706
427.699
427.682
427.665
427.646
427.626
427.61
427.606
427.608
427.616
427.632
427.654
427.675
427.69
427.699
427.703
427.678
427.506
426.949
426.366
426.116
426.029
426.034
233.19
233.19
233.19
233.19
233.19
233.19
233.195
233.305
235.284
240.847
241.943
241.934
241.928
241.932
241.944
241.953
241.957
241.962
241.971
241.984
241.996
242.004
242.013
242.023
242.033
242.038
242.042
242.047
242.052
242.057
242.059
242.06
242.061
242.063
242.065
242.066
242.069
242.072
242.074
242.074
242.073
242.07
242.067
242.064
242.061
242.058
242.055
242.053
242.052
242.052
242.052
242.051
242.051
242.051
242.051
242.05
242.049
242.048
242.048
242.047
242.047
242.048
242.049
242.051
242.053
242.055
242.056
242.058
242.058
242.057
242.057
242.055
242.054
242.054
242.054
242.055
242.056
242.058
242.059
242.06
242.06
242.059
242.059
242.058
242.057
242.056
242.055
242.054
242.053
242.053
242.052
242.053
242.054
242.057
242.06
242.066
242.074
242.088
242.113
242.159
242.246
242.411
242.72
243.28
244.267
245.948
248.714
253.098
259.784
269.58
283.336
301.753
325.028
352.258
380.676
405.39
421.471
428.247
429.489
429.489
429.426
429.292
429.029
428.626
428.141
427.699
427.433
427.33
427.289
427.288
427.297
427.314
427.34
427.382
427.445
427.531
427.614
427.683
427.743
427.785
427.8
427.799
427.785
427.748
427.693
427.639
427.602
427.572
427.558
427.559
427.575
427.603
427.623
427.639
427.657
427.671
427.674
427.672
427.671
427.678
427.686
427.692
427.699
427.705
427.706
427.699
427.682
427.665
427.646
427.626
427.61
427.606
427.608
427.616
427.632
427.654
427.675
427.689
427.699
427.703
427.679
427.522
427
426.433
426.176
426.081
426.082
233.19
233.19
233.19
233.19
233.19
233.19
233.195
233.305
235.284
240.847
241.943
241.934
241.928
241.932
241.944
241.953
241.957
241.962
241.971
241.984
241.996
242.004
242.013
242.023
242.033
242.038
242.042
242.047
242.052
242.057
242.059
242.06
242.061
242.063
242.065
242.066
242.069
242.072
242.074
242.074
242.073
242.07
242.067
242.064
242.061
242.058
242.055
242.053
242.052
242.052
242.052
242.051
242.051
242.051
242.051
242.05
242.049
242.048
242.048
242.047
242.047
242.048
242.049
242.051
242.053
242.055
242.056
242.058
242.058
242.057
242.057
242.055
242.054
242.054
242.054
242.055
242.056
242.058
242.059
242.06
242.06
242.059
242.059
242.058
242.057
242.056
242.055
242.054
242.053
242.053
242.052
242.053
242.054
242.057
242.06
242.066
242.074
242.088
242.113
242.159
242.246
242.411
242.72
243.28
244.267
245.948
248.714
253.098
259.784
269.58
283.336
301.753
325.028
352.258
380.676
405.39
421.471
428.247
429.489
429.489
429.426
429.292
429.029
428.626
428.141
427.699
427.433
427.33
427.289
427.288
427.297
427.314
427.34
427.382
427.445
427.531
427.614
427.683
427.743
427.785
427.8
427.799
427.785
427.748
427.693
427.639
427.602
427.572
427.558
427.559
427.575
427.603
427.623
427.639
427.657
427.671
427.674
427.672
427.671
427.678
427.686
427.692
427.699
427.705
427.706
427.699
427.682
427.665
427.646
427.626
427.61
427.606
427.608
427.616
427.632
427.654
427.675
427.689
427.698
427.703
427.681
427.541
427.057
426.505
426.238
426.142
426.139
233.19
233.19
233.19
233.19
233.19
233.19
233.195
233.305
235.284
240.847
241.943
241.934
241.928
241.932
241.944
241.953
241.957
241.962
241.971
241.984
241.996
242.004
242.013
242.023
242.033
242.038
242.042
242.047
242.052
242.057
242.059
242.06
242.061
242.063
242.065
242.066
242.069
242.072
242.074
242.074
242.073
242.07
242.067
242.064
242.061
242.058
242.055
242.053
242.052
242.052
242.052
242.051
242.051
242.051
242.051
242.05
242.049
242.048
242.048
242.047
242.047
242.048
242.049
242.051
242.053
242.055
242.056
242.058
242.058
242.057
242.057
242.055
242.054
242.054
242.054
242.055
242.056
242.058
242.059
242.06
242.06
242.059
242.059
242.058
242.057
242.056
242.055
242.054
242.053
242.053
242.052
242.053
242.054
242.057
242.06
242.066
242.074
242.088
242.113
242.159
242.246
242.411
242.72
243.28
244.267
245.948
248.714
253.098
259.784
269.58
283.336
301.753
325.028
352.258
380.676
405.39
421.471
428.247
429.489
429.489
429.426
429.292
429.029
428.626
428.141
427.699
427.433
427.33
427.289
427.288
427.297
427.314
427.34
427.382
427.445
427.531
427.614
427.683
427.743
427.785
427.8
427.799
427.785
427.748
427.693
427.639
427.602
427.572
427.558
427.559
427.575
427.603
427.623
427.639
427.657
427.671
427.674
427.672
427.671
427.678
427.686
427.692
427.699
427.705
427.706
427.699
427.682
427.665
427.646
427.626
427.61
427.606
427.608
427.616
427.632
427.654
427.675
427.689
427.698
427.704
427.683
427.563
427.121
426.582
426.298
426.209
426.197
293
293
293
293
293
293
293
293
293
293
293
293
293
293
293
293
293
293
293
293
293
293
293
293
293
293
293
293
293
293
293
293
293
293
293
293
293
293
293
293
293
293
293
293
293
293
293
293
293
293
293
293
293
293
293
293
293
293
293
293
293
293
293
293
293
293
293
293
293
293
293
293
293
293
293
293
293
293
293
293
293
293
293
293
293
293
293
293
293
293
293
293
293
293
293
293
293
293
293
293
293
293
293
293
293
293
293
293
293
293
293
293
293
293
293
293
293
293
293
293
293
293
293
293
293
293
293
293
293
293
293
293
293
293
293
293
293
293
293
293
293
293
293
293
293
293
293
293
293
293
293
293
293
293
293
293
293
293
293
293
293
293
293
293
293
293
293
293
293
293
293
293
293
293
293
293
293
293
293
293
293
293
293
293
293
293
293
293
293
293
293
293
293
293
293
293
293
293
293
293
293
293
293
293
293
293
293
293
293
293
293
293
293
293
293
293
293
293
293
293
293
293
293
293
293
293
293
293
293
293
293
293
293
293
293
293
293
293
293
293
293
293
293
293
293
293
293
293
293
293
293
293
293
293
293
293
293.001
293.458
312.835
378.235
415.593
424.45
425.975
426.354
426.571
426.802
427.029
427.182
427.237
427.237
427.137
426.983
426.85
426.754
426.677
426.605
426.55
426.299
426.265
426.358
426.664
427.193
427.589
427.685
427.704
427.698
427.689
427.675
427.654
427.632
427.616
427.608
427.606
427.61
427.626
427.646
427.665
427.682
427.699
427.706
427.705
427.699
427.692
427.686
427.678
427.671
427.672
427.674
427.671
427.657
427.639
427.623
427.603
427.575
427.559
427.558
427.572
427.602
427.639
427.693
427.748
427.785
427.799
427.8
427.785
427.743
427.683
427.614
427.531
427.445
427.382
427.34
427.314
427.297
427.288
427.289
427.33
427.433
427.699
428.141
428.626
429.029
429.292
429.426
429.489
429.489
428.247
421.471
405.39
380.676
352.258
325.028
301.753
283.336
269.58
259.784
253.098
248.714
245.948
244.267
243.28
242.72
242.411
242.246
242.159
242.113
242.088
242.074
242.066
242.06
242.057
242.054
242.053
242.052
242.053
242.053
242.054
242.055
242.056
242.057
242.058
242.059
242.059
242.06
242.06
242.059
242.058
242.056
242.055
242.054
242.054
242.054
242.055
242.057
242.057
242.058
242.058
242.056
242.055
242.053
242.051
242.049
242.048
242.047
242.047
242.048
242.048
242.049
242.05
242.051
242.051
242.051
242.051
242.052
242.052
242.052
242.053
242.055
242.058
242.061
242.064
242.067
242.07
242.073
242.074
242.074
242.072
242.069
242.066
242.065
242.063
242.061
242.06
242.059
242.057
242.052
242.047
242.042
242.038
242.033
242.023
242.013
242.004
241.996
241.984
241.971
241.962
241.957
241.953
241.944
241.932
241.928
241.934
241.943
240.847
235.284
233.305
233.195
233.19
233.19
233.19
233.19
233.19
233.19
293
293
293
293
293
293
293
293
293
293
293
293
293
293
293
293
293
293
293
293
293
293
293
293
293
293
293
293
293
293
293
293
293
293
293
293
293
293
293
293
293
293
293
293
293
293
293
293
293
293
293
293
293
293
293
293
293
293
293
293
293
293
293
293
293
293
293
293
293
293
293
293
293
293
293
293
293
293
293
293
293
293
293
293
293
293
293
293
293
293
293
293
293
293
293
293
293
293
293
293
293
293
293
293
293
293
293
293
293
293
293
293
293
293
293
293
293
293
293
293
293
293
293
293
293
293
293
293
293
293
293
293
293
293
293
293
293
293
293
293
293
293
293
293
293
293
293
293
293
293
293
293
293
293
293
293
293
293
293
293
293
293
293
293
293
293
293
293
293
293
293
293
293
293
293
293
293
293
293
293
293
293
293
293
293
293
293
293
293
293
293
293
293
293
293
293
293
293
293
293
293
293
293
293
293
293
293
293
293
293
293
293
293
293
293
293
293
293
293
293
293
293
293
293
293
293
293
293
293
293
293
293
293
293
293
293
293
293
293
293
293
293
293
293
293
293
293
293
293
293
293
293
293
293
293
293
293.001
293.461
312.895
378.246
415.523
424.383
425.925
426.299
426.485
426.672
426.855
426.982
427.03
427.032
426.958
426.842
426.738
426.665
426.602
426.54
426.493
426.324
426.305
426.411
426.749
427.273
427.615
427.689
427.704
427.698
427.689
427.675
427.654
427.632
427.616
427.608
427.606
427.61
427.626
427.646
427.665
427.682
427.699
427.706
427.705
427.699
427.692
427.686
427.678
427.671
427.672
427.674
427.671
427.657
427.639
427.623
427.603
427.575
427.559
427.558
427.572
427.602
427.639
427.693
427.748
427.785
427.799
427.8
427.785
427.743
427.683
427.614
427.531
427.445
427.382
427.34
427.314
427.297
427.288
427.289
427.33
427.433
427.699
428.141
428.626
429.029
429.292
429.426
429.489
429.489
428.247
421.471
405.39
380.676
352.258
325.028
301.753
283.336
269.58
259.784
253.098
248.714
245.948
244.267
243.28
242.72
242.411
242.246
242.159
242.113
242.088
242.074
242.066
242.06
242.057
242.054
242.053
242.052
242.053
242.053
242.054
242.055
242.056
242.057
242.058
242.059
242.059
242.06
242.06
242.059
242.058
242.056
242.055
242.054
242.054
242.054
242.055
242.057
242.057
242.058
242.058
242.056
242.055
242.053
242.051
242.049
242.048
242.047
242.047
242.048
242.048
242.049
242.05
242.051
242.051
242.051
242.051
242.052
242.052
242.052
242.053
242.055
242.058
242.061
242.064
242.067
242.07
242.073
242.074
242.074
242.072
242.069
242.066
242.065
242.063
242.061
242.06
242.059
242.057
242.052
242.047
242.042
242.038
242.033
242.023
242.013
242.004
241.996
241.984
241.971
241.962
241.957
241.953
241.944
241.932
241.928
241.934
241.943
240.847
235.284
233.305
233.195
233.19
233.19
233.19
233.19
233.19
233.19
293
293
293
293
293
293
293
293
293
293
293
293
293
293
293
293
293
293
293
293
293
293
293
293
293
293
293
293
293
293
293
293
293
293
293
293
293
293
293
293
293
293
293
293
293
293
293
293
293
293
293
293
293
293
293
293
293
293
293
293
293
293
293
293
293
293
293
293
293
293
293
293
293
293
293
293
293
293
293
293
293
293
293
293
293
293
293
293
293
293
293
293
293
293
293
293
293
293
293
293
293
293
293
293
293
293
293
293
293
293
293
293
293
293
293
293
293
293
293
293
293
293
293
293
293
293
293
293
293
293
293
293
293
293
293
293
293
293
293
293
293
293
293
293
293
293
293
293
293
293
293
293
293
293
293
293
293
293
293
293
293
293
293
293
293
293
293
293
293
293
293
293
293
293
293
293
293
293
293
293
293
293
293
293
293
293
293
293
293
293
293
293
293
293
293
293
293
293
293
293
293
293
293
293
293
293
293
293
293
293
293
293
293
293
293
293
293
293
293
293
293
293
293
293
293
293
293
293
293
293
293
293
293
293
293
293
293
293
293
293
293
293
293
293
293
293
293
293
293
293
293
293
293
293
293
293
293.001
293.465
312.945
378.197
415.376
424.257
425.849
426.247
426.428
426.569
426.694
426.781
426.809
426.806
426.753
426.681
426.618
426.574
426.529
426.477
426.427
426.314
426.321
426.456
426.84
427.359
427.639
427.694
427.704
427.697
427.689
427.675
427.654
427.632
427.616
427.608
427.606
427.61
427.626
427.646
427.665
427.682
427.699
427.706
427.705
427.699
427.692
427.686
427.678
427.671
427.672
427.674
427.671
427.657
427.639
427.623
427.603
427.575
427.559
427.558
427.572
427.602
427.639
427.693
427.748
427.785
427.799
427.8
427.785
427.743
427.683
427.614
427.531
427.445
427.382
427.34
427.314
427.297
427.288
427.289
427.33
427.433
427.699
428.141
428.626
429.029
429.292
429.426
429.489
429.489
428.247
421.471
405.39
380.676
352.258
325.028
301.753
283.336
269.58
259.784
253.098
248.714
245.948
244.267
243.28
242.72
242.411
242.246
242.159
242.113
242.088
242.074
242.066
242.06
242.057
242.054
242.053
242.052
242.053
242.053
242.054
242.055
242.056
242.057
242.058
242.059
242.059
242.06
242.06
242.059
242.058
242.056
242.055
242.054
242.054
242.054
242.055
242.057
242.057
242.058
242.058
242.056
242.055
242.053
242.051
242.049
242.048
242.047
242.047
242.048
242.048
242.049
242.05
242.051
242.051
242.051
242.051
242.052
242.052
242.052
242.053
242.055
242.058
242.061
242.064
242.067
242.07
242.073
242.074
242.074
242.072
242.069
242.066
242.065
242.063
242.061
242.06
242.059
242.057
242.052
242.047
242.042
242.038
242.033
242.023
242.013
242.004
241.996
241.984
241.971
241.962
241.957
241.953
241.944
241.932
241.928
241.934
241.943
240.847
235.284
233.305
233.195
233.19
233.19
233.19
233.19
233.19
233.19
293
293
293
293
293
293
293
293
293
293
293
293
293
293
293
293
293
293
293
293
293
293
293
293
293
293
293
293
293
293
293
293
293
293
293
293
293
293
293
293
293
293
293
293
293
293
293
293
293
293
293
293
293
293
293
293
293
293
293
293
293
293
293
293
293
293
293
293
293
293
293
293
293
293
293
293
293
293
293
293
293
293
293
293
293
293
293
293
293
293
293
293
293
293
293
293
293
293
293
293
293
293
293
293
293
293
293
293
293
293
293
293
293
293
293
293
293
293
293
293
293
293
293
293
293
293
293
293
293
293
293
293
293
293
293
293
293
293
293
293
293
293
293
293
293
293
293
293
293
293
293
293
293
293
293
293
293
293
293
293
293
293
293
293
293
293
293
293
293
293
293
293
293
293
293
293
293
293
293
293
293
293
293
293
293
293
293
293
293
293
293
293
293
293
293
293
293
293
293
293
293
293
293
293
293
293
293
293
293
293
293
293
293
293
293
293
293
293
293
293
293
293
293
293
293
293
293
293
293
293
293
293
293
293
293
293
293
293
293
293
293
293
293
293
293
293
293
293
293
293
293
293
293
293
293
293
293.001
293.47
312.992
378.055
415.1
424.041
425.724
426.159
426.337
426.464
426.56
426.612
426.627
426.613
426.569
426.522
426.481
426.451
426.414
426.37
426.324
426.252
426.296
426.5
426.95
427.447
427.658
427.698
427.703
427.697
427.689
427.675
427.654
427.632
427.616
427.608
427.606
427.61
427.626
427.646
427.665
427.682
427.699
427.706
427.705
427.699
427.692
427.686
427.678
427.671
427.672
427.674
427.671
427.657
427.639
427.623
427.603
427.575
427.559
427.558
427.572
427.602
427.639
427.693
427.748
427.785
427.799
427.8
427.785
427.743
427.683
427.614
427.531
427.445
427.382
427.34
427.314
427.297
427.288
427.289
427.33
427.433
427.699
428.141
428.626
429.029
429.292
429.426
429.489
429.489
428.247
421.471
405.39
380.676
352.258
325.028
301.753
283.336
269.58
259.784
253.098
248.714
245.948
244.267
243.28
242.72
242.411
242.246
242.159
242.113
242.088
242.074
242.066
242.06
242.057
242.054
242.053
242.052
242.053
242.053
242.054
242.055
242.056
242.057
242.058
242.059
242.059
242.06
242.06
242.059
242.058
242.056
242.055
242.054
242.054
242.054
242.055
242.057
242.057
242.058
242.058
242.056
242.055
242.053
242.051
242.049
242.048
242.047
242.047
242.048
242.048
242.049
242.05
242.051
242.051
242.051
242.051
242.052
242.052
242.052
242.053
242.055
242.058
242.061
242.064
242.067
242.07
242.073
242.074
242.074
242.072
242.069
242.066
242.065
242.063
242.061
242.06
242.059
242.057
242.052
242.047
242.042
242.038
242.033
242.023
242.013
242.004
241.996
241.984
241.971
241.962
241.957
241.953
241.944
241.932
241.928
241.934
241.943
240.847
235.284
233.305
233.195
233.19
233.19
233.19
233.19
233.19
233.19
293
293
293
293
293
293
293
293
293
293
293
293
293
293
293
293
293
293
293
293
293
293
293
293
293
293
293
293
293
293
293
293
293
293
293
293
293
293
293
293
293
293
293
293
293
293
293
293
293
293
293
293
293
293
293
293
293
293
293
293
293
293
293
293
293
293
293
293
293
293
293
293
293
293
293
293
293
293
293
293
293
293
293
293
293
293
293
293
293
293
293
293
293
293
293
293
293
293
293
293
293
293
293
293
293
293
293
293
293
293
293
293
293
293
293
293
293
293
293
293
293
293
293
293
293
293
293
293
293
293
293
293
293
293
293
293
293
293
293
293
293
293
293
293
293
293
293
293
293
293
293
293
293
293
293
293
293
293
293
293
293
293
293
293
293
293
293
293
293
293
293
293
293
293
293
293
293
293
293
293
293
293
293
293
293
293
293
293
293
293
293
293
293
293
293
293
293
293
293
293
293
293
293
293
293
293
293
293
293
293
293
293
293
293
293
293
293
293
293
293
293
293
293
293
293
293
293
293
293
293
293
293
293
293
293
293
293
293
293
293
293
293
293
293
293
293
293
293
293
293
293
293
293
293
293
293
293.001
293.476
313.035
377.793
414.691
423.76
425.581
426.094
426.319
426.469
426.554
426.589
426.598
426.569
426.522
426.469
426.408
426.341
426.262
426.201
426.153
426.129
426.23
426.554
427.087
427.531
427.673
427.701
427.702
427.696
427.689
427.675
427.654
427.632
427.616
427.608
427.606
427.61
427.626
427.646
427.665
427.682
427.699
427.706
427.705
427.699
427.692
427.686
427.678
427.671
427.672
427.674
427.671
427.657
427.639
427.623
427.603
427.575
427.559
427.558
427.572
427.602
427.639
427.693
427.748
427.785
427.799
427.8
427.785
427.743
427.683
427.614
427.531
427.445
427.382
427.34
427.314
427.297
427.288
427.289
427.33
427.433
427.699
428.141
428.626
429.029
429.292
429.426
429.489
429.489
428.247
421.471
405.39
380.676
352.258
325.028
301.753
283.336
269.58
259.784
253.098
248.714
245.948
244.267
243.28
242.72
242.411
242.246
242.159
242.113
242.088
242.074
242.066
242.06
242.057
242.054
242.053
242.052
242.053
242.053
242.054
242.055
242.056
242.057
242.058
242.059
242.059
242.06
242.06
242.059
242.058
242.056
242.055
242.054
242.054
242.054
242.055
242.057
242.057
242.058
242.058
242.056
242.055
242.053
242.051
242.049
242.048
242.047
242.047
242.048
242.048
242.049
242.05
242.051
242.051
242.051
242.051
242.052
242.052
242.052
242.053
242.055
242.058
242.061
242.064
242.067
242.07
242.073
242.074
242.074
242.072
242.069
242.066
242.065
242.063
242.061
242.06
242.059
242.057
242.052
242.047
242.042
242.038
242.033
242.023
242.013
242.004
241.996
241.984
241.971
241.962
241.957
241.953
241.944
241.932
241.928
241.934
241.943
240.847
235.284
233.305
233.195
233.19
233.19
233.19
233.19
233.19
233.19
293
293
293
293
293
293
293
293
293
293
293
293
293
293
293
293
293
293
293
293
293
293
293
293
293
293
293
293
293
293
293
293
293
293
293
293
293
293
293
293
293
293
293
293
293
293
293
293
293
293
293
293
293
293
293
293
293
293
293
293
293
293
293
293
293
293
293
293
293
293
293
293
293
293
293
293
293
293
293
293
293
293
293
293
293
293
293
293
293
293
293
293
293
293
293
293
293
293
293
293
293
293
293
293
293
293
293
293
293
293
293
293
293
293
293
293
293
293
293
293
293
293
293
293
293
293
293
293
293
293
293
293
293
293
293
293
293
293
293
293
293
293
293
293
293
293
293
293
293
293
293
293
293
293
293
293
293
293
293
293
293
293
293
293
293
293
293
293
293
293
293
293
293
293
293
293
293
293
293
293
293
293
293
293
293
293
293
293
293
293
293
293
293
293
293
293
293
293
293
293
293
293
293
293
293
293
293
293
293
293
293
293
293
293
293
293
293
293
293
293
293
293
293
293
293
293
293
293
293
293
293
293
293
293
293
293
293
293
293
293
293
293
293
293
293
293
293
293
293
293
293
293
293
293
293
293
293.001
293.485
313.072
377.42
414.204
423.489
425.512
426.137
426.436
426.62
426.711
426.74
426.741
426.696
426.631
426.554
426.448
426.298
426.115
425.965
425.891
425.919
426.136
426.643
427.243
427.599
427.683
427.701
427.701
427.696
427.689
427.675
427.654
427.632
427.616
427.608
427.606
427.61
427.626
427.646
427.665
427.682
427.699
427.706
427.705
427.699
427.692
427.686
427.678
427.671
427.672
427.674
427.671
427.657
427.639
427.623
427.603
427.575
427.559
427.558
427.572
427.602
427.639
427.693
427.748
427.785
427.799
427.8
427.785
427.743
427.683
427.614
427.531
427.445
427.382
427.34
427.314
427.297
427.288
427.289
427.33
427.433
427.699
428.141
428.626
429.029
429.292
429.426
429.489
429.489
428.247
421.471
405.39
380.676
352.258
325.028
301.753
283.336
269.58
259.784
253.098
248.714
245.948
244.267
243.28
242.72
242.411
242.246
242.159
242.113
242.088
242.074
242.066
242.06
242.057
242.054
242.053
242.052
242.053
242.053
242.054
242.055
242.056
242.057
242.058
242.059
242.059
242.06
242.06
242.059
242.058
242.056
242.055
242.054
242.054
242.054
242.055
242.057
242.057
242.058
242.058
242.056
242.055
242.053
242.051
242.049
242.048
242.047
242.047
242.048
242.048
242.049
242.05
242.051
242.051
242.051
242.051
242.052
242.052
242.052
242.053
242.055
242.058
242.061
242.064
242.067
242.07
242.073
242.074
242.074
242.072
242.069
242.066
242.065
242.063
242.061
242.06
242.059
242.057
242.052
242.047
242.042
242.038
242.033
242.023
242.013
242.004
241.996
241.984
241.971
241.962
241.957
241.953
241.944
241.932
241.928
241.934
241.943
240.847
235.284
233.305
233.195
233.19
233.19
233.19
233.19
233.19
233.19
293
293
293
293
293
293
293
293
293
293
293
293
293
293
293
293
293
293
293
293
293
293
293
293
293
293
293
293
293
293
293
293
293
293
293
293
293
293
293
293
293
293
293
293
293
293
293
293
293
293
293
293
293
293
293
293
293
293
293
293
293
293
293
293
293
293
293
293
293
293
293
293
293
293
293
293
293
293
293
293
293
293
293
293
293
293
293
293
293
293
293
293
293
293
293
293
293
293
293
293
293
293
293
293
293
293
293
293
293
293
293
293
293
293
293
293
293
293
293
293
293
293
293
293
293
293
293
293
293
293
293
293
293
293
293
293
293
293
293
293
293
293
293
293
293
293
293
293
293
293
293
293
293
293
293
293
293
293
293
293
293
293
293
293
293
293
293
293
293
293
293
293
293
293
293
293
293
293
293
293
293
293
293
293
293
293
293
293
293
293
293
293
293
293
293
293
293
293
293
293
293
293
293
293
293
293
293
293
293
293
293
293
293
293
293
293
293
293
293
293
293
293
293
293
293
293
293
293
293
293
293
293
293
293
293
293
293
293
293
293
293
293
293
293
293
293
293
293
293
293
293
293
293
293
293
293
293.001
293.495
313.116
377.021
413.699
423.197
425.41
426.174
426.568
426.799
426.91
426.946
426.947
426.886
426.787
426.657
426.483
426.258
425.968
425.717
425.573
425.637
426.04
426.766
427.392
427.644
427.69
427.701
427.7
427.696
427.689
427.676
427.654
427.632
427.616
427.608
427.606
427.61
427.626
427.646
427.665
427.682
427.699
427.706
427.705
427.699
427.692
427.686
427.678
427.671
427.672
427.674
427.671
427.657
427.639
427.623
427.603
427.575
427.559
427.558
427.572
427.602
427.639
427.693
427.748
427.785
427.799
427.8
427.785
427.743
427.683
427.614
427.531
427.445
427.382
427.34
427.314
427.297
427.288
427.289
427.33
427.433
427.699
428.141
428.626
429.029
429.292
429.426
429.489
429.489
428.247
421.471
405.39
380.676
352.258
325.028
301.753
283.336
269.58
259.784
253.098
248.714
245.948
244.267
243.28
242.72
242.411
242.246
242.159
242.113
242.088
242.074
242.066
242.06
242.057
242.054
242.053
242.052
242.053
242.053
242.054
242.055
242.056
242.057
242.058
242.059
242.059
242.06
242.06
242.059
242.058
242.056
242.055
242.054
242.054
242.054
242.055
242.057
242.057
242.058
242.058
242.056
242.055
242.053
242.051
242.049
242.048
242.047
242.047
242.048
242.048
242.049
242.05
242.051
242.051
242.051
242.051
242.052
242.052
242.052
242.053
242.055
242.058
242.061
242.064
242.067
242.07
242.073
242.074
242.074
242.072
242.069
242.066
242.065
242.063
242.061
242.06
242.059
242.057
242.052
242.047
242.042
242.038
242.033
242.023
242.013
242.004
241.996
241.984
241.971
241.962
241.957
241.953
241.944
241.932
241.928
241.934
241.943
240.847
235.284
233.305
233.195
233.19
233.19
233.19
233.19
233.19
233.19
293
293
293
293
293
293
293
293
293
293
293
293
293
293
293
293
293
293
293
293
293
293
293
293
293
293
293
293
293
293
293
293
293
293
293
293
293
293
293
293
293
293
293
293
293
293
293
293
293
293
293
293
293
293
293
293
293
293
293
293
293
293
293
293
293
293
293
293
293
293
293
293
293
293
293
293
293
293
293
293
293
293
293
293
293
293
293
293
293
293
293
293
293
293
293
293
293
293
293
293
293
293
293
293
293
293
293
293
293
293
293
293
293
293
293
293
293
293
293
293
293
293
293
293
293
293
293
293
293
293
293
293
293
293
293
293
293
293
293
293
293
293
293
293
293
293
293
293
293
293
293
293
293
293
293
293
293
293
293
293
293
293
293
293
293
293
293
293
293
293
293
293
293
293
293
293
293
293
293
293
293
293
293
293
293
293
293
293
293
293
293
293
293
293
293
293
293
293
293
293
293
293
293
293
293
293
293
293
293
293
293
293
293
293
293
293
293
293
293
293
293
293
293
293
293
293
293
293
293
293
293
293
293
293
293
293
293
293
293
293
293
293
293
293
293
293
293
293
293
293
293
293
293
293
293
293
293.001
293.503
313.143
376.72
413.376
423.05
425.356
426.168
426.632
426.921
427.077
427.142
427.155
427.09
426.958
426.784
426.573
426.304
425.942
425.548
425.305
425.373
425.941
426.884
427.506
427.668
427.694
427.7
427.7
427.696
427.689
427.676
427.654
427.632
427.616
427.608
427.606
427.61
427.626
427.646
427.665
427.682
427.699
427.706
427.705
427.699
427.692
427.686
427.678
427.671
427.672
427.674
427.671
427.657
427.639
427.623
427.603
427.575
427.559
427.558
427.572
427.602
427.639
427.693
427.748
427.785
427.799
427.8
427.785
427.743
427.683
427.614
427.531
427.445
427.382
427.34
427.314
427.297
427.288
427.289
427.33
427.433
427.699
428.141
428.626
429.029
429.292
429.426
429.489
429.489
428.247
421.471
405.39
380.676
352.258
325.028
301.753
283.336
269.58
259.784
253.098
248.714
245.948
244.267
243.28
242.72
242.411
242.246
242.159
242.113
242.088
242.074
242.066
242.06
242.057
242.054
242.053
242.052
242.053
242.053
242.054
242.055
242.056
242.057
242.058
242.059
242.059
242.06
242.06
242.059
242.058
242.056
242.055
242.054
242.054
242.054
242.055
242.057
242.057
242.058
242.058
242.056
242.055
242.053
242.051
242.049
242.048
242.047
242.047
242.048
242.048
242.049
242.05
242.051
242.051
242.051
242.051
242.052
242.052
242.052
242.053
242.055
242.058
242.061
242.064
242.067
242.07
242.073
242.074
242.074
242.072
242.069
242.066
242.065
242.063
242.061
242.06
242.059
242.057
242.052
242.047
242.042
242.038
242.033
242.023
242.013
242.004
241.996
241.984
241.971
241.962
241.957
241.953
241.944
241.932
241.928
241.934
241.943
240.847
235.284
233.305
233.195
233.19
233.19
233.19
233.19
233.19
233.19
293
293
293
293
293
293
293
293
293
293
293
293
293
293
293
293
293
293
293
293
293
293
293
293
293
293
293
293
293
293
293
293
293
293
293
293
293
293
293
293
293
293
293
293
293
293
293
293
293
293
293
293
293
293
293
293
293
293
293
293
293
293
293
293
293
293
293
293
293
293
293
293
293
293
293
293
293
293
293
293
293
293
293
293
293
293
293
293
293
293
293
293
293
293
293
293
293
293
293
293
293
293
293
293
293
293
293
293
293
293
293
293
293
293
293
293
293
293
293
293
293
293
293
293
293
293
293
293
293
293
293
293
293
293
293
293
293
293
293
293
293
293
293
293
293
293
293
293
293
293
293
293
293
293
293
293
293
293
293
293
293
293
293
293
293
293
293
293
293
293
293
293
293
293
293
293
293
293
293
293
293
293
293
293
293
293
293
293
293
293
293
293
293
293
293
293
293
293
293
293
293
293
293
293
293
293
293
293
293
293
293
293
293
293
293
293
293
293
293
293
293
293
293
293
293
293
293
293
293
293
293
293
293
293
293
293
293
293
293
293
293
293
293
293
293
293
293
293
293
293
293
293
293
293
293
293
293.001
293.505
313.102
376.468
413.178
423.004
425.407
426.275
426.697
426.973
427.188
427.31
427.337
427.253
427.072
426.863
426.637
426.371
426.037
425.572
425.128
425.187
425.847
426.935
427.563
427.681
427.695
427.701
427.699
427.696
427.689
427.676
427.654
427.632
427.616
427.608
427.606
427.61
427.626
427.646
427.665
427.682
427.699
427.706
427.705
427.699
427.692
427.686
427.678
427.671
427.672
427.674
427.671
427.657
427.639
427.623
427.603
427.575
427.559
427.558
427.572
427.602
427.639
427.693
427.748
427.785
427.799
427.8
427.785
427.743
427.683
427.614
427.531
427.445
427.382
427.34
427.314
427.297
427.288
427.289
427.33
427.433
427.699
428.141
428.626
429.029
429.292
429.426
429.489
429.489
428.247
421.471
405.39
380.676
352.258
325.028
301.753
283.336
269.58
259.784
253.098
248.714
245.948
244.267
243.28
242.72
242.411
242.246
242.159
242.113
242.088
242.074
242.066
242.06
242.057
242.054
242.053
242.052
242.053
242.053
242.054
242.055
242.056
242.057
242.058
242.059
242.059
242.06
242.06
242.059
242.058
242.056
242.055
242.054
242.054
242.054
242.055
242.057
242.057
242.058
242.058
242.056
242.055
242.053
242.051
242.049
242.048
242.047
242.047
242.048
242.048
242.049
242.05
242.051
242.051
242.051
242.051
242.052
242.052
242.052
242.053
242.055
242.058
242.061
242.064
242.067
242.07
242.073
242.074
242.074
242.072
242.069
242.066
242.065
242.063
242.061
242.06
242.059
242.057
242.052
242.047
242.042
242.038
242.033
242.023
242.013
242.004
241.996
241.984
241.971
241.962
241.957
241.953
241.944
241.932
241.928
241.934
241.943
240.847
235.284
233.305
233.195
233.19
233.19
233.19
233.19
233.19
233.19
425.717
425.71
425.788
426.1
426.83
427.489
427.678
427.703
427.699
427.69
427.675
427.654
427.632
427.616
427.608
427.606
427.61
427.626
427.646
427.665
427.682
427.699
427.706
427.705
427.699
427.692
427.686
427.678
427.671
427.672
427.674
427.671
427.657
427.639
427.623
427.603
427.575
427.559
427.558
427.572
427.602
427.639
427.693
427.748
427.785
427.799
427.8
427.785
427.743
427.683
427.614
427.531
427.445
427.382
427.34
427.314
427.297
427.288
427.289
427.33
427.433
427.699
428.141
428.626
429.029
429.292
429.426
429.489
429.489
428.247
421.471
405.39
380.676
352.258
325.028
301.753
283.336
269.58
259.784
253.098
248.714
245.948
244.267
243.28
242.72
242.411
242.246
242.159
242.113
242.088
242.074
242.066
242.06
242.057
242.054
242.053
242.052
242.053
242.053
242.054
242.055
242.056
242.057
242.058
242.059
242.059
242.06
242.06
242.059
242.058
242.056
242.055
242.054
242.054
242.054
242.055
242.057
242.057
242.058
242.058
242.056
242.055
242.053
242.051
242.049
242.048
242.047
242.047
242.048
242.048
242.049
242.05
242.051
242.051
242.051
242.051
242.052
242.052
242.052
242.053
242.055
242.058
242.061
242.064
242.067
242.07
242.073
242.074
242.074
242.072
242.069
242.066
242.065
242.063
242.061
242.06
242.059
242.057
242.052
242.047
242.042
242.038
242.033
242.023
242.013
242.004
241.996
241.984
241.971
241.962
241.957
241.953
241.944
241.932
241.928
241.934
241.943
240.847
235.284
233.305
233.195
233.19
233.19
233.19
233.19
233.19
233.19
425.717
425.71
425.789
426.099
426.83
427.489
427.678
427.703
427.699
427.69
427.675
427.654
427.632
427.616
427.608
427.606
427.61
427.626
427.646
427.665
427.682
427.699
427.706
427.705
427.699
427.692
427.686
427.678
427.671
427.672
427.674
427.671
427.657
427.639
427.623
427.603
427.575
427.559
427.558
427.572
427.602
427.639
427.693
427.748
427.785
427.799
427.8
427.785
427.743
427.683
427.614
427.531
427.445
427.382
427.34
427.314
427.297
427.288
427.289
427.33
427.433
427.699
428.141
428.626
429.029
429.292
429.426
429.489
429.489
428.247
421.471
405.39
380.676
352.258
325.028
301.753
283.336
269.58
259.784
253.098
248.714
245.948
244.267
243.28
242.72
242.411
242.246
242.159
242.113
242.088
242.074
242.066
242.06
242.057
242.054
242.053
242.052
242.053
242.053
242.054
242.055
242.056
242.057
242.058
242.059
242.059
242.06
242.06
242.059
242.058
242.056
242.055
242.054
242.054
242.054
242.055
242.057
242.057
242.058
242.058
242.056
242.055
242.053
242.051
242.049
242.048
242.047
242.047
242.048
242.048
242.049
242.05
242.051
242.051
242.051
242.051
242.052
242.052
242.052
242.053
242.055
242.058
242.061
242.064
242.067
242.07
242.073
242.074
242.074
242.072
242.069
242.066
242.065
242.063
242.061
242.06
242.059
242.057
242.052
242.047
242.042
242.038
242.033
242.023
242.013
242.004
241.996
241.984
241.971
241.962
241.957
241.953
241.944
241.932
241.928
241.934
241.943
240.847
235.284
233.305
233.195
233.19
233.19
233.19
233.19
233.19
233.19
425.721
425.711
425.789
426.098
426.83
427.489
427.678
427.703
427.699
427.69
427.675
427.654
427.632
427.616
427.608
427.606
427.61
427.626
427.646
427.665
427.682
427.699
427.706
427.705
427.699
427.692
427.686
427.678
427.671
427.672
427.674
427.671
427.657
427.639
427.623
427.603
427.575
427.559
427.558
427.572
427.602
427.639
427.693
427.748
427.785
427.799
427.8
427.785
427.743
427.683
427.614
427.531
427.445
427.382
427.34
427.314
427.297
427.288
427.289
427.33
427.433
427.699
428.141
428.626
429.029
429.292
429.426
429.489
429.489
428.247
421.471
405.39
380.676
352.258
325.028
301.753
283.336
269.58
259.784
253.098
248.714
245.948
244.267
243.28
242.72
242.411
242.246
242.159
242.113
242.088
242.074
242.066
242.06
242.057
242.054
242.053
242.052
242.053
242.053
242.054
242.055
242.056
242.057
242.058
242.059
242.059
242.06
242.06
242.059
242.058
242.056
242.055
242.054
242.054
242.054
242.055
242.057
242.057
242.058
242.058
242.056
242.055
242.053
242.051
242.049
242.048
242.047
242.047
242.048
242.048
242.049
242.05
242.051
242.051
242.051
242.051
242.052
242.052
242.052
242.053
242.055
242.058
242.061
242.064
242.067
242.07
242.073
242.074
242.074
242.072
242.069
242.066
242.065
242.063
242.061
242.06
242.059
242.057
242.052
242.047
242.042
242.038
242.033
242.023
242.013
242.004
241.996
241.984
241.971
241.962
241.957
241.953
241.944
241.932
241.928
241.934
241.943
240.847
235.284
233.305
233.195
233.19
233.19
233.19
233.19
233.19
233.19
425.737
425.717
425.792
426.097
426.829
427.489
427.678
427.703
427.699
427.69
427.675
427.654
427.632
427.616
427.608
427.606
427.61
427.626
427.646
427.665
427.682
427.699
427.706
427.705
427.699
427.692
427.686
427.678
427.671
427.672
427.674
427.671
427.657
427.639
427.623
427.603
427.575
427.559
427.558
427.572
427.602
427.639
427.693
427.748
427.785
427.799
427.8
427.785
427.743
427.683
427.614
427.531
427.445
427.382
427.34
427.314
427.297
427.288
427.289
427.33
427.433
427.699
428.141
428.626
429.029
429.292
429.426
429.489
429.489
428.247
421.471
405.39
380.676
352.258
325.028
301.753
283.336
269.58
259.784
253.098
248.714
245.948
244.267
243.28
242.72
242.411
242.246
242.159
242.113
242.088
242.074
242.066
242.06
242.057
242.054
242.053
242.052
242.053
242.053
242.054
242.055
242.056
242.057
242.058
242.059
242.059
242.06
242.06
242.059
242.058
242.056
242.055
242.054
242.054
242.054
242.055
242.057
242.057
242.058
242.058
242.056
242.055
242.053
242.051
242.049
242.048
242.047
242.047
242.048
242.048
242.049
242.05
242.051
242.051
242.051
242.051
242.052
242.052
242.052
242.053
242.055
242.058
242.061
242.064
242.067
242.07
242.073
242.074
242.074
242.072
242.069
242.066
242.065
242.063
242.061
242.06
242.059
242.057
242.052
242.047
242.042
242.038
242.033
242.023
242.013
242.004
241.996
241.984
241.971
241.962
241.957
241.953
241.944
241.932
241.928
241.934
241.943
240.847
235.284
233.305
233.195
233.19
233.19
233.19
233.19
233.19
233.19
425.765
425.732
425.802
426.098
426.827
427.488
427.678
427.703
427.699
427.69
427.675
427.654
427.632
427.616
427.608
427.606
427.61
427.626
427.646
427.665
427.682
427.699
427.706
427.705
427.699
427.692
427.686
427.678
427.671
427.672
427.674
427.671
427.657
427.639
427.623
427.603
427.575
427.559
427.558
427.572
427.602
427.639
427.693
427.748
427.785
427.799
427.8
427.785
427.743
427.683
427.614
427.531
427.445
427.382
427.34
427.314
427.297
427.288
427.289
427.33
427.433
427.699
428.141
428.626
429.029
429.292
429.426
429.489
429.489
428.247
421.471
405.39
380.676
352.258
325.028
301.753
283.336
269.58
259.784
253.098
248.714
245.948
244.267
243.28
242.72
242.411
242.246
242.159
242.113
242.088
242.074
242.066
242.06
242.057
242.054
242.053
242.052
242.053
242.053
242.054
242.055
242.056
242.057
242.058
242.059
242.059
242.06
242.06
242.059
242.058
242.056
242.055
242.054
242.054
242.054
242.055
242.057
242.057
242.058
242.058
242.056
242.055
242.053
242.051
242.049
242.048
242.047
242.047
242.048
242.048
242.049
242.05
242.051
242.051
242.051
242.051
242.052
242.052
242.052
242.053
242.055
242.058
242.061
242.064
242.067
242.07
242.073
242.074
242.074
242.072
242.069
242.066
242.065
242.063
242.061
242.06
242.059
242.057
242.052
242.047
242.042
242.038
242.033
242.023
242.013
242.004
241.996
241.984
241.971
241.962
241.957
241.953
241.944
241.932
241.928
241.934
241.943
240.847
235.284
233.305
233.195
233.19
233.19
233.19
233.19
233.19
233.19
425.802
425.759
425.827
426.102
426.825
427.487
427.678
427.703
427.699
427.69
427.675
427.654
427.632
427.616
427.608
427.606
427.61
427.626
427.646
427.665
427.682
427.699
427.706
427.705
427.699
427.692
427.686
427.678
427.671
427.672
427.674
427.671
427.657
427.639
427.623
427.603
427.575
427.559
427.558
427.572
427.602
427.639
427.693
427.748
427.785
427.799
427.8
427.785
427.743
427.683
427.614
427.531
427.445
427.382
427.34
427.314
427.297
427.288
427.289
427.33
427.433
427.699
428.141
428.626
429.029
429.292
429.426
429.489
429.489
428.247
421.471
405.39
380.676
352.258
325.028
301.753
283.336
269.58
259.784
253.098
248.714
245.948
244.267
243.28
242.72
242.411
242.246
242.159
242.113
242.088
242.074
242.066
242.06
242.057
242.054
242.053
242.052
242.053
242.053
242.054
242.055
242.056
242.057
242.058
242.059
242.059
242.06
242.06
242.059
242.058
242.056
242.055
242.054
242.054
242.054
242.055
242.057
242.057
242.058
242.058
242.056
242.055
242.053
242.051
242.049
242.048
242.047
242.047
242.048
242.048
242.049
242.05
242.051
242.051
242.051
242.051
242.052
242.052
242.052
242.053
242.055
242.058
242.061
242.064
242.067
242.07
242.073
242.074
242.074
242.072
242.069
242.066
242.065
242.063
242.061
242.06
242.059
242.057
242.052
242.047
242.042
242.038
242.033
242.023
242.013
242.004
241.996
241.984
241.971
241.962
241.957
241.953
241.944
241.932
241.928
241.934
241.943
240.847
235.284
233.305
233.195
233.19
233.19
233.19
233.19
233.19
233.19
425.845
425.798
425.865
426.117
426.825
427.485
427.677
427.703
427.699
427.69
427.675
427.654
427.632
427.616
427.608
427.606
427.61
427.626
427.646
427.665
427.682
427.699
427.706
427.705
427.699
427.692
427.686
427.678
427.671
427.672
427.674
427.671
427.657
427.639
427.623
427.603
427.575
427.559
427.558
427.572
427.602
427.639
427.693
427.748
427.785
427.799
427.8
427.785
427.743
427.683
427.614
427.531
427.445
427.382
427.34
427.314
427.297
427.288
427.289
427.33
427.433
427.699
428.141
428.626
429.029
429.292
429.426
429.489
429.489
428.247
421.471
405.39
380.676
352.258
325.028
301.753
283.336
269.58
259.784
253.098
248.714
245.948
244.267
243.28
242.72
242.411
242.246
242.159
242.113
242.088
242.074
242.066
242.06
242.057
242.054
242.053
242.052
242.053
242.053
242.054
242.055
242.056
242.057
242.058
242.059
242.059
242.06
242.06
242.059
242.058
242.056
242.055
242.054
242.054
242.054
242.055
242.057
242.057
242.058
242.058
242.056
242.055
242.053
242.051
242.049
242.048
242.047
242.047
242.048
242.048
242.049
242.05
242.051
242.051
242.051
242.051
242.052
242.052
242.052
242.053
242.055
242.058
242.061
242.064
242.067
242.07
242.073
242.074
242.074
242.072
242.069
242.066
242.065
242.063
242.061
242.06
242.059
242.057
242.052
242.047
242.042
242.038
242.033
242.023
242.013
242.004
241.996
241.984
241.971
241.962
241.957
241.953
241.944
241.932
241.928
241.934
241.943
240.847
235.284
233.305
233.195
233.19
233.19
233.19
233.19
233.19
233.19
425.886
425.844
425.91
426.146
426.831
427.484
427.677
427.703
427.699
427.69
427.675
427.654
427.632
427.616
427.608
427.606
427.61
427.626
427.646
427.665
427.682
427.699
427.706
427.705
427.699
427.692
427.686
427.678
427.671
427.672
427.674
427.671
427.657
427.639
427.623
427.603
427.575
427.559
427.558
427.572
427.602
427.639
427.693
427.748
427.785
427.799
427.8
427.785
427.743
427.683
427.614
427.531
427.445
427.382
427.34
427.314
427.297
427.288
427.289
427.33
427.433
427.699
428.141
428.626
429.029
429.292
429.426
429.489
429.489
428.247
421.471
405.39
380.676
352.258
325.028
301.753
283.336
269.58
259.784
253.098
248.714
245.948
244.267
243.28
242.72
242.411
242.246
242.159
242.113
242.088
242.074
242.066
242.06
242.057
242.054
242.053
242.052
242.053
242.053
242.054
242.055
242.056
242.057
242.058
242.059
242.059
242.06
242.06
242.059
242.058
242.056
242.055
242.054
242.054
242.054
242.055
242.057
242.057
242.058
242.058
242.056
242.055
242.053
242.051
242.049
242.048
242.047
242.047
242.048
242.048
242.049
242.05
242.051
242.051
242.051
242.051
242.052
242.052
242.052
242.053
242.055
242.058
242.061
242.064
242.067
242.07
242.073
242.074
242.074
242.072
242.069
242.066
242.065
242.063
242.061
242.06
242.059
242.057
242.052
242.047
242.042
242.038
242.033
242.023
242.013
242.004
241.996
241.984
241.971
241.962
241.957
241.953
241.944
241.932
241.928
241.934
241.943
240.847
235.284
233.305
233.195
233.19
233.19
233.19
233.19
233.19
233.19
425.924
425.892
425.957
426.19
426.846
427.484
427.677
427.703
427.699
427.69
427.675
427.654
427.632
427.616
427.608
427.606
427.61
427.626
427.646
427.665
427.682
427.699
427.706
427.705
427.699
427.692
427.686
427.678
427.671
427.672
427.674
427.671
427.657
427.639
427.623
427.603
427.575
427.559
427.558
427.572
427.602
427.639
427.693
427.748
427.785
427.799
427.8
427.785
427.743
427.683
427.614
427.531
427.445
427.382
427.34
427.314
427.297
427.288
427.289
427.33
427.433
427.699
428.141
428.626
429.029
429.292
429.426
429.489
429.489
428.247
421.471
405.39
380.676
352.258
325.028
301.753
283.336
269.58
259.784
253.098
248.714
245.948
244.267
243.28
242.72
242.411
242.246
242.159
242.113
242.088
242.074
242.066
242.06
242.057
242.054
242.053
242.052
242.053
242.053
242.054
242.055
242.056
242.057
242.058
242.059
242.059
242.06
242.06
242.059
242.058
242.056
242.055
242.054
242.054
242.054
242.055
242.057
242.057
242.058
242.058
242.056
242.055
242.053
242.051
242.049
242.048
242.047
242.047
242.048
242.048
242.049
242.05
242.051
242.051
242.051
242.051
242.052
242.052
242.052
242.053
242.055
242.058
242.061
242.064
242.067
242.07
242.073
242.074
242.074
242.072
242.069
242.066
242.065
242.063
242.061
242.06
242.059
242.057
242.052
242.047
242.042
242.038
242.033
242.023
242.013
242.004
241.996
241.984
241.971
241.962
241.957
241.953
241.944
241.932
241.928
241.934
241.943
240.847
235.284
233.305
233.195
233.19
233.19
233.19
233.19
233.19
233.19
425.959
425.938
426.007
426.243
426.871
427.487
427.677
427.703
427.699
427.69
427.675
427.654
427.632
427.616
427.608
427.606
427.61
427.626
427.646
427.665
427.682
427.699
427.706
427.705
427.699
427.692
427.686
427.678
427.671
427.672
427.674
427.671
427.657
427.639
427.623
427.603
427.575
427.559
427.558
427.572
427.602
427.639
427.693
427.748
427.785
427.799
427.8
427.785
427.743
427.683
427.614
427.531
427.445
427.382
427.34
427.314
427.297
427.288
427.289
427.33
427.433
427.699
428.141
428.626
429.029
429.292
429.426
429.489
429.489
428.247
421.471
405.39
380.676
352.258
325.028
301.753
283.336
269.58
259.784
253.098
248.714
245.948
244.267
243.28
242.72
242.411
242.246
242.159
242.113
242.088
242.074
242.066
242.06
242.057
242.054
242.053
242.052
242.053
242.053
242.054
242.055
242.056
242.057
242.058
242.059
242.059
242.06
242.06
242.059
242.058
242.056
242.055
242.054
242.054
242.054
242.055
242.057
242.057
242.058
242.058
242.056
242.055
242.053
242.051
242.049
242.048
242.047
242.047
242.048
242.048
242.049
242.05
242.051
242.051
242.051
242.051
242.052
242.052
242.052
242.053
242.055
242.058
242.061
242.064
242.067
242.07
242.073
242.074
242.074
242.072
242.069
242.066
242.065
242.063
242.061
242.06
242.059
242.057
242.052
242.047
242.042
242.038
242.033
242.023
242.013
242.004
241.996
241.984
241.971
241.962
241.957
241.953
241.944
241.932
241.928
241.934
241.943
240.847
235.284
233.305
233.195
233.19
233.19
233.19
233.19
233.19
233.19
425.994
425.983
426.059
426.303
426.906
427.494
427.677
427.703
427.699
427.69
427.675
427.654
427.632
427.616
427.608
427.606
427.61
427.626
427.646
427.665
427.682
427.699
427.706
427.705
427.699
427.692
427.686
427.678
427.671
427.672
427.674
427.671
427.657
427.639
427.623
427.603
427.575
427.559
427.558
427.572
427.602
427.639
427.693
427.748
427.785
427.799
427.8
427.785
427.743
427.683
427.614
427.531
427.445
427.382
427.34
427.314
427.297
427.288
427.289
427.33
427.433
427.699
428.141
428.626
429.029
429.292
429.426
429.489
429.489
428.247
421.471
405.39
380.676
352.258
325.028
301.753
283.336
269.58
259.784
253.098
248.714
245.948
244.267
243.28
242.72
242.411
242.246
242.159
242.113
242.088
242.074
242.066
242.06
242.057
242.054
242.053
242.052
242.053
242.053
242.054
242.055
242.056
242.057
242.058
242.059
242.059
242.06
242.06
242.059
242.058
242.056
242.055
242.054
242.054
242.054
242.055
242.057
242.057
242.058
242.058
242.056
242.055
242.053
242.051
242.049
242.048
242.047
242.047
242.048
242.048
242.049
242.05
242.051
242.051
242.051
242.051
242.052
242.052
242.052
242.053
242.055
242.058
242.061
242.064
242.067
242.07
242.073
242.074
242.074
242.072
242.069
242.066
242.065
242.063
242.061
242.06
242.059
242.057
242.052
242.047
242.042
242.038
242.033
242.023
242.013
242.004
241.996
241.984
241.971
241.962
241.957
241.953
241.944
241.932
241.928
241.934
241.943
240.847
235.284
233.305
233.195
233.19
233.19
233.19
233.19
233.19
233.19
426.035
426.029
426.116
426.366
426.949
427.506
427.678
427.703
427.699
427.69
427.675
427.654
427.632
427.616
427.608
427.606
427.61
427.626
427.646
427.665
427.682
427.699
427.706
427.705
427.699
427.692
427.686
427.678
427.671
427.672
427.674
427.671
427.657
427.639
427.623
427.603
427.575
427.559
427.558
427.572
427.602
427.639
427.693
427.748
427.785
427.799
427.8
427.785
427.743
427.683
427.614
427.531
427.445
427.382
427.34
427.314
427.297
427.288
427.289
427.33
427.433
427.699
428.141
428.626
429.029
429.292
429.426
429.489
429.489
428.247
421.471
405.39
380.676
352.258
325.028
301.753
283.336
269.58
259.784
253.098
248.714
245.948
244.267
243.28
242.72
242.411
242.246
242.159
242.113
242.088
242.074
242.066
242.06
242.057
242.054
242.053
242.052
242.053
242.053
242.054
242.055
242.056
242.057
242.058
242.059
242.059
242.06
242.06
242.059
242.058
242.056
242.055
242.054
242.054
242.054
242.055
242.057
242.057
242.058
242.058
242.056
242.055
242.053
242.051
242.049
242.048
242.047
242.047
242.048
242.048
242.049
242.05
242.051
242.051
242.051
242.051
242.052
242.052
242.052
242.053
242.055
242.058
242.061
242.064
242.067
242.07
242.073
242.074
242.074
242.072
242.069
242.066
242.065
242.063
242.061
242.06
242.059
242.057
242.052
242.047
242.042
242.038
242.033
242.023
242.013
242.004
241.996
241.984
241.971
241.962
241.957
241.953
241.944
241.932
241.928
241.934
241.943
240.847
235.284
233.305
233.195
233.19
233.19
233.19
233.19
233.19
233.19
426.082
426.081
426.176
426.433
427
427.522
427.679
427.703
427.699
427.689
427.675
427.654
427.632
427.616
427.608
427.606
427.61
427.626
427.646
427.665
427.682
427.699
427.706
427.705
427.699
427.692
427.686
427.678
427.671
427.672
427.674
427.671
427.657
427.639
427.623
427.603
427.575
427.559
427.558
427.572
427.602
427.639
427.693
427.748
427.785
427.799
427.8
427.785
427.743
427.683
427.614
427.531
427.445
427.382
427.34
427.314
427.297
427.288
427.289
427.33
427.433
427.699
428.141
428.626
429.029
429.292
429.426
429.489
429.489
428.247
421.471
405.39
380.676
352.258
325.028
301.753
283.336
269.58
259.784
253.098
248.714
245.948
244.267
243.28
242.72
242.411
242.246
242.159
242.113
242.088
242.074
242.066
242.06
242.057
242.054
242.053
242.052
242.053
242.053
242.054
242.055
242.056
242.057
242.058
242.059
242.059
242.06
242.06
242.059
242.058
242.056
242.055
242.054
242.054
242.054
242.055
242.057
242.057
242.058
242.058
242.056
242.055
242.053
242.051
242.049
242.048
242.047
242.047
242.048
242.048
242.049
242.05
242.051
242.051
242.051
242.051
242.052
242.052
242.052
242.053
242.055
242.058
242.061
242.064
242.067
242.07
242.073
242.074
242.074
242.072
242.069
242.066
242.065
242.063
242.061
242.06
242.059
242.057
242.052
242.047
242.042
242.038
242.033
242.023
242.013
242.004
241.996
241.984
241.971
241.962
241.957
241.953
241.944
241.932
241.928
241.934
241.943
240.847
235.284
233.305
233.195
233.19
233.19
233.19
233.19
233.19
233.19
426.139
426.142
426.238
426.505
427.057
427.541
427.681
427.703
427.698
427.689
427.675
427.654
427.632
427.616
427.608
427.606
427.61
427.626
427.646
427.665
427.682
427.699
427.706
427.705
427.699
427.692
427.686
427.678
427.671
427.672
427.674
427.671
427.657
427.639
427.623
427.603
427.575
427.559
427.558
427.572
427.602
427.639
427.693
427.748
427.785
427.799
427.8
427.785
427.743
427.683
427.614
427.531
427.445
427.382
427.34
427.314
427.297
427.288
427.289
427.33
427.433
427.699
428.141
428.626
429.029
429.292
429.426
429.489
429.489
428.247
421.471
405.39
380.676
352.258
325.028
301.753
283.336
269.58
259.784
253.098
248.714
245.948
244.267
243.28
242.72
242.411
242.246
242.159
242.113
242.088
242.074
242.066
242.06
242.057
242.054
242.053
242.052
242.053
242.053
242.054
242.055
242.056
242.057
242.058
242.059
242.059
242.06
242.06
242.059
242.058
242.056
242.055
242.054
242.054
242.054
242.055
242.057
242.057
242.058
242.058
242.056
242.055
242.053
242.051
242.049
242.048
242.047
242.047
242.048
242.048
242.049
242.05
242.051
242.051
242.051
242.051
242.052
242.052
242.052
242.053
242.055
242.058
242.061
242.064
242.067
242.07
242.073
242.074
242.074
242.072
242.069
242.066
242.065
242.063
242.061
242.06
242.059
242.057
242.052
242.047
242.042
242.038
242.033
242.023
242.013
242.004
241.996
241.984
241.971
241.962
241.957
241.953
241.944
241.932
241.928
241.934
241.943
240.847
235.284
233.305
233.195
233.19
233.19
233.19
233.19
233.19
233.19
426.197
426.209
426.298
426.582
427.121
427.563
427.683
427.704
427.698
427.689
427.675
427.654
427.632
427.616
427.608
427.606
427.61
427.626
427.646
427.665
427.682
427.699
427.706
427.705
427.699
427.692
427.686
427.678
427.671
427.672
427.674
427.671
427.657
427.639
427.623
427.603
427.575
427.559
427.558
427.572
427.602
427.639
427.693
427.748
427.785
427.799
427.8
427.785
427.743
427.683
427.614
427.531
427.445
427.382
427.34
427.314
427.297
427.288
427.289
427.33
427.433
427.699
428.141
428.626
429.029
429.292
429.426
429.489
429.489
428.247
421.471
405.39
380.676
352.258
325.028
301.753
283.336
269.58
259.784
253.098
248.714
245.948
244.267
243.28
242.72
242.411
242.246
242.159
242.113
242.088
242.074
242.066
242.06
242.057
242.054
242.053
242.052
242.053
242.053
242.054
242.055
242.056
242.057
242.058
242.059
242.059
242.06
242.06
242.059
242.058
242.056
242.055
242.054
242.054
242.054
242.055
242.057
242.057
242.058
242.058
242.056
242.055
242.053
242.051
242.049
242.048
242.047
242.047
242.048
242.048
242.049
242.05
242.051
242.051
242.051
242.051
242.052
242.052
242.052
242.053
242.055
242.058
242.061
242.064
242.067
242.07
242.073
242.074
242.074
242.072
242.069
242.066
242.065
242.063
242.061
242.06
242.059
242.057
242.052
242.047
242.042
242.038
242.033
242.023
242.013
242.004
241.996
241.984
241.971
241.962
241.957
241.953
241.944
241.932
241.928
241.934
241.943
240.847
235.284
233.305
233.195
233.19
233.19
233.19
233.19
233.19
233.19
)
;

boundaryField
{
    FreestreamLeft
    {
        type            totalTemperature;
        gamma           1.4;
        T0              nonuniform List<scalar> 0();
        value           nonuniform List<scalar> 0();
    }
    FreestreamTop
    {
        type            totalTemperature;
        gamma           1.4;
        T0              nonuniform List<scalar> 0();
        value           nonuniform List<scalar> 0();
    }
    Inlet
    {
        type            totalTemperature;
        gamma           1.4;
        T0              uniform 293;
        value           nonuniform List<scalar> 
48
(
233.19
233.19
233.19
233.19
233.19
233.19
233.19
233.19
233.19
233.19
233.19
233.19
233.19
233.19
233.19
233.19
233.19
233.19
233.19
233.19
233.19
233.19
233.19
233.19
233.19
233.19
233.19
233.19
233.19
233.19
233.19
233.19
233.19
233.19
233.19
233.19
233.19
233.19
233.19
233.19
233.19
233.19
233.19
233.19
233.19
233.19
233.19
233.19
)
;
    }
    Outlet
    {
        type            zeroGradient;
    }
    Wall
    {
        type            zeroGradient;
    }
    Wedge1
    {
        type            wedge;
    }
    Wedge2
    {
        type            wedge;
    }
    procBoundary0to1
    {
        type            processor;
        value           nonuniform List<scalar> 
18
(
293
293
293
293
293
293
293
293
293
293
293
293
293
293
293
293
293
293
)
;
    }
}


// ************************************************************************* //
