/*--------------------------------*- C++ -*----------------------------------*\
| =========                 |                                                 |
| \\      /  F ield         | OpenFOAM: The Open Source CFD Toolbox           |
|  \\    /   O peration     | Version:  2406                                  |
|   \\  /    A nd           | Website:  www.openfoam.com                      |
|    \\/     M anipulation  |                                                 |
\*---------------------------------------------------------------------------*/
FoamFile
{
    version     2.0;
    format      ascii;
    arch        "LSB;label=32;scalar=64";
    class       volScalarField;
    location    "0.08";
    object      T;
}
// * * * * * * * * * * * * * * * * * * * * * * * * * * * * * * * * * * * * * //

dimensions      [0 0 0 1 0 0 0];

internalField   nonuniform List<scalar> 
14020
(
242.036
242.036
242.036
242.036
242.037
242.037
242.038
242.039
242.04
242.041
242.042
242.042
242.043
242.043
242.043
242.044
242.045
242.046
242.047
242.048
242.048
242.049
242.049
242.05
242.051
242.052
242.053
242.053
242.053
242.052
242.051
242.051
242.051
242.052
242.052
242.052
242.052
242.051
242.05
242.05
242.05
242.051
242.051
242.05
242.051
242.051
242.05
242.05
242.05
242.049
242.049
242.049
242.049
242.049
242.048
242.047
242.047
242.047
242.047
242.046
242.046
242.046
242.046
242.045
242.045
242.045
242.045
242.044
242.045
242.045
242.046
242.046
242.046
242.045
242.046
242.046
242.045
242.045
242.044
242.043
242.042
242.041
242.041
242.042
242.042
242.042
242.042
242.042
242.042
242.042
242.043
242.044
242.044
242.044
242.043
242.043
242.044
242.044
242.046
242.048
242.05
242.053
242.059
242.068
242.082
242.103
242.135
242.183
242.254
242.354
242.5
242.706
242.996
243.396
243.945
244.691
245.693
247.021
248.767
251.04
253.966
257.701
262.418
268.323
275.64
284.607
295.463
308.412
323.57
340.869
359.895
379.659
398.366
413.656
423.334
427.232
428.147
428.275
428.295
428.29
428.263
428.192
428.075
427.93
427.776
427.636
427.533
427.482
427.473
427.483
427.507
427.526
427.541
427.558
427.572
427.579
427.583
427.593
427.609
427.626
427.643
427.66
427.667
427.666
427.642
427.564
427.364
427.04
426.637
426.195
425.736
425.269
424.798
424.321
423.838
423.347
422.848
422.344
421.836
421.326
420.817
420.309
419.801
419.295
418.788
418.28
417.769
417.256
416.74
416.223
415.706
415.191
414.679
414.169
413.663
413.158
412.653
412.147
411.638
411.128
410.614
410.099
409.583
409.068
408.553
408.039
407.526
407.012
406.497
405.977
405.455
404.927
404.396
403.86
403.32
402.779
402.235
401.693
401.151
400.613
400.079
399.55
399.029
398.515
398.009
397.514
397.028
396.554
396.081
395.559
394.557
242.036
242.036
242.036
242.036
242.037
242.037
242.038
242.039
242.04
242.041
242.042
242.042
242.043
242.043
242.043
242.044
242.045
242.046
242.047
242.048
242.048
242.049
242.049
242.05
242.051
242.052
242.053
242.053
242.053
242.052
242.051
242.051
242.051
242.052
242.052
242.052
242.051
242.051
242.05
242.05
242.05
242.051
242.051
242.05
242.051
242.051
242.05
242.05
242.05
242.049
242.049
242.049
242.049
242.049
242.048
242.047
242.047
242.047
242.047
242.046
242.046
242.046
242.046
242.045
242.045
242.045
242.045
242.045
242.045
242.045
242.046
242.046
242.046
242.045
242.046
242.046
242.045
242.045
242.044
242.043
242.042
242.041
242.041
242.042
242.042
242.042
242.042
242.042
242.042
242.042
242.043
242.044
242.044
242.044
242.043
242.044
242.044
242.044
242.046
242.048
242.05
242.053
242.059
242.068
242.082
242.103
242.135
242.183
242.254
242.354
242.5
242.706
242.996
243.395
243.945
244.69
245.691
247.018
248.762
251.032
253.955
257.683
262.394
268.291
275.597
284.553
295.398
308.338
323.492
340.794
359.83
379.61
398.338
413.646
423.335
427.236
428.147
428.276
428.296
428.29
428.263
428.192
428.075
427.93
427.776
427.636
427.533
427.482
427.473
427.483
427.507
427.525
427.541
427.558
427.572
427.579
427.583
427.593
427.609
427.626
427.643
427.66
427.667
427.666
427.642
427.564
427.364
427.039
426.637
426.195
425.736
425.269
424.798
424.321
423.838
423.347
422.848
422.344
421.836
421.326
420.817
420.309
419.801
419.295
418.788
418.28
417.769
417.256
416.74
416.223
415.706
415.191
414.679
414.169
413.663
413.158
412.653
412.147
411.638
411.128
410.614
410.099
409.583
409.068
408.553
408.039
407.526
407.012
406.497
405.977
405.455
404.927
404.396
403.86
403.32
402.779
402.235
401.693
401.151
400.613
400.079
399.55
399.029
398.515
398.009
397.514
397.028
396.554
396.081
395.559
394.559
242.036
242.036
242.036
242.036
242.037
242.037
242.038
242.039
242.04
242.041
242.042
242.042
242.043
242.043
242.043
242.044
242.045
242.046
242.047
242.048
242.048
242.049
242.049
242.05
242.051
242.052
242.053
242.053
242.053
242.052
242.05
242.051
242.051
242.052
242.052
242.052
242.051
242.051
242.05
242.05
242.05
242.051
242.051
242.05
242.051
242.051
242.05
242.05
242.05
242.049
242.049
242.049
242.049
242.049
242.048
242.047
242.047
242.047
242.047
242.046
242.046
242.046
242.046
242.045
242.045
242.045
242.045
242.045
242.045
242.045
242.046
242.046
242.046
242.045
242.046
242.046
242.045
242.045
242.044
242.043
242.042
242.041
242.041
242.042
242.042
242.042
242.042
242.042
242.042
242.042
242.043
242.044
242.044
242.044
242.043
242.044
242.044
242.044
242.045
242.047
242.05
242.053
242.059
242.068
242.082
242.103
242.135
242.183
242.254
242.354
242.5
242.705
242.995
243.394
243.943
244.687
245.685
247.009
248.747
251.01
253.921
257.636
262.328
268.203
275.484
284.414
295.236
308.162
323.314
340.629
359.692
379.51
398.279
413.618
423.326
427.236
428.148
428.277
428.296
428.29
428.263
428.192
428.075
427.93
427.776
427.636
427.533
427.482
427.473
427.483
427.507
427.525
427.541
427.558
427.572
427.579
427.583
427.593
427.609
427.626
427.643
427.66
427.667
427.666
427.642
427.564
427.364
427.039
426.637
426.195
425.736
425.269
424.798
424.321
423.838
423.347
422.848
422.344
421.836
421.326
420.817
420.309
419.801
419.295
418.788
418.28
417.77
417.256
416.74
416.223
415.706
415.191
414.679
414.169
413.663
413.158
412.653
412.147
411.638
411.128
410.614
410.099
409.583
409.068
408.553
408.039
407.526
407.012
406.497
405.977
405.455
404.927
404.396
403.86
403.32
402.779
402.235
401.693
401.151
400.613
400.079
399.55
399.029
398.515
398.009
397.513
397.028
396.554
396.081
395.558
394.562
242.036
242.036
242.036
242.036
242.037
242.037
242.038
242.039
242.04
242.041
242.042
242.042
242.043
242.043
242.043
242.044
242.045
242.046
242.047
242.048
242.048
242.049
242.049
242.05
242.051
242.052
242.053
242.053
242.053
242.052
242.05
242.051
242.051
242.052
242.052
242.052
242.051
242.051
242.05
242.05
242.05
242.051
242.051
242.05
242.051
242.051
242.05
242.05
242.05
242.049
242.049
242.049
242.049
242.049
242.048
242.047
242.047
242.047
242.047
242.046
242.046
242.046
242.046
242.045
242.045
242.045
242.045
242.045
242.045
242.045
242.046
242.046
242.046
242.045
242.046
242.046
242.045
242.045
242.044
242.043
242.041
242.041
242.041
242.042
242.042
242.042
242.042
242.042
242.042
242.042
242.043
242.044
242.044
242.044
242.044
242.044
242.044
242.044
242.045
242.047
242.049
242.053
242.059
242.068
242.082
242.103
242.135
242.183
242.254
242.354
242.5
242.705
242.994
243.392
243.939
244.68
245.674
246.992
248.722
250.971
253.865
257.557
262.222
268.065
275.313
284.215
295.015
307.935
323.099
340.444
359.551
379.417
398.225
413.594
423.322
427.238
428.148
428.277
428.296
428.29
428.263
428.192
428.076
427.93
427.776
427.636
427.533
427.482
427.473
427.483
427.507
427.526
427.541
427.558
427.572
427.579
427.583
427.593
427.609
427.626
427.643
427.66
427.668
427.666
427.642
427.564
427.364
427.039
426.637
426.195
425.736
425.269
424.798
424.321
423.838
423.347
422.848
422.344
421.836
421.326
420.817
420.309
419.801
419.295
418.788
418.28
417.77
417.256
416.74
416.223
415.706
415.191
414.679
414.169
413.663
413.158
412.653
412.147
411.638
411.127
410.614
410.099
409.583
409.068
408.553
408.039
407.526
407.012
406.497
405.977
405.455
404.927
404.396
403.86
403.32
402.779
402.235
401.693
401.151
400.613
400.079
399.55
399.029
398.514
398.009
397.513
397.028
396.554
396.08
395.557
394.564
242.036
242.036
242.036
242.036
242.037
242.037
242.038
242.039
242.04
242.041
242.042
242.042
242.043
242.043
242.043
242.044
242.045
242.046
242.047
242.048
242.048
242.049
242.049
242.05
242.051
242.052
242.053
242.053
242.053
242.052
242.05
242.05
242.051
242.052
242.052
242.052
242.051
242.051
242.05
242.05
242.05
242.05
242.051
242.05
242.051
242.051
242.05
242.05
242.05
242.049
242.049
242.049
242.049
242.049
242.048
242.047
242.047
242.047
242.047
242.046
242.046
242.046
242.046
242.045
242.045
242.044
242.045
242.045
242.045
242.045
242.046
242.046
242.046
242.046
242.046
242.046
242.045
242.045
242.044
242.042
242.041
242.041
242.042
242.042
242.042
242.042
242.042
242.042
242.042
242.042
242.043
242.044
242.044
242.044
242.044
242.044
242.044
242.044
242.045
242.047
242.049
242.053
242.059
242.068
242.082
242.103
242.136
242.183
242.254
242.354
242.499
242.704
242.992
243.389
243.933
244.671
245.66
246.971
248.689
250.923
253.797
257.465
262.102
267.914
275.135
284.016
294.807
307.736
322.926
340.308
359.453
379.352
398.188
413.574
423.314
427.236
428.148
428.277
428.296
428.29
428.263
428.192
428.076
427.931
427.777
427.636
427.533
427.481
427.473
427.483
427.507
427.526
427.541
427.558
427.571
427.578
427.583
427.593
427.609
427.626
427.643
427.661
427.668
427.666
427.642
427.564
427.364
427.039
426.637
426.195
425.736
425.269
424.798
424.321
423.838
423.347
422.848
422.343
421.836
421.326
420.817
420.309
419.801
419.295
418.789
418.28
417.77
417.256
416.74
416.223
415.706
415.191
414.679
414.169
413.663
413.158
412.653
412.147
411.638
411.127
410.614
410.099
409.583
409.068
408.553
408.039
407.526
407.012
406.496
405.977
405.455
404.927
404.396
403.86
403.32
402.779
402.235
401.693
401.151
400.613
400.078
399.549
399.029
398.514
398.009
397.513
397.027
396.554
396.08
395.556
394.567
242.036
242.036
242.036
242.036
242.037
242.037
242.038
242.039
242.04
242.041
242.042
242.042
242.043
242.043
242.043
242.044
242.045
242.046
242.047
242.048
242.048
242.049
242.049
242.05
242.051
242.052
242.053
242.053
242.053
242.052
242.05
242.05
242.051
242.052
242.052
242.052
242.051
242.051
242.05
242.05
242.05
242.05
242.051
242.05
242.051
242.051
242.05
242.05
242.05
242.049
242.049
242.049
242.049
242.049
242.048
242.047
242.047
242.047
242.047
242.046
242.046
242.046
242.046
242.045
242.045
242.044
242.045
242.045
242.045
242.045
242.046
242.046
242.046
242.046
242.046
242.046
242.045
242.045
242.044
242.042
242.041
242.041
242.042
242.042
242.042
242.042
242.042
242.042
242.041
242.042
242.043
242.044
242.044
242.044
242.044
242.045
242.044
242.044
242.045
242.047
242.049
242.053
242.059
242.068
242.082
242.103
242.136
242.183
242.254
242.354
242.499
242.703
242.99
243.385
243.927
244.661
245.645
246.949
248.656
250.877
253.732
257.379
261.994
267.785
274.99
283.863
294.662
307.612
322.828
340.24
359.413
379.332
398.178
413.57
423.314
427.238
428.149
428.278
428.297
428.29
428.263
428.193
428.077
427.932
427.777
427.637
427.533
427.481
427.473
427.483
427.507
427.526
427.541
427.558
427.571
427.578
427.582
427.593
427.609
427.626
427.644
427.661
427.668
427.666
427.642
427.564
427.364
427.039
426.637
426.195
425.735
425.269
424.798
424.321
423.838
423.347
422.848
422.343
421.836
421.326
420.817
420.309
419.802
419.295
418.789
418.28
417.77
417.256
416.74
416.223
415.706
415.191
414.679
414.169
413.663
413.158
412.653
412.147
411.638
411.127
410.614
410.098
409.583
409.068
408.553
408.039
407.526
407.012
406.496
405.977
405.455
404.927
404.396
403.86
403.32
402.778
402.235
401.693
401.151
400.613
400.078
399.549
399.029
398.514
398.009
397.512
397.027
396.554
396.08
395.555
394.57
242.036
242.036
242.036
242.036
242.037
242.037
242.038
242.039
242.04
242.041
242.042
242.042
242.043
242.043
242.043
242.044
242.045
242.046
242.047
242.048
242.048
242.049
242.049
242.05
242.051
242.052
242.053
242.053
242.053
242.052
242.05
242.05
242.051
242.052
242.052
242.052
242.051
242.051
242.05
242.05
242.05
242.05
242.05
242.05
242.051
242.051
242.05
242.05
242.05
242.049
242.049
242.049
242.049
242.049
242.048
242.047
242.047
242.047
242.047
242.046
242.046
242.046
242.046
242.045
242.044
242.044
242.045
242.045
242.045
242.045
242.046
242.046
242.046
242.046
242.046
242.046
242.045
242.045
242.044
242.042
242.041
242.041
242.042
242.042
242.042
242.041
242.042
242.042
242.041
242.042
242.043
242.044
242.044
242.044
242.044
242.045
242.044
242.043
242.044
242.046
242.049
242.054
242.06
242.068
242.082
242.103
242.136
242.183
242.254
242.353
242.498
242.702
242.988
243.382
243.922
244.653
245.634
246.93
248.63
250.839
253.682
257.316
261.917
267.696
274.896
283.77
294.581
307.55
322.787
340.216
359.398
379.324
398.172
413.566
423.312
427.235
428.147
428.276
428.295
428.289
428.263
428.193
428.077
427.932
427.777
427.636
427.533
427.481
427.473
427.484
427.508
427.526
427.541
427.558
427.571
427.578
427.582
427.593
427.609
427.626
427.644
427.661
427.668
427.667
427.642
427.564
427.364
427.039
426.637
426.194
425.735
425.269
424.798
424.321
423.838
423.347
422.848
422.343
421.835
421.326
420.817
420.309
419.802
419.295
418.789
418.281
417.77
417.256
416.74
416.223
415.706
415.191
414.678
414.169
413.663
413.158
412.653
412.147
411.638
411.127
410.614
410.098
409.583
409.067
408.553
408.039
407.526
407.012
406.496
405.977
405.455
404.927
404.396
403.86
403.321
402.778
402.235
401.693
401.15
400.613
400.077
399.549
399.028
398.514
398.009
397.512
397.027
396.554
396.079
395.555
394.572
242.036
242.036
242.036
242.036
242.037
242.037
242.038
242.039
242.04
242.041
242.042
242.042
242.043
242.043
242.043
242.044
242.045
242.046
242.047
242.048
242.048
242.049
242.049
242.05
242.051
242.052
242.053
242.053
242.053
242.052
242.05
242.05
242.051
242.052
242.052
242.052
242.051
242.051
242.05
242.05
242.05
242.05
242.05
242.05
242.051
242.051
242.05
242.05
242.05
242.049
242.049
242.049
242.049
242.049
242.048
242.047
242.047
242.047
242.047
242.046
242.046
242.046
242.046
242.045
242.044
242.044
242.045
242.045
242.045
242.045
242.046
242.046
242.046
242.046
242.046
242.046
242.045
242.045
242.044
242.042
242.041
242.041
242.042
242.042
242.042
242.041
242.042
242.042
242.041
242.042
242.043
242.044
242.044
242.044
242.044
242.045
242.044
242.043
242.044
242.046
242.05
242.054
242.06
242.068
242.082
242.103
242.136
242.184
242.254
242.353
242.498
242.701
242.987
243.38
243.918
244.649
245.626
246.919
248.615
250.817
253.652
257.279
261.873
267.646
274.847
283.723
294.542
307.528
322.776
340.211
359.391
379.324
398.174
413.569
423.313
427.234
428.146
428.276
428.295
428.289
428.264
428.194
428.078
427.933
427.777
427.636
427.533
427.481
427.473
427.484
427.508
427.526
427.541
427.558
427.571
427.578
427.582
427.593
427.609
427.626
427.644
427.661
427.668
427.667
427.642
427.564
427.364
427.039
426.636
426.194
425.735
425.269
424.798
424.321
423.838
423.347
422.848
422.343
421.835
421.326
420.817
420.309
419.802
419.295
418.789
418.281
417.77
417.256
416.74
416.223
415.706
415.191
414.678
414.169
413.663
413.158
412.653
412.147
411.638
411.127
410.614
410.098
409.583
409.067
408.553
408.039
407.526
407.012
406.496
405.978
405.455
404.927
404.396
403.86
403.321
402.778
402.235
401.692
401.15
400.613
400.076
399.549
399.027
398.514
398.008
397.512
397.028
396.554
396.079
395.554
394.573
242.036
242.036
242.036
242.036
242.037
242.037
242.038
242.039
242.04
242.041
242.042
242.042
242.043
242.043
242.043
242.044
242.045
242.046
242.047
242.048
242.048
242.049
242.049
242.05
242.051
242.052
242.053
242.053
242.053
242.052
242.05
242.05
242.051
242.052
242.052
242.052
242.051
242.051
242.05
242.05
242.05
242.05
242.05
242.05
242.051
242.051
242.051
242.05
242.05
242.049
242.049
242.049
242.049
242.049
242.048
242.047
242.047
242.047
242.047
242.046
242.046
242.046
242.046
242.045
242.044
242.044
242.045
242.045
242.045
242.045
242.046
242.046
242.046
242.046
242.046
242.046
242.045
242.045
242.044
242.042
242.041
242.041
242.042
242.042
242.042
242.041
242.042
242.042
242.041
242.042
242.043
242.044
242.044
242.044
242.044
242.045
242.044
242.043
242.044
242.047
242.05
242.054
242.06
242.068
242.082
242.103
242.136
242.184
242.254
242.353
242.498
242.701
242.987
243.378
243.916
244.648
245.623
246.915
248.61
250.808
253.638
257.261
261.853
267.622
274.827
283.703
294.528
307.521
322.768
340.206
359.384
379.322
398.171
413.568
423.314
427.232
428.144
428.274
428.294
428.288
428.263
428.195
428.078
427.932
427.777
427.636
427.532
427.481
427.473
427.484
427.508
427.526
427.541
427.558
427.571
427.578
427.582
427.593
427.609
427.626
427.644
427.661
427.668
427.667
427.643
427.564
427.364
427.039
426.636
426.194
425.735
425.269
424.798
424.321
423.838
423.347
422.848
422.343
421.835
421.326
420.817
420.309
419.802
419.296
418.789
418.281
417.77
417.256
416.74
416.223
415.706
415.191
414.678
414.169
413.663
413.158
412.653
412.147
411.638
411.127
410.614
410.098
409.583
409.067
408.553
408.039
407.525
407.012
406.496
405.978
405.454
404.927
404.396
403.86
403.321
402.778
402.235
401.692
401.151
400.612
400.076
399.55
399.027
398.514
398.008
397.511
397.028
396.554
396.079
395.554
394.574
293
293
293
293
293
293
293
293
293
293
293
293
293
293
293
293
293
293
293
293
293
293
293
293
293
293
293.001
293.03
293.219
293.723
294.47
295.262
295.979
296.586
297.091
297.504
297.834
298.091
298.295
298.475
298.667
298.898
299.186
299.529
299.936
300.435
301.097
302.03
303.356
305.132
307.18
309.077
310.754
313.746
319.855
329.182
335.911
336.774
326.1
295.768
278.771
278.857
286.2
299.362
309.719
318.17
325.805
330.366
332.632
333.749
334.008
333.289
332.988
331.892
330.765
329.954
329.736
329.748
329.936
330.376
330.644
331.195
331.807
332.623
333.476
334.585
335.509
335.997
336.307
336.516
336.637
336.541
336.331
336.456
336.557
336.594
336.525
335.959
334.245
329.584
293
293
293
293
293
293
293
293
293
293
293
293
293
293
293
293
293
293
293
293
293
293
293
293
293
293
293
293.001
293.024
293.194
293.669
294.396
295.18
295.895
296.503
297.008
297.423
297.756
298.016
298.221
298.398
298.579
298.794
299.058
299.375
299.75
300.208
300.804
301.631
302.806
304.402
306.278
308.039
309.61
312.462
318.081
326.808
332.892
333.249
320.116
291.172
276.688
277.229
284.378
297.452
306.133
312.533
318.212
321.664
323.471
324.456
324.878
325.322
325.725
326.161
326.225
325.966
325.693
325.688
325.319
324.788
324.089
323.71
323.429
324.372
325.428
326.941
328.242
329.447
330.442
331.021
331.31
331.513
331.242
330.77
329.879
328.179
325.417
321.306
315.898
293
293
293
293
293
293
293
293
293
293
293
293
293
293
293
293
293
293
293
293
293
293
293
293
293
293
293
293.001
293.02
293.168
293.611
294.314
295.09
295.802
296.41
296.917
297.333
297.669
297.932
298.138
298.312
298.483
298.68
298.92
299.207
299.547
299.96
300.49
301.214
302.232
303.626
305.299
306.903
308.324
310.798
315.574
323.449
329.232
329.407
316.407
290.476
277.927
280.296
287.984
299.087
305.405
310.237
312.743
314.008
314.296
314.018
313.683
313.723
314.283
315.162
315.847
316.192
316.209
316.061
315.544
314.754
313.819
313.241
313.003
313.567
314.575
316.177
317.697
319.028
319.955
320.373
293
293
293
293
293
293
293
293
293
293
293
293
293
293
293
293
293
293
293
293
293
293
293
293
293
293
293
293
293
293.015
293.142
293.549
294.225
294.989
295.699
296.308
296.814
297.233
297.571
297.837
298.045
298.215
298.377
298.557
298.772
299.029
299.33
299.693
300.155
300.777
301.641
302.821
304.265
305.689
306.933
308.866
312.391
318.855
324.799
293
293
293
293
293
293
293
293
293
293
293
293
293
293
293
293
293
293
293
293
293
293
293
293
293
293
293
293
293
293.011
293.116
293.484
294.128
294.878
295.585
296.194
296.701
297.121
297.462
297.732
297.94
298.108
298.26
298.423
298.615
298.84
299.102
299.411
299.801
300.322
301.036
302.003
303.199
304.419
305.473
306.806
308.879
293
293
293
293
293
293
293
293
293
293
293
293
293
293
293
293
293
293
293
293
293
293
293
293
293
293
293
293
293
293.008
293.092
293.417
294.024
294.757
295.46
296.068
296.577
296.997
297.341
297.614
297.824
297.989
298.133
298.279
298.447
298.642
298.864
299.12
299.435
299.853
300.423
301.184
302.129
303.121
303.986
304.798
293
293
293
293
293
293
293
293
293
293
293
293
293
293
293
293
293
293
293
293
293
293
293
293
293
293
293
293
293
293.005
293.07
293.35
293.914
294.625
295.322
295.93
296.44
296.861
297.207
297.483
297.696
297.859
297.994
298.123
298.267
298.433
298.618
298.822
299.064
299.379
299.808
300.379
301.081
301.829
302.491
302.907
293
293
293
293
293
293
293
293
293
293
293
293
293
293
293
293
293
293
293
293
293
293
293
293
293
293
293
293
293
293.003
293.05
293.284
293.798
294.482
295.171
295.78
296.29
296.712
297.06
297.339
297.554
297.717
297.843
297.957
298.077
298.214
298.365
298.523
298.696
298.912
299.207
299.602
300.082
300.576
300.977
301.176
293
293
293
293
293
293
293
293
293
293
293
293
293
293
293
293
293
293
293
293
293
293
293
293
293
293
293
293
293
293.002
293.034
293.22
293.679
294.329
295.008
295.615
296.127
296.55
296.899
297.18
297.399
297.562
297.682
297.78
297.877
297.984
298.103
298.221
298.336
298.463
298.634
298.87
299.151
299.423
299.591
299.569
293
293
293
293
293
293
293
293
293
293
293
293
293
293
293
293
293
293
293
293
293
293
293
293
293
293
293
293
293
293.001
293.021
293.162
293.558
294.167
294.831
295.437
295.95
296.375
296.724
297.007
297.229
297.393
297.51
297.595
297.669
297.746
297.832
297.916
297.985
298.041
298.107
298.2
298.31
298.401
298.395
298.177
293
293
293
293
293
293
293
293
293
293
293
293
293
293
293
293
293
293
293
293
293
293
293
293
293
293
293
293
293
293
293.012
293.112
293.44
293.998
294.641
295.244
295.76
296.186
296.535
296.82
297.044
297.211
297.326
297.403
297.456
297.504
297.557
297.608
297.639
297.644
297.629
297.609
297.586
297.535
297.382
297.055
293
293
293
293
293
293
293
293
293
293
293
293
293
293
293
293
293
293
293
293
293
293
293
293
293
293
293
293
293
293
293.006
293.071
293.329
293.825
294.439
295.036
295.554
295.983
296.334
296.619
296.844
297.014
297.131
297.201
297.239
297.262
297.284
297.301
297.301
297.265
297.193
297.102
296.992
296.83
296.573
296.19
293
293
293
293
293
293
293
293
293
293
293
293
293
293
293
293
293
293
293
293
293
293
293
293
293
293
293
293
293
293
293.002
293.04
293.229
293.652
294.227
294.814
295.334
295.766
296.119
296.405
296.632
296.804
296.922
296.991
297.019
297.024
297.021
297.009
296.97
296.893
296.788
296.666
296.512
296.286
295.964
295.556
293
293
293
293
293
293
293
293
293
293
293
293
293
293
293
293
293
293
293
293
293
293
293
293
293
293
293
293
293
293
293.001
293.02
293.145
293.486
294.008
294.578
295.098
295.535
295.891
296.179
296.408
296.581
296.702
296.771
296.794
296.791
296.774
296.732
296.653
296.539
296.411
296.277
296.111
295.869
295.533
295.123
293
293
293
293
293
293
293
293
293
293
293
293
293
293
293
293
293
293
293
293
293
293
293
293
293
293
293
293
293
293
293
293.008
293.081
293.335
293.789
294.33
294.846
295.289
295.651
295.942
296.172
296.348
296.472
296.542
296.566
296.563
296.537
296.476
296.366
296.218
296.065
295.919
295.757
295.534
295.225
294.846
293
293
293
293
293
293
293
293
293
293
293
293
293
293
293
293
293
293
293
293
293
293
293
293
293
293
293
293
293
293
293
293.002
293.038
293.206
293.576
294.074
294.581
295.028
295.396
295.692
295.927
296.106
296.233
296.308
296.336
296.334
296.308
296.241
296.115
295.94
295.76
295.596
295.435
295.239
294.98
294.658
293
293
293
293
293
293
293
293
293
293
293
293
293
293
293
293
293
293
293
293
293
293
293
293
293
293
293
293
293
293
293
293.001
293.014
293.108
293.381
293.816
294.304
294.753
295.129
295.432
295.671
295.855
295.988
296.07
296.104
296.107
296.085
296.022
295.896
295.71
295.507
295.321
295.149
294.969
294.756
294.5
293
293
293
293
293
293
293
293
293
293
293
293
293
293
293
293
293
293
293
293
293
293
293
293
293
293
293
293
293
293
293
293
293.004
293.046
293.219
293.569
294.018
294.464
294.849
295.16
295.406
295.596
295.736
295.827
295.872
295.881
295.865
295.814
295.702
295.522
295.309
295.104
294.916
294.735
294.547
294.342
293
293
293
293
293
293
293
293
293
293
293
293
293
293
293
293
293
293
293
293
293
293
293
293
293
293
293
293
293
293
293
293
293.001
293.014
293.102
293.347
293.733
294.163
294.556
294.878
295.132
295.329
295.476
295.578
295.636
295.655
295.648
295.614
295.526
295.367
295.16
294.946
294.745
294.556
294.373
294.191
293
293
293
293
293
293
293
293
293
293
293
293
293
293
293
293
293
293
293
293
293
293
293
293
293
293
293
293
293
293
293
293
293
293.003
293.034
293.172
293.465
293.855
294.248
294.586
294.853
295.058
295.212
295.323
295.394
295.426
295.431
295.413
295.356
295.235
295.048
294.838
294.633
294.439
294.254
294.077
293
293
293
293
293
293
293
293
293
293
293
293
293
293
293
293
293
293
293
293
293
293
293
293
293
293
293
293
293
293
293
293
293
293
293.007
293.063
293.24
293.553
293.926
294.277
294.565
294.785
294.948
295.065
295.146
295.192
295.209
295.206
295.18
295.105
294.96
294.769
294.569
294.376
294.192
294.015
293
293
293
293
293
293
293
293
293
293
293
293
293
293
293
293
293
293
293
293
293
293
293
293
293
293
293
293
293
293
293
293
293
293
293.001
293.014
293.09
293.29
293.602
293.948
294.26
294.506
294.686
294.813
294.9
294.955
294.983
294.991
294.985
294.953
294.867
294.719
294.54
294.357
294.178
294.006
293
293
293
293
293
293
293
293
293
293
293
293
293
293
293
293
293
293
293
293
293
293
293
293
293
293
293
293
293
293
293
293
293
293
293
293.002
293.021
293.109
293.312
293.609
293.926
294.204
294.416
294.566
294.665
294.726
294.76
294.775
294.778
294.77
294.734
294.649
294.517
294.359
294.195
294.034
293
293
293
293
293
293
293
293
293
293
293
293
293
293
293
293
293
293
293
293
293
293
293
293
293
293
293
293
293
293
293
293
293
293
293
293
293.002
293.024
293.112
293.304
293.577
293.866
294.117
294.306
294.433
294.511
294.553
294.571
294.575
294.572
294.558
294.523
294.456
294.348
294.213
294.074
293
293
293
293
293
293
293
293
293
293
293
293
293
293
293
293
293
293
293
293
293
293
293
293
293
293
293
293
293
293
293
293
293
293
293
293
293
293.002
293.022
293.1
293.269
293.511
293.773
294.004
294.179
294.294
294.36
294.389
294.396
294.391
294.377
294.355
294.328
294.28
294.197
294.091
293
293
293
293
293
293
293
293
293
293
293
293
293
293
293
293
293
293
293
293
293
293
293
293
293
293
293
293
293
293
293
293
293
293
293
293
293
293
293.002
293.017
293.078
293.214
293.419
293.653
293.869
294.038
294.15
294.213
294.238
294.24
294.227
294.2
294.173
294.148
294.114
294.055
293
293
293
293
293
293
293
293
293
293
293
293
293
293
293
293
293
293
293
293
293
293
293
293
293
293
293
293
293
293
293
293
293
293
293
293
293
293
293
293.001
293.011
293.051
293.15
293.313
293.514
293.714
293.88
293.998
294.067
294.097
294.101
294.085
294.053
294.019
293.99
293.959
293
293
293
293
293
293
293
293
293
293
293
293
293
293
293
293
293
293
293
293
293
293
293
293
293
293
293
293
293
293
293
293
293
293
293
293
293
293
293
293
293
293.005
293.027
293.09
293.206
293.366
293.544
293.706
293.833
293.917
293.96
293.972
293.963
293.935
293.898
293.863
293
293
293
293
293
293
293
293
293
293
293
293
293
293
293
293
293
293
293
293
293
293
293
293
293
293
293
293
293
293
293
293
293
293
293
293
293
293
293
293
293
293
293.002
293.012
293.044
293.115
293.228
293.371
293.52
293.651
293.751
293.814
293.844
293.848
293.834
293.804
293
293
293
293
293
293
293
293
293
293
293
293
293
293
293
293
293
293
293
293
293
293
293
293
293
293
293
293
293
293
293
293
293
293
293
293
293
293
293
293
293
293
293
293
293.004
293.017
293.051
293.117
293.216
293.335
293.458
293.566
293.649
293.702
293.727
293.731
293
293
293
293
293
293
293
293
293
293
293
293
293
293
293
293
293
293
293
293
293
293
293
293
293
293
293
293
293
293
293
293
293
293
293
293
293
293
293
293
293
293
293
293
293
293.001
293.004
293.017
293.046
293.1
293.178
293.272
293.371
293.462
293.534
293.585
293
293
293
293
293
293
293
293
293
293
293
293
293
293
293
293
293
293
293
293
293
293
293
293
293
293
293
293
293
293
293
293
293
293
293
293
293
293
293
293
293
293
293
293
293
293
293
293.001
293.004
293.013
293.034
293.071
293.127
293.197
293.274
293.348
293
293
293
293
293
293
293
293
293
293
293
293
293
293
293
293
293
293
293
293
293
293
293
293
293
293
293
293
293
293
293
293
293
293
293
293
293
293
293
293
293
293
293
293
293
293
293
293
293
293.001
293.002
293.008
293.02
293.042
293.077
293.123
293
293
293
293
293
293
293
293
293
293
293
293
293
293
293
293
293
293
293
293
293
293
293
293
293
293
293
293
293
293
293
293
293
293
293
293
293
293
293
293
293
293
293
293
293
293
293
293
293
293
293
293
293.001
293.003
293.009
293.019
293
293
293
293
293
293
293
293
293
293
293
293
293
293
293
293
293
293
293
293
293
293
293
293
293
293
293
293
293
293
293
293
293
293
293
293
293
293
293
293
293
293
293
293
293
293
293
293
293
293
293
293
293
293
293
293.001
293
293
293
293
293
293
293
293
293
293
293
293
293
293
293
293
293
293
293
293
293
293
293
293
293
293
293
293
293
293
293
293
293
293
293
293
293
293
293
293
293
293
293
293
293
293
293
293
293
293
293
293
293
293
293
293
293
293
293
293
293
293
293
293
293
293
293
293
293
293
293
293
293
293
293
293
293
293
293
293
293
293
293
293
293
293
293
293
293
293
293
293
293
293
293
293
293
293
293
293
293
293
293
293
293
293
293
293
293
293
293
293
293
293
293
293
293
293
293
293
293
293
293
293
293
293
293
293
293
293
293
293
293
293
293
293
293
293
293
293
293
293
293
293
293
293
293
293
293
293
293
293
293
293
293
293
293
293
293
293
293
293
293
293
293
293
293
293
293
293
293
293
293
293
293
293
293
293
293
293
293
293
293
293
293
293
293
293
293
293
293
293
293
293
293
293
293
293
293
293
293
293
293
293
293
293
293
293
293
293
293
293
293
293
293
293
293
293
293
293
293
293
293
293
293
293
293
293
293
293
293
293
293
293
293
293
293
293
293
293
293
293
293
293
293
293
293
293
293
293
293
293
293
293
293
293
293
293
293
293
293
293
293
293
293
293
293
293
293
293
293
293
293
293
293
293
293
293
293
293
293
293
293
293
293
293
293
293
293
293
293
293
293
293
293
293
293
293
293
293
293
293
293
293
293
293
293
293
293
293
293
293
293
293
293
293
293
293
293
293
293
293
293
293
293
293
293
293
293
293
293
293
293
293
293
293
293
293
293
293
293
293
293
293
293
293
293
293
293
293
293
293
293
293
293
293
293
293
293
293
293
293
293
293
293
293
293
293
293
293
293
293
293
293
293
293
293
293
293
293
293
293
293
293
293
293
293
293
293
293
293
293
293
293
293
293
293
293
293
293
293
293
293
293
293
293
293
293
293
293
293
293
293
293
293
293
293
293
293
293
293
293
293
293
293
293
293
293
293
293
293
293
293
293
293
293
293
293
293
293
293
293
293
293
293
293
293
293
293
293
293
293
293
293
293
293
293
293
293
293
293
293
293
293
293
293
293
293
293
293
293
293
293
293
293
293
293
293
293
293
293
293
293
293
293
293
293
293
293
293
293
293
293
293
293
293
293
293
293
293
293
293
293
293
293
293
293
293
293
293
293
293
293
293
293
293
293
293
293
293
293
293
293
293
293
293
293
293
293
293
293
293
293
293
293
293
293
293
293
293
293
293
293
293
293
293
293
293
293
293
293
293
293
293
293
293
293
293
293
293
293
293
293
293
293
293
293
293
293
293
293
293
293
293
293
293
293
293
293
293
293
293
293
293
293
293
293
293
293
293
293
293
293
293
293
293
293
293
293
293
293
293
293
293
293
293
293
293
293
293
293
293
293
293
293
293
293
293
293
293
293
293
293
293
293
293
293
293
293
293
293
293
293
293
293
293
293
293
293
293
293
293
293
293
293
293
293
293
293
293
293
293
293
293
293
293
293
293
293
293
293
293
293
293
293
293
293
293
293
293
293
293
293
293
293
293
293
293
293
293
293
293
293
293
293
293
293
293
293
293
293
293
293
293
293
293
293
293
293
293
293
293
293
293
293
293
293
293
293
293
293
293
293
293
293
293
293
293
293
293
293
293
293
293
293
293
293
293
293
293
293
293
293
293
293
293
293
293
293
293
293
293
293
293
293
293
293
293
293
293
293
293
293
293
293
293
293
293
293
293
293
293
293
293
293
293
293
293
293
293
293
293
293
293
293
293
293
293
293
293
293
293
293
293
293
293
293
293
293
293
293
293
293
293
293
293
293
293
293
293
293
293
293
293
293
293
293
293
293.006
293.08
293.413
294.088
294.936
295.765
296.488
297.093
297.588
297.98
298.281
298.516
298.726
298.959
299.249
299.598
299.993
300.474
301.157
302.158
303.443
304.878
306.554
308.933
312.381
316.354
319.539
321.164
322.499
325.046
332.496
349.539
364.492
371.591
349.922
322.167
320.908
327.054
333.556
341.216
350.617
359.195
370.018
381.749
393.671
401.264
375.29
263.558
259.92
274.041
298.987
310.22
318.512
328.21
339.559
353.333
370.793
388.188
397.331
385.567
327.095
312.284
310.388
314.34
332.563
341.262
335.774
234.562
190.274
198.686
258.416
293.776
335.144
375.027
293
293
293
293
293
293
293
293
293
293
293
293
293
293
293
293
293
293
293
293
293
293
293
293
293.006
293.08
293.413
294.088
294.936
295.766
296.49
297.095
297.591
297.984
298.286
298.522
298.732
298.966
299.258
299.608
300.005
300.488
301.173
302.176
303.465
304.911
306.602
308.986
312.422
316.379
319.549
321.276
322.603
325.17
332.879
349.706
364.842
371.316
347.203
320.022
318.346
324.621
331.014
338.91
347.986
356.697
367.495
378.664
389.526
397.264
370.936
262.895
258.628
272.095
296.004
307.42
315.635
325.782
336.686
350.417
367.639
384.13
392.834
377.873
323.763
308.5
306.77
311.587
327.816
335.263
325.121
225.708
192.04
199.942
254.723
295.761
335.483
374.451
293
293
293
293
293
293
293
293
293
293
293
293
293
293
293
293
293
293
293
293
293
293
293
293
293.005
293.08
293.411
294.085
294.933
295.762
296.485
297.091
297.586
297.979
298.281
298.516
298.726
298.959
299.249
299.598
299.994
300.475
301.154
302.148
303.43
304.876
306.572
308.947
312.356
316.294
319.506
321.115
322.337
325.156
333.21
349.587
363.816
369.121
341.892
316.135
314.256
320.655
326.886
334.683
343.32
351.723
362.225
372.83
382.766
390.022
364.43
261.098
256.164
267.957
291.321
302.945
311.12
321.476
332.312
345.636
362.294
377.971
386.043
367.384
319.015
302.71
300.597
306.054
319.728
326.859
311.931
234.285
195.86
198.878
248.198
292.038
332.497
373.176
293
293
293
293
293
293
293
293
293
293
293
293
293
293
293
293
293
293
293
293
293
293
293
293
293.005
293.079
293.41
294.082
294.929
295.757
296.481
297.086
297.582
297.975
298.277
298.513
298.722
298.954
299.244
299.592
299.988
300.467
301.141
302.127
303.405
304.859
306.566
308.93
312.294
316.155
319.321
321.091
322.253
325.315
333.885
350.057
363.367
366.094
335.583
311.316
309.434
315.976
322.081
329.529
337.453
345.252
355.173
365.087
374.718
381.099
357.169
260.321
254.561
265.05
286.606
297.373
306.508
317.099
327.944
340.844
356.386
371.352
379.015
357.315
315.579
298.145
295.507
300.02
310.021
315.526
292.421
241.503
208.697
206.241
241.337
286.697
328.451
371.099
293
293
293
293
293
293
293
293
293
293
293
293
293
293
293
293
293
293
293
293
293
293
293
293
293.005
293.078
293.407
294.077
294.923
295.751
296.475
297.08
297.576
297.97
298.272
298.508
298.717
298.948
299.236
299.583
299.979
300.456
301.123
302.097
303.368
304.828
306.55
308.91
312.229
316.038
319.129
320.88
322.141
325.597
334.796
350.443
361.402
361.853
329.068
306.488
304.847
311.481
317.402
324.421
331.537
338.687
347.913
357.199
366.495
372.187
349.778
260.024
252.665
259.638
280.554
293.241
302.29
313.336
324.256
336.971
351.427
365.793
372.812
349.396
314.513
296.267
292.636
295.41
301.674
303.637
277.147
248.723
224.229
217.026
235.739
279.887
322.399
367.858
293
293
293
293
293
293
293
293
293
293
293
293
293
293
293
293
293
293
293
293
293
293
293
293
293.005
293.077
293.404
294.072
294.916
295.744
296.467
297.073
297.569
297.963
298.266
298.502
298.71
298.94
299.226
299.573
299.968
300.442
301.101
302.061
303.324
304.793
306.53
308.881
312.138
315.865
318.922
320.695
322.075
325.973
335.893
350.808
359.596
357.513
323.65
302.43
301.112
307.66
313.319
319.811
326.192
332.738
341.306
350.064
359.135
364.662
343.176
262.133
253.297
256.507
275.333
289.457
300.181
311.504
322.892
335.323
348.283
361.056
367.974
344.014
315.112
296.547
292.127
294.133
296.513
291.705
268.425
256.16
240.926
229.893
233.843
271.641
313.941
362.896
293
293
293
293
293
293
293
293
293
293
293
293
293
293
293
293
293
293
293
293
293
293
293
293
293.005
293.076
293.4
294.065
294.908
295.735
296.458
297.064
297.56
297.955
298.258
298.494
298.703
298.931
299.215
299.56
299.954
300.426
301.075
302.019
303.272
304.748
306.501
308.841
312.034
315.668
318.655
320.43
321.989
326.441
336.81
350.6
357.766
352.929
319.331
299.501
298.519
305.005
310.336
316.365
322.103
328.176
336.229
344.531
353.158
358.568
337.516
265.345
254.647
254.823
271.088
286.456
297.82
309.716
321.881
334.461
346.919
358.31
364.622
341.147
317.446
300.114
294.163
293.721
293.629
279.845
265.565
260.954
254.247
244.937
243.951
266.078
303.921
355.429
293
293
293
293
293
293
293
293
293
293
293
293
293
293
293
293
293
293
293
293
293
293
293
293
293.005
293.075
293.395
294.057
294.898
295.725
296.448
297.053
297.55
297.945
298.249
298.486
298.694
298.92
299.202
299.545
299.939
300.407
301.045
301.971
303.211
304.694
306.465
308.797
311.923
315.45
318.358
320.15
321.938
327.037
337.897
350.544
356.185
348.779
315.857
297.125
297.116
303.299
308.365
313.946
319.123
324.832
332.455
340.506
348.792
354.074
333.213
269.499
257.016
256.705
268.901
284.63
296.848
309.129
321.76
334.648
346.853
356.887
361.886
339.537
321.028
305.465
297.241
293.962
288.976
273.396
265.978
264.044
264.327
260.68
258.593
266.194
294.852
344.68
293
293
293
293
293
293
293
293
293
293
293
293
293
293
293
293
293
293
293
293
293
293
293
293
293.005
293.073
293.39
294.048
294.887
295.713
296.436
297.041
297.538
297.934
298.239
298.476
298.684
298.908
299.187
299.528
299.92
300.385
301.012
301.917
303.142
304.631
306.418
308.74
311.798
315.219
318.04
319.838
321.849
327.446
338.482
350.134
354.762
345.522
313.409
295.685
296.447
302.481
307.371
312.588
317.339
322.733
330.002
337.811
345.582
350.32
330.013
274.632
260.86
259.49
268.558
283.197
296.183
308.804
321.86
335.106
347.196
356.062
359.15
338.971
324.605
311.067
300.674
293.992
283.417
270.708
267.79
268.159
271.724
273.318
272.537
277.147
292.948
331.021
293
293
293
293
293
293
293
293
293
293
293
293
293
293
293
293
293
293
293
293
293
293
293
293
293.005
293.071
293.383
294.035
294.872
295.696
296.419
297.025
297.522
297.919
298.226
298.463
298.67
298.891
299.167
299.505
299.896
300.356
300.968
301.847
303.05
304.542
306.348
308.66
311.635
314.915
317.626
319.464
321.835
328.146
339.454
350.119
353.64
342.539
310.73
294.616
295.976
301.845
306.74
311.589
315.715
320.678
327.651
335.413
342.86
346.752
327.595
280.87
266.627
264.139
268.73
281.975
295.781
308.601
321.954
335.388
347.341
354.866
355.261
338.325
327.692
316.601
303.989
292.872
279.158
271.378
270.02
272.779
277.939
282.266
284.723
290.574
297.455
307.721
293
293
293
293
293
293
293
293
293
293
293
293
293
293
293
293
293
293
293
293
293
293
293
293
293.004
293.069
293.374
294.02
294.852
295.675
296.398
297.004
297.502
297.9
298.208
298.446
298.652
298.87
299.141
299.475
299.863
300.318
300.912
301.759
302.932
304.422
306.246
308.547
311.432
314.556
317.141
319.017
321.818
328.628
339.765
349.417
352.124
339.428
307.92
293.505
295.502
301.462
306.501
311.068
314.634
319.106
325.735
333.311
340.248
343.22
324.953
287.418
274.044
270.69
271.279
281.266
295.425
308.216
321.729
335.094
346.502
352.929
350.715
337.655
330.075
320.788
305.809
290.944
278.489
273.44
272.419
277.028
282.976
288.625
294.63
301.923
309.536
314.38
293
293
293
293
293
293
293
293
293
293
293
293
293
293
293
293
293
293
293
293
293
293
293
293
293.004
293.066
293.364
294.002
294.83
295.652
296.374
296.98
297.478
297.878
298.187
298.427
298.632
298.847
299.111
299.44
299.825
300.274
300.851
301.664
302.803
304.282
306.118
308.408
311.205
314.165
316.619
318.566
321.893
329.275
340.38
348.986
350.921
336.484
305.031
292.227
294.803
301.118
306.444
310.936
314.153
318.058
324.071
331.336
337.59
339.607
322.214
292.954
281.412
276.871
275.579
281.599
294.49
307.413
320.773
333.862
344.495
349.922
346.71
337.097
331.315
322.549
305.919
290.096
280.118
276.064
275.03
280.217
286.37
293.222
300.376
307.562
313.847
316.478
293
293
293
293
293
293
293
293
293
293
293
293
293
293
293
293
293
293
293
293
293
293
293
293
293.004
293.063
293.353
293.982
294.805
295.625
296.347
296.953
297.453
297.853
298.164
298.405
298.609
298.821
299.079
299.402
299.783
300.226
300.785
301.564
302.663
304.122
305.961
308.24
310.957
313.771
316.11
318.123
321.967
329.808
340.807
348.45
349.703
333.489
302.012
290.79
294.106
300.941
306.536
311.089
314.196
317.615
322.802
329.455
334.947
336.062
319.537
297.134
287.715
282.687
280.648
283.205
293.715
306.263
319.042
331.883
341.651
346.059
343.089
336.191
331.452
322.318
305.446
291.013
283.412
279.403
278.356
283.178
288.983
296.61
304.957
311.839
316.548
317.899
293
293
293
293
293
293
293
293
293
293
293
293
293
293
293
293
293
293
293
293
293
293
293
293
293.003
293.059
293.341
293.96
294.778
295.596
296.318
296.924
297.424
297.826
298.139
298.381
298.585
298.792
299.044
299.36
299.736
300.172
300.714
301.459
302.514
303.944
305.776
308.041
310.684
313.357
315.584
317.68
322.066
330.338
341.123
347.808
348.46
330.512
299.127
289.48
293.636
300.933
306.906
311.532
314.604
317.675
322.168
327.963
332.568
332.947
317.356
300.369
293.069
288.099
285.991
286.055
294.134
305.243
317.105
329.436
338.441
342.073
340.075
334.979
330.322
320.011
304.928
293.523
286.815
283.335
282.378
286.498
291.621
299.58
308.508
314.917
317.926
318.623
293
293
293
293
293
293
293
293
293
293
293
293
293
293
293
293
293
293
293
293
293
293
293
293
293.003
293.056
293.328
293.937
294.749
295.565
296.286
296.892
297.393
297.796
298.111
298.355
298.558
298.762
299.006
299.315
299.684
300.113
300.638
301.349
302.358
303.749
305.562
307.806
310.383
312.933
315.06
317.244
322.118
330.788
341.267
347.096
347.236
327.766
296.678
288.619
293.586
301.363
307.802
312.57
315.645
318.44
322.291
327.31
331.056
330.825
316.429
303.225
297.435
293.081
291.01
290.08
296.165
305.278
316.174
327.58
335.79
338.887
338.231
333.835
328.51
317.074
305.021
296.352
290.606
287.37
286.7
290.292
294.559
302.133
310.942
316.772
318.92
319.227
293
293
293
293
293
293
293
293
293
293
293
293
293
293
293
293
293
293
293
293
293
293
293
293
293.003
293.052
293.314
293.912
294.717
295.531
296.251
296.858
297.359
297.764
298.081
298.326
298.529
298.729
298.966
299.266
299.627
300.048
300.558
301.236
302.195
303.539
305.319
307.535
310.049
312.492
314.543
316.876
322.252
331.253
341.26
346.244
345.972
325.299
294.803
288.325
294.119
302.471
309.331
314.423
317.599
320.268
323.465
327.602
330.596
329.893
316.989
307.126
302.005
297.997
296.631
295.688
299.837
306.981
316.789
327.052
334.456
337.242
337.654
333.179
327.028
315.903
306.815
299.927
294.8
291.624
291.194
294.473
297.913
304.405
312.275
317.764
319.926
320.245
293
293
293
293
293
293
293
293
293
293
293
293
293
293
293
293
293
293
293
293
293
293
293
293
293.003
293.049
293.3
293.886
294.683
295.494
296.214
296.821
297.323
297.729
298.048
298.295
298.498
298.694
298.924
299.214
299.567
299.978
300.472
301.119
302.029
303.316
305.051
307.23
309.686
312.032
314
316.438
322.147
331.43
341.062
345.349
344.501
322.602
293.352
288.423
295.155
304.358
311.851
317.246
320.69
323.318
326.09
329.185
331.34
330.676
319.681
311.76
307.402
303.811
302.851
302.158
305.138
311.245
319.198
327.685
334.302
337.304
338.508
334.036
327.023
317.461
310.331
304.277
299.552
296.327
295.832
298.922
301.848
306.554
312.5
317.961
320.665
321.191
293
293
293
293
293
293
293
293
293
293
293
293
293
293
293
293
293
293
293
293
293
293
293
293
293.002
293.045
293.285
293.858
294.647
295.455
296.175
296.782
297.284
297.692
298.013
298.262
298.464
298.657
298.879
299.159
299.502
299.903
300.381
300.998
301.858
303.084
304.761
306.891
309.284
311.538
313.446
316.049
322.087
331.547
340.591
344.222
342.905
319.519
291.983
288.574
295.927
306.296
314.926
321.29
325.172
327.822
330.136
332.248
333.562
332.591
324.097
318.156
314.402
311.281
310.788
310.402
312.585
317.188
323.51
330.087
335.273
338.167
339.817
336.227
329.933
322.652
316.937
311.84
306.617
303.583
302.713
305.005
307.091
309.905
313.913
318.734
322.388
323.389
293
293
293
293
293
293
293
293
293
293
293
293
293
293
293
293
293
293
293
293
293
293
293
293
293.002
293.041
293.27
293.828
294.609
295.414
296.133
296.74
297.243
297.652
297.975
298.226
298.428
298.618
298.833
299.102
299.433
299.823
300.286
300.873
301.685
302.844
304.453
306.521
308.848
311.017
312.871
315.603
321.802
331.34
339.915
342.927
340.49
315.408
290.218
288.204
295.753
307.042
316.476
324.144
329.016
332.234
334.366
335.683
336.168
334.832
329.325
324.918
321.821
319.429
319.131
318.569
320.213
323.551
328.318
332.92
336.535
338.908
340.547
338.517
334.371
329.597
325.45
320.736
315.684
312.958
311.772
312.771
314.815
317.072
319.222
322.017
326.512
329.485
293
293
293
293
293
293
293
293
293
293
293
293
293
293
293
293
293
293
293
293
293
293
293
293
293.002
293.038
293.255
293.797
294.569
295.37
296.089
296.696
297.199
297.61
297.935
298.188
298.39
298.577
298.784
299.042
299.361
299.738
300.185
300.745
301.508
302.599
304.129
306.123
308.376
310.461
312.262
315.117
321.4
330.972
339.029
341.424
337.002
309.646
287.065
286.024
293.557
305.892
316.356
325.271
331.06
334.604
336.713
337.846
338.113
336.323
332.982
329.791
327.481
326.123
325.948
325.614
326.716
328.826
331.788
335.152
337.812
339.667
340.889
339.499
337.008
334.605
332.558
329.532
326.502
324.242
323.377
323.364
324.861
326.916
329.366
331.605
334.851
340.433
293
293
293
293
293
293
293
293
293
293
293
293
293
293
293
293
293
293
293
293
293
293
293
293
293
293
293.001
293.034
293.239
293.766
294.526
295.324
296.042
296.649
297.153
297.565
297.892
298.147
298.35
298.534
298.734
298.98
299.286
299.649
300.079
300.612
301.329
302.35
303.795
305.702
307.871
309.872
311.622
314.571
320.845
330.382
337.895
339.641
332.464
302.91
282.967
282.54
289.9
302.77
314.231
323.466
330.824
334.797
336.846
337.78
337.828
336.009
334.351
332.118
330.593
329.547
329.387
329.316
329.958
331.302
332.82
334.817
336.533
337.571
338.301
338.208
337.734
336.793
336.111
335.262
334.052
333.002
332.541
332.456
333.777
335.283
337.038
338.777
341.273
349.132
394.558
395.559
396.081
396.554
397.028
397.514
398.009
398.515
399.029
399.55
400.079
400.613
401.151
401.693
402.235
402.779
403.32
403.86
404.396
404.927
405.455
405.977
406.497
407.012
407.526
408.039
408.553
409.068
409.583
410.099
410.614
411.128
411.638
412.147
412.653
413.158
413.663
414.169
414.679
415.191
415.706
416.223
416.74
417.256
417.769
418.28
418.788
419.295
419.801
420.309
420.817
421.326
421.836
422.344
422.848
423.347
423.838
424.321
424.798
425.269
425.736
426.195
426.637
427.04
427.364
427.564
427.642
427.666
427.667
427.66
427.643
427.626
427.609
427.593
427.583
427.579
427.572
427.558
427.541
427.526
427.507
427.483
427.473
427.482
427.533
427.636
427.776
427.93
428.075
428.192
428.263
428.29
428.295
428.275
428.147
427.232
423.335
413.657
398.365
379.658
359.895
340.869
323.57
308.413
295.463
284.608
275.64
268.324
262.418
257.701
253.966
251.04
248.767
247.021
245.693
244.691
243.945
243.396
242.996
242.706
242.5
242.354
242.254
242.183
242.135
242.103
242.082
242.068
242.059
242.053
242.05
242.048
242.046
242.044
242.044
242.043
242.043
242.044
242.044
242.044
242.043
242.042
242.042
242.042
242.042
242.042
242.042
242.042
242.041
242.041
242.042
242.043
242.044
242.045
242.045
242.046
242.046
242.045
242.046
242.046
242.046
242.045
242.045
242.044
242.045
242.045
242.045
242.045
242.046
242.046
242.046
242.046
242.047
242.047
242.047
242.047
242.048
242.049
242.049
242.049
242.049
242.049
242.05
242.05
242.05
242.051
242.051
242.05
242.051
242.051
242.05
242.05
242.05
242.051
242.052
242.052
242.052
242.052
242.051
242.051
242.051
242.052
242.053
242.053
242.053
242.052
242.051
242.05
242.049
242.049
242.048
242.048
242.047
242.046
242.045
242.044
242.043
242.043
242.043
242.042
242.042
242.041
242.04
242.039
242.038
242.037
242.037
242.036
242.036
242.036
242.036
394.559
395.559
396.081
396.554
397.028
397.514
398.009
398.515
399.029
399.55
400.079
400.613
401.151
401.693
402.235
402.779
403.32
403.86
404.396
404.927
405.455
405.977
406.497
407.012
407.526
408.039
408.553
409.068
409.583
410.099
410.614
411.128
411.638
412.147
412.653
413.158
413.663
414.169
414.679
415.191
415.706
416.223
416.74
417.256
417.769
418.28
418.788
419.295
419.801
420.309
420.817
421.326
421.836
422.344
422.848
423.347
423.838
424.321
424.798
425.269
425.736
426.195
426.637
427.039
427.364
427.564
427.642
427.666
427.667
427.66
427.643
427.626
427.609
427.593
427.583
427.579
427.572
427.558
427.541
427.525
427.507
427.483
427.473
427.482
427.533
427.636
427.776
427.93
428.075
428.192
428.263
428.29
428.296
428.276
428.147
427.237
423.335
413.647
398.337
379.61
359.83
340.794
323.492
308.338
295.398
284.553
275.597
268.291
262.394
257.683
253.955
251.032
248.762
247.018
245.691
244.69
243.945
243.395
242.996
242.706
242.5
242.354
242.254
242.183
242.135
242.103
242.082
242.068
242.059
242.053
242.05
242.048
242.046
242.044
242.044
242.044
242.043
242.044
242.044
242.044
242.043
242.042
242.042
242.042
242.042
242.042
242.042
242.042
242.041
242.041
242.042
242.043
242.044
242.045
242.045
242.046
242.046
242.045
242.046
242.046
242.046
242.045
242.045
242.045
242.045
242.045
242.045
242.045
242.046
242.046
242.046
242.046
242.047
242.047
242.047
242.047
242.048
242.049
242.049
242.049
242.049
242.049
242.05
242.05
242.05
242.051
242.051
242.05
242.051
242.051
242.05
242.05
242.05
242.051
242.051
242.052
242.052
242.052
242.051
242.051
242.051
242.052
242.053
242.053
242.053
242.052
242.051
242.05
242.049
242.049
242.048
242.048
242.047
242.046
242.045
242.044
242.043
242.043
242.043
242.042
242.042
242.041
242.04
242.039
242.038
242.037
242.037
242.036
242.036
242.036
242.036
394.562
395.558
396.081
396.554
397.028
397.514
398.009
398.515
399.029
399.55
400.079
400.613
401.151
401.693
402.235
402.779
403.32
403.86
404.396
404.927
405.455
405.977
406.497
407.012
407.526
408.039
408.553
409.068
409.583
410.099
410.614
411.128
411.638
412.147
412.653
413.158
413.663
414.169
414.679
415.191
415.706
416.223
416.74
417.256
417.77
418.28
418.788
419.295
419.801
420.309
420.817
421.326
421.836
422.344
422.848
423.347
423.838
424.321
424.798
425.269
425.736
426.195
426.637
427.039
427.364
427.564
427.642
427.666
427.667
427.66
427.643
427.626
427.609
427.593
427.583
427.579
427.572
427.558
427.541
427.525
427.507
427.483
427.473
427.482
427.533
427.636
427.776
427.93
428.075
428.192
428.263
428.29
428.296
428.277
428.148
427.236
423.326
413.619
398.279
379.51
359.692
340.629
323.315
308.162
295.236
284.415
275.484
268.203
262.328
257.636
253.921
251.01
248.747
247.009
245.685
244.687
243.943
243.394
242.995
242.705
242.5
242.354
242.254
242.183
242.135
242.103
242.082
242.068
242.059
242.053
242.05
242.047
242.045
242.044
242.044
242.044
242.043
242.044
242.044
242.044
242.043
242.042
242.042
242.042
242.042
242.042
242.042
242.042
242.041
242.041
242.042
242.043
242.044
242.045
242.045
242.046
242.046
242.045
242.046
242.046
242.046
242.045
242.045
242.045
242.045
242.045
242.045
242.045
242.046
242.046
242.046
242.046
242.047
242.047
242.047
242.047
242.048
242.049
242.049
242.049
242.049
242.049
242.05
242.05
242.05
242.051
242.051
242.05
242.051
242.051
242.05
242.05
242.05
242.051
242.051
242.052
242.052
242.052
242.051
242.051
242.05
242.052
242.053
242.053
242.053
242.052
242.051
242.05
242.049
242.049
242.048
242.048
242.047
242.046
242.045
242.044
242.043
242.043
242.043
242.042
242.042
242.041
242.04
242.039
242.038
242.037
242.037
242.036
242.036
242.036
242.036
394.564
395.557
396.08
396.554
397.028
397.513
398.009
398.514
399.029
399.55
400.079
400.613
401.151
401.693
402.235
402.779
403.32
403.86
404.396
404.927
405.455
405.977
406.497
407.012
407.526
408.039
408.553
409.068
409.583
410.099
410.614
411.127
411.638
412.147
412.653
413.158
413.663
414.169
414.679
415.191
415.706
416.223
416.74
417.256
417.77
418.28
418.788
419.295
419.801
420.309
420.817
421.326
421.836
422.344
422.848
423.347
423.838
424.321
424.798
425.269
425.736
426.195
426.637
427.039
427.364
427.564
427.642
427.666
427.668
427.66
427.643
427.626
427.609
427.593
427.583
427.579
427.572
427.558
427.541
427.526
427.507
427.483
427.473
427.482
427.533
427.636
427.776
427.931
428.076
428.192
428.263
428.29
428.296
428.277
428.148
427.238
423.322
413.595
398.226
379.417
359.551
340.444
323.099
307.935
295.016
284.215
275.313
268.065
262.222
257.557
253.865
250.971
248.722
246.992
245.674
244.68
243.939
243.392
242.994
242.705
242.5
242.354
242.254
242.183
242.135
242.103
242.082
242.068
242.059
242.053
242.049
242.047
242.045
242.044
242.044
242.044
242.044
242.044
242.044
242.044
242.043
242.042
242.042
242.042
242.042
242.042
242.042
242.042
242.041
242.041
242.041
242.043
242.044
242.045
242.045
242.046
242.046
242.045
242.046
242.046
242.046
242.045
242.045
242.045
242.045
242.045
242.045
242.045
242.046
242.046
242.046
242.046
242.047
242.047
242.047
242.047
242.048
242.049
242.049
242.049
242.049
242.049
242.05
242.05
242.05
242.051
242.051
242.05
242.051
242.051
242.05
242.05
242.05
242.051
242.051
242.052
242.052
242.052
242.051
242.051
242.05
242.052
242.053
242.053
242.053
242.052
242.051
242.05
242.049
242.049
242.048
242.048
242.047
242.046
242.045
242.044
242.043
242.043
242.043
242.042
242.042
242.041
242.04
242.039
242.038
242.037
242.037
242.036
242.036
242.036
242.036
394.567
395.556
396.08
396.554
397.027
397.513
398.009
398.514
399.029
399.549
400.078
400.613
401.151
401.693
402.235
402.778
403.32
403.86
404.396
404.927
405.455
405.977
406.496
407.012
407.526
408.039
408.553
409.068
409.583
410.099
410.614
411.127
411.638
412.147
412.653
413.158
413.663
414.169
414.679
415.191
415.706
416.223
416.74
417.256
417.77
418.28
418.789
419.295
419.801
420.309
420.817
421.326
421.836
422.343
422.848
423.347
423.838
424.321
424.798
425.269
425.736
426.195
426.637
427.039
427.364
427.564
427.642
427.666
427.668
427.661
427.643
427.626
427.609
427.593
427.583
427.578
427.571
427.558
427.541
427.526
427.507
427.483
427.473
427.481
427.533
427.636
427.777
427.931
428.076
428.192
428.263
428.29
428.296
428.277
428.148
427.236
423.314
413.574
398.187
379.352
359.453
340.308
322.926
307.736
294.807
284.016
275.135
267.915
262.102
257.465
253.797
250.923
248.689
246.971
245.66
244.671
243.933
243.389
242.992
242.704
242.499
242.354
242.254
242.183
242.136
242.103
242.082
242.068
242.059
242.053
242.049
242.047
242.045
242.044
242.044
242.044
242.044
242.044
242.044
242.044
242.043
242.042
242.042
242.042
242.042
242.042
242.042
242.042
242.042
242.041
242.041
242.042
242.044
242.045
242.045
242.046
242.046
242.046
242.046
242.046
242.046
242.045
242.045
242.045
242.045
242.044
242.045
242.045
242.046
242.046
242.046
242.046
242.047
242.047
242.047
242.047
242.048
242.049
242.049
242.049
242.049
242.049
242.05
242.05
242.05
242.051
242.051
242.05
242.051
242.05
242.05
242.05
242.05
242.051
242.051
242.052
242.052
242.052
242.051
242.05
242.05
242.052
242.053
242.053
242.053
242.052
242.051
242.05
242.049
242.049
242.048
242.048
242.047
242.046
242.045
242.044
242.043
242.043
242.043
242.042
242.042
242.041
242.04
242.039
242.038
242.037
242.037
242.036
242.036
242.036
242.036
394.57
395.555
396.08
396.554
397.027
397.512
398.009
398.514
399.029
399.549
400.078
400.613
401.151
401.693
402.235
402.778
403.32
403.86
404.396
404.927
405.455
405.977
406.496
407.012
407.526
408.039
408.553
409.068
409.583
410.098
410.614
411.127
411.638
412.147
412.653
413.158
413.663
414.169
414.678
415.191
415.706
416.223
416.74
417.256
417.77
418.28
418.789
419.295
419.802
420.309
420.817
421.326
421.836
422.343
422.848
423.347
423.838
424.321
424.798
425.269
425.735
426.195
426.637
427.039
427.364
427.564
427.642
427.666
427.668
427.661
427.644
427.626
427.609
427.593
427.582
427.578
427.571
427.558
427.541
427.526
427.507
427.483
427.473
427.481
427.533
427.637
427.777
427.932
428.077
428.193
428.263
428.29
428.296
428.278
428.149
427.238
423.314
413.569
398.177
379.331
359.413
340.24
322.828
307.612
294.662
283.863
274.99
267.785
261.994
257.379
253.732
250.877
248.656
246.949
245.645
244.661
243.927
243.385
242.99
242.703
242.499
242.354
242.254
242.183
242.136
242.103
242.082
242.068
242.059
242.053
242.049
242.047
242.045
242.044
242.044
242.045
242.044
242.044
242.044
242.044
242.043
242.042
242.041
242.042
242.042
242.042
242.042
242.042
242.042
242.041
242.041
242.042
242.044
242.045
242.045
242.046
242.046
242.046
242.046
242.046
242.046
242.045
242.045
242.045
242.045
242.044
242.045
242.045
242.046
242.046
242.046
242.046
242.047
242.047
242.047
242.047
242.048
242.049
242.049
242.049
242.049
242.049
242.05
242.05
242.05
242.051
242.051
242.05
242.051
242.05
242.05
242.05
242.05
242.051
242.051
242.052
242.052
242.052
242.051
242.05
242.05
242.052
242.053
242.053
242.053
242.052
242.051
242.05
242.049
242.049
242.048
242.048
242.047
242.046
242.045
242.044
242.043
242.043
242.043
242.042
242.042
242.041
242.04
242.039
242.038
242.037
242.037
242.036
242.036
242.036
242.036
394.572
395.555
396.079
396.554
397.027
397.512
398.009
398.514
399.028
399.549
400.077
400.613
401.15
401.693
402.235
402.778
403.321
403.86
404.396
404.927
405.455
405.977
406.496
407.012
407.526
408.039
408.553
409.067
409.583
410.098
410.614
411.127
411.638
412.147
412.653
413.158
413.663
414.169
414.678
415.191
415.706
416.223
416.74
417.256
417.77
418.281
418.789
419.295
419.802
420.309
420.817
421.326
421.835
422.343
422.848
423.347
423.838
424.321
424.798
425.269
425.735
426.194
426.637
427.039
427.364
427.564
427.642
427.667
427.668
427.661
427.644
427.626
427.609
427.593
427.582
427.578
427.571
427.558
427.541
427.526
427.508
427.484
427.473
427.481
427.533
427.636
427.777
427.932
428.077
428.193
428.263
428.289
428.295
428.276
428.147
427.235
423.312
413.566
398.172
379.324
359.398
340.216
322.787
307.55
294.581
283.77
274.896
267.696
261.917
257.316
253.682
250.839
248.63
246.93
245.634
244.653
243.922
243.382
242.988
242.702
242.498
242.353
242.254
242.183
242.136
242.103
242.082
242.068
242.06
242.054
242.049
242.046
242.044
242.043
242.044
242.045
242.044
242.044
242.044
242.044
242.043
242.042
242.041
242.042
242.042
242.041
242.042
242.042
242.042
242.041
242.041
242.042
242.044
242.045
242.045
242.046
242.046
242.046
242.046
242.046
242.046
242.045
242.045
242.045
242.045
242.044
242.044
242.045
242.046
242.046
242.046
242.046
242.047
242.047
242.047
242.047
242.048
242.049
242.049
242.049
242.049
242.049
242.05
242.05
242.05
242.051
242.051
242.05
242.05
242.05
242.05
242.05
242.05
242.051
242.051
242.052
242.052
242.052
242.051
242.05
242.05
242.052
242.053
242.053
242.053
242.052
242.051
242.05
242.049
242.049
242.048
242.048
242.047
242.046
242.045
242.044
242.043
242.043
242.043
242.042
242.042
242.041
242.04
242.039
242.038
242.037
242.037
242.036
242.036
242.036
242.036
394.573
395.554
396.079
396.554
397.028
397.511
398.008
398.514
399.028
399.549
400.076
400.613
401.15
401.692
402.235
402.778
403.321
403.86
404.396
404.927
405.454
405.978
406.496
407.012
407.526
408.039
408.553
409.067
409.583
410.098
410.614
411.127
411.638
412.147
412.653
413.158
413.663
414.169
414.678
415.191
415.706
416.223
416.74
417.256
417.77
418.281
418.789
419.296
419.802
420.309
420.817
421.326
421.835
422.343
422.848
423.347
423.838
424.321
424.798
425.269
425.735
426.194
426.636
427.039
427.364
427.564
427.642
427.667
427.668
427.661
427.644
427.626
427.609
427.593
427.582
427.578
427.571
427.558
427.541
427.526
427.508
427.484
427.473
427.481
427.533
427.636
427.777
427.933
428.078
428.194
428.264
428.289
428.295
428.276
428.146
427.234
423.313
413.569
398.174
379.324
359.391
340.211
322.776
307.528
294.542
283.723
274.847
267.646
261.873
257.279
253.652
250.817
248.615
246.919
245.626
244.649
243.918
243.38
242.987
242.701
242.498
242.353
242.254
242.184
242.136
242.103
242.082
242.068
242.06
242.054
242.05
242.046
242.044
242.043
242.044
242.045
242.044
242.044
242.044
242.044
242.043
242.042
242.041
242.042
242.042
242.041
242.042
242.042
242.042
242.041
242.041
242.042
242.044
242.045
242.045
242.046
242.046
242.046
242.046
242.046
242.046
242.045
242.045
242.045
242.045
242.044
242.044
242.045
242.046
242.046
242.046
242.046
242.047
242.047
242.047
242.047
242.048
242.049
242.049
242.049
242.049
242.049
242.05
242.05
242.05
242.051
242.051
242.05
242.05
242.05
242.05
242.05
242.05
242.051
242.051
242.052
242.052
242.052
242.051
242.05
242.05
242.052
242.053
242.053
242.053
242.052
242.051
242.05
242.049
242.049
242.048
242.048
242.047
242.046
242.045
242.044
242.043
242.043
242.043
242.042
242.042
242.041
242.04
242.039
242.038
242.037
242.037
242.036
242.036
242.036
242.036
394.574
395.554
396.079
396.554
397.028
397.511
398.008
398.514
399.027
399.55
400.076
400.612
401.151
401.692
402.235
402.778
403.32
403.86
404.396
404.927
405.454
405.978
406.496
407.012
407.525
408.039
408.553
409.067
409.583
410.098
410.614
411.127
411.638
412.147
412.653
413.158
413.663
414.169
414.678
415.191
415.706
416.223
416.74
417.256
417.77
418.281
418.789
419.296
419.802
420.309
420.817
421.326
421.835
422.343
422.848
423.347
423.838
424.321
424.798
425.269
425.735
426.194
426.636
427.039
427.364
427.564
427.643
427.667
427.668
427.661
427.644
427.626
427.609
427.593
427.582
427.578
427.571
427.558
427.541
427.526
427.508
427.484
427.473
427.481
427.532
427.636
427.777
427.932
428.078
428.195
428.263
428.288
428.294
428.274
428.144
427.232
423.314
413.568
398.171
379.322
359.384
340.206
322.768
307.521
294.528
283.703
274.827
267.622
261.853
257.261
253.638
250.808
248.61
246.915
245.623
244.648
243.916
243.378
242.987
242.701
242.498
242.353
242.254
242.184
242.136
242.103
242.082
242.068
242.06
242.054
242.05
242.047
242.044
242.043
242.044
242.045
242.044
242.044
242.044
242.044
242.043
242.042
242.041
242.042
242.042
242.041
242.042
242.042
242.042
242.041
242.041
242.042
242.044
242.045
242.045
242.046
242.046
242.046
242.046
242.046
242.046
242.045
242.045
242.045
242.045
242.044
242.044
242.045
242.046
242.046
242.046
242.046
242.047
242.047
242.047
242.047
242.048
242.049
242.049
242.049
242.049
242.049
242.05
242.05
242.051
242.051
242.051
242.05
242.05
242.05
242.05
242.05
242.05
242.051
242.051
242.052
242.052
242.052
242.051
242.05
242.05
242.052
242.053
242.053
242.053
242.052
242.051
242.05
242.049
242.049
242.048
242.048
242.047
242.046
242.045
242.044
242.043
242.043
242.043
242.042
242.042
242.041
242.04
242.039
242.038
242.037
242.037
242.036
242.036
242.036
242.036
329.491
334.157
335.892
336.487
336.583
336.571
336.447
336.319
336.518
336.636
336.527
336.322
336.02
335.543
334.626
333.521
332.662
331.838
331.254
330.681
330.395
329.952
329.706
329.693
329.918
330.718
331.843
332.953
333.239
333.9
333.641
332.524
330.272
325.727
318.07
309.619
299.237
286.066
278.791
278.683
295.753
326.29
336.877
336.012
329.135
319.726
313.617
310.667
309.028
307.159
305.128
303.36
302.035
301.102
300.439
299.938
299.531
299.187
298.899
298.667
298.476
298.296
298.092
297.835
297.505
297.091
296.587
295.979
295.263
294.47
293.724
293.219
293.03
293.001
293
293
293
293
293
293
293
293
293
293
293
293
293
293
293
293
293
293
293
293
293
293
293
293
293
293
315.88
321.265
325.388
328.153
329.899
330.751
331.21
331.513
331.339
331.048
330.466
329.488
328.284
326.983
325.476
324.421
323.451
323.714
324.102
324.817
325.345
325.691
325.698
325.975
326.295
326.248
325.791
325.322
324.81
324.333
323.34
321.511
318.088
312.434
306.036
297.384
284.327
277.299
276.664
291.114
320.373
333.359
333.017
326.773
317.948
312.327
309.518
307.987
306.255
304.397
302.811
301.638
300.809
300.211
299.752
299.376
299.059
298.795
298.58
298.399
298.222
298.017
297.757
297.424
297.009
296.504
295.896
295.181
294.396
293.67
293.194
293.025
293.001
293
293
293
293
293
293
293
293
293
293
293
293
293
293
293
293
293
293
293
293
293
293
293
293
293
293
293
320.431
319.983
319.067
317.73
316.21
314.628
313.614
313.014
313.251
313.849
314.787
315.565
316.089
316.233
316.185
315.892
315.229
314.335
313.694
313.625
313.956
314.166
313.867
312.612
310.138
305.332
299.005
287.886
280.371
277.84
290.359
316.722
329.521
329.394
323.436
315.441
310.661
308.23
306.849
305.275
303.622
302.238
301.221
300.496
299.964
299.55
299.209
298.921
298.681
298.484
298.313
298.139
297.933
297.67
297.334
296.918
296.411
295.803
295.09
294.315
293.611
293.168
293.02
293.001
293
293
293
293
293
293
293
293
293
293
293
293
293
293
293
293
293
293
293
293
293
293
293
293
293
293
293
324.979
318.846
312.264
308.731
306.84
305.634
304.24
302.818
301.647
300.785
300.161
299.698
299.333
299.031
298.774
298.558
298.378
298.216
298.046
297.839
297.572
297.234
296.816
296.309
295.701
294.99
294.226
293.55
293.142
293.015
293
293
293
293
293
293
293
293
293
293
293
293
293
293
293
293
293
293
293
293
293
293
293
293
293
293
293
293
293
308.765
306.677
305.382
304.365
303.176
302.001
301.043
300.33
299.808
299.416
299.105
298.842
298.616
298.425
298.261
298.109
297.941
297.733
297.463
297.122
296.703
296.195
295.587
294.879
294.129
293.485
293.117
293.011
293
293
293
293
293
293
293
293
293
293
293
293
293
293
293
293
293
293
293
293
293
293
293
293
293
293
293
293
293
304.679
303.901
303.072
302.109
301.186
300.432
299.862
299.442
299.124
298.867
298.644
298.448
298.28
298.134
297.99
297.825
297.615
297.343
296.999
296.578
296.07
295.461
294.758
294.026
293.418
293.092
293.008
293
293
293
293
293
293
293
293
293
293
293
293
293
293
293
293
293
293
293
293
293
293
293
293
293
293
293
293
293
302.804
302.417
301.789
301.068
300.384
299.819
299.389
299.071
298.827
298.621
298.436
298.269
298.124
297.995
297.86
297.697
297.484
297.209
296.863
296.441
295.932
295.323
294.626
293.915
293.351
293.07
293.005
293
293
293
293
293
293
293
293
293
293
293
293
293
293
293
293
293
293
293
293
293
293
293
293
293
293
293
293
293
301.094
300.922
300.549
300.077
299.611
299.218
298.921
298.703
298.528
298.368
298.216
298.079
297.958
297.844
297.718
297.555
297.34
297.061
296.714
296.292
295.781
295.173
294.484
293.8
293.285
293.05
293.003
293
293
293
293
293
293
293
293
293
293
293
293
293
293
293
293
293
293
293
293
293
293
293
293
293
293
293
293
293
299.512
299.56
299.409
299.155
298.882
298.646
298.473
298.343
298.226
298.106
297.986
297.878
297.781
297.683
297.562
297.4
297.182
296.9
296.552
296.129
295.617
295.01
294.331
293.68
293.221
293.034
293.002
293
293
293
293
293
293
293
293
293
293
293
293
293
293
293
293
293
293
293
293
293
293
293
293
293
293
293
293
293
298.144
298.384
298.405
298.321
298.214
298.118
298.05
297.991
297.92
297.835
297.748
297.67
297.596
297.511
297.394
297.23
297.009
296.726
296.377
295.952
295.439
294.833
294.17
293.56
293.163
293.021
293.001
293
293
293
293
293
293
293
293
293
293
293
293
293
293
293
293
293
293
293
293
293
293
293
293
293
293
293
293
293
297.048
297.389
297.549
297.602
297.623
297.64
297.652
297.645
297.612
297.56
297.506
297.457
297.403
297.327
297.212
297.045
296.821
296.537
296.188
295.762
295.247
294.643
294.001
293.442
293.113
293.012
293
293
293
293
293
293
293
293
293
293
293
293
293
293
293
293
293
293
293
293
293
293
293
293
293
293
293
293
293
293
296.203
296.59
296.848
297.008
297.114
297.202
297.272
297.306
297.305
297.287
297.264
297.241
297.202
297.131
297.015
296.846
296.62
296.336
295.985
295.557
295.039
294.442
293.828
293.33
293.071
293.006
293
293
293
293
293
293
293
293
293
293
293
293
293
293
293
293
293
293
293
293
293
293
293
293
293
293
293
293
293
293
295.576
295.983
296.302
296.525
296.677
296.796
296.899
296.974
297.012
297.023
297.025
297.02
296.991
296.923
296.805
296.633
296.407
296.121
295.769
295.336
294.817
294.23
293.655
293.23
293.041
293.002
293
293
293
293
293
293
293
293
293
293
293
293
293
293
293
293
293
293
293
293
293
293
293
293
293
293
293
293
293
293
295.141
295.549
295.883
296.122
296.286
296.418
296.544
296.657
296.735
296.776
296.793
296.795
296.771
296.702
296.582
296.409
296.181
295.894
295.538
295.101
294.581
294.011
293.489
293.146
293.02
293.001
293
293
293
293
293
293
293
293
293
293
293
293
293
293
293
293
293
293
293
293
293
293
293
293
293
293
293
293
293
293
294.859
295.237
295.544
295.765
295.926
296.07
296.222
296.369
296.478
296.539
296.563
296.567
296.542
296.472
296.349
296.174
295.944
295.653
295.292
294.85
294.333
293.792
293.337
293.082
293.008
293
293
293
293
293
293
293
293
293
293
293
293
293
293
293
293
293
293
293
293
293
293
293
293
293
293
293
293
293
293
293
294.668
294.989
295.246
295.441
295.601
295.764
295.944
296.117
296.242
296.309
296.334
296.336
296.308
296.234
296.108
295.929
295.695
295.399
295.031
294.585
294.077
293.579
293.208
293.038
293.003
293
293
293
293
293
293
293
293
293
293
293
293
293
293
293
293
293
293
293
293
293
293
293
293
293
293
293
293
293
293
293
294.507
294.762
294.974
295.154
295.325
295.51
295.712
295.897
296.022
296.085
296.106
296.104
296.07
295.989
295.857
295.673
295.434
295.132
294.756
294.308
293.82
293.384
293.11
293.014
293.001
293
293
293
293
293
293
293
293
293
293
293
293
293
293
293
293
293
293
293
293
293
293
293
293
293
293
293
293
293
293
293
294.346
294.551
294.739
294.919
295.107
295.311
295.523
295.703
295.814
295.865
295.88
295.871
295.827
295.737
295.598
295.408
295.163
294.852
294.468
294.023
293.572
293.221
293.046
293.004
293
293
293
293
293
293
293
293
293
293
293
293
293
293
293
293
293
293
293
293
293
293
293
293
293
293
293
293
293
293
293
293
294.194
294.376
294.559
294.747
294.947
295.161
295.368
295.525
295.613
295.647
295.654
295.636
295.579
295.478
295.331
295.135
294.882
294.56
294.168
293.738
293.35
293.103
293.014
293.001
293
293
293
293
293
293
293
293
293
293
293
293
293
293
293
293
293
293
293
293
293
293
293
293
293
293
293
293
293
293
293
293
294.078
294.255
294.44
294.633
294.838
295.048
295.234
295.355
295.412
295.43
295.426
295.394
295.324
295.214
295.061
294.857
294.59
294.253
293.86
293.469
293.175
293.035
293.003
293
293
293
293
293
293
293
293
293
293
293
293
293
293
293
293
293
293
293
293
293
293
293
293
293
293
293
293
293
293
293
293
293
294.015
294.192
294.376
294.569
294.769
294.959
295.104
295.179
295.206
295.209
295.192
295.147
295.067
294.95
294.788
294.569
294.282
293.931
293.558
293.244
293.064
293.008
293
293
293
293
293
293
293
293
293
293
293
293
293
293
293
293
293
293
293
293
293
293
293
293
293
293
293
293
293
293
293
293
293
293
294.006
294.177
294.356
294.54
294.718
294.866
294.952
294.984
294.991
294.983
294.956
294.902
294.815
294.689
294.509
294.264
293.953
293.607
293.294
293.092
293.015
293.001
293
293
293
293
293
293
293
293
293
293
293
293
293
293
293
293
293
293
293
293
293
293
293
293
293
293
293
293
293
293
293
293
293
293
294.033
294.194
294.359
294.516
294.648
294.733
294.769
294.777
294.775
294.761
294.727
294.667
294.568
294.42
294.208
293.931
293.614
293.317
293.111
293.021
293.002
293
293
293
293
293
293
293
293
293
293
293
293
293
293
293
293
293
293
293
293
293
293
293
293
293
293
293
293
293
293
293
293
293
293
293
294.073
294.213
294.348
294.455
294.522
294.557
294.572
294.575
294.571
294.554
294.513
294.436
294.309
294.121
293.871
293.582
293.309
293.115
293.025
293.002
293
293
293
293
293
293
293
293
293
293
293
293
293
293
293
293
293
293
293
293
293
293
293
293
293
293
293
293
293
293
293
293
293
293
293
293
294.09
294.197
294.28
294.328
294.355
294.376
294.392
294.397
294.39
294.362
294.297
294.183
294.009
293.779
293.517
293.274
293.103
293.023
293.002
293
293
293
293
293
293
293
293
293
293
293
293
293
293
293
293
293
293
293
293
293
293
293
293
293
293
293
293
293
293
293
293
293
293
293
293
293
294.055
294.113
294.148
294.173
294.2
294.227
294.241
294.239
294.215
294.153
294.042
293.874
293.659
293.425
293.218
293.08
293.018
293.002
293
293
293
293
293
293
293
293
293
293
293
293
293
293
293
293
293
293
293
293
293
293
293
293
293
293
293
293
293
293
293
293
293
293
293
293
293
293
293.959
293.99
294.019
294.052
294.086
294.102
294.099
294.07
294.001
293.885
293.719
293.52
293.318
293.154
293.053
293.011
293.001
293
293
293
293
293
293
293
293
293
293
293
293
293
293
293
293
293
293
293
293
293
293
293
293
293
293
293
293
293
293
293
293
293
293
293
293
293
293
293
293.863
293.898
293.935
293.964
293.974
293.962
293.92
293.837
293.711
293.549
293.372
293.21
293.093
293.029
293.005
293.001
293
293
293
293
293
293
293
293
293
293
293
293
293
293
293
293
293
293
293
293
293
293
293
293
293
293
293
293
293
293
293
293
293
293
293
293
293
293
293
293
293.805
293.834
293.849
293.846
293.817
293.755
293.656
293.525
293.376
293.233
293.118
293.046
293.012
293.002
293
293
293
293
293
293
293
293
293
293
293
293
293
293
293
293
293
293
293
293
293
293
293
293
293
293
293
293
293
293
293
293
293
293
293
293
293
293
293
293
293
293
293.732
293.729
293.705
293.652
293.57
293.463
293.34
293.22
293.12
293.053
293.017
293.004
293.001
293
293
293
293
293
293
293
293
293
293
293
293
293
293
293
293
293
293
293
293
293
293
293
293
293
293
293
293
293
293
293
293
293
293
293
293
293
293
293
293
293
293
293
293.588
293.538
293.466
293.376
293.277
293.182
293.103
293.048
293.018
293.005
293.001
293
293
293
293
293
293
293
293
293
293
293
293
293
293
293
293
293
293
293
293
293
293
293
293
293
293
293
293
293
293
293
293
293
293
293
293
293
293
293
293
293
293
293
293
293
293.352
293.278
293.201
293.13
293.074
293.035
293.014
293.004
293.001
293
293
293
293
293
293
293
293
293
293
293
293
293
293
293
293
293
293
293
293
293
293
293
293
293
293
293
293
293
293
293
293
293
293
293
293
293
293
293
293
293
293
293
293
293
293
293
293.126
293.079
293.044
293.021
293.008
293.003
293.001
293
293
293
293
293
293
293
293
293
293
293
293
293
293
293
293
293
293
293
293
293
293
293
293
293
293
293
293
293
293
293
293
293
293
293
293
293
293
293
293
293
293
293
293
293
293
293
293
293
293.02
293.009
293.004
293.001
293
293
293
293
293
293
293
293
293
293
293
293
293
293
293
293
293
293
293
293
293
293
293
293
293
293
293
293
293
293
293
293
293
293
293
293
293
293
293
293
293
293
293
293
293
293
293
293
293
293
293
293
293.001
293
293
293
293
293
293
293
293
293
293
293
293
293
293
293
293
293
293
293
293
293
293
293
293
293
293
293
293
293
293
293
293
293
293
293
293
293
293
293
293
293
293
293
293
293
293
293
293
293
293
293
293
293
293
293
293
293
293
293
293
293
293
293
293
293
293
293
293
293
293
293
293
293
293
293
293
293
293
293
293
293
293
293
293
293
293
293
293
293
293
293
293
293
293
293
293
293
293
293
293
293
293
293
293
293
293
293
293
293
293
293
293
293
293
293
293
293
293
293
293
293
293
293
293
293
293
293
293
293
293
293
293
293
293
293
293
293
293
293
293
293
293
293
293
293
293
293
293
293
293
293
293
293
293
293
293
293
293
293
293
293
293
293
293
293
293
293
293
293
293
293
293
293
293
293
293
293
293
293
293
293
293
293
293
293
293
293
293
293
293
293
293
293
293
293
293
293
293
293
293
293
293
293
293
293
293
293
293
293
293
293
293
293
293
293
293
293
293
293
293
293
293
293
293
293
293
293
293
293
293
293
293
293
293
293
293
293
293
293
293
293
293
293
293
293
293
293
293
293
293
293
293
293
293
293
293
293
293
293
293
293
293
293
293
293
293
293
293
293
293
293
293
293
293
293
293
293
293
293
293
293
293
293
293
293
293
293
293
293
293
293
293
293
293
293
293
293
293
293
293
293
293
293
293
293
293
293
293
293
293
293
293
293
293
293
293
293
293
293
293
293
293
293
293
293
293
293
293
293
293
293
293
293
293
293
293
293
293
293
293
293
293
293
293
293
293
293
293
293
293
293
293
293
293
293
293
293
293
293
293
293
293
293
293
293
293
293
293
293
293
293
293
293
293
293
293
293
293
293
293
293
293
293
293
293
293
293
293
293
293
293
293
293
293
293
293
293
293
293
293
293
293
293
293
293
293
293
293
293
293
293
293
293
293
293
293
293
293
293
293
293
293
293
293
293
293
293
293
293
293
293
293
293
293
293
293
293
293
293
293
293
293
293
293
293
293
293
293
293
293
293
293
293
293
293
293
293
293
293
293
293
293
293
293
293
293
293
293
293
293
293
293
293
293
293
293
293
293
293
293
293
293
293
293
293
293
293
293
293
293
293
293
293
293
293
293
293
293
293
293
293
293
293
293
293
293
293
293
293
293
293
293
293
293
293
293
293
293
293
293
293
293
293
293
293
293
293
293
293
293
293
293
293
293
293
293
293
293
293
293
293
293
293
293
293
293
293
293
293
293
293
293
293
293
293
293
293
293
293
293
293
293
293
293
293
293
293
293
293
293
293
293
293
293
293
293
293
293
293
293
293
293
293
293
293
293
293
293
293
293
293
293
293
293
293
293
293
293
293
293
293
293
293
293
293
293
293
293
293
293
293
293
293
293
293
293
293
293
293
293
293
293
293
293
293
293
293
293
293
293
293
293
293
293
293
293
293
293
293
293
293
293
293
293
293
293
293
293
293
293
293
293
293
293
293
293
293
293
293
293
293
293
293
293
293
293
293
293
293
293
293
293
293
293
293
293
293
293
293
293
293
293
293
293
293
293
293
293
293
293
293
293
293
293
293
293
293
293
293
293
293
293
293
293
293
293
293
293
293
293
293
293
293
293
293
293
293
293
293
293
293
293
293
293
293
293
293
293
293
293
293
293
293
293
293
293
293
293
293
293
293
293
293
293
293
293
293
293
293
293
293
293
293
293
293
293
293
293
293
293
293
293
293
293
293
293
293
293
293
293
293
293
293
293
293
293
293
293
293
293
293
293
293
293
293
293
293
293
293
293
293
293
293
293
293
293
293
293
293
293
293
293
293
293
293
293
293
293
293
293
293
293
293
293
293
293
293
293
293
293
293
293
293
293
293
293
293
293
293
293
293
293
293
293
293
293
293
293
293
375.027
335.139
293.778
258.412
198.681
190.274
234.575
335.761
341.256
332.558
314.333
310.383
312.283
327.098
385.567
397.331
388.185
370.791
353.333
339.557
328.209
318.509
310.217
298.985
274.032
259.919
263.559
375.288
401.26
393.672
381.752
370.022
359.195
350.616
341.215
333.555
327.053
320.908
322.167
349.923
371.589
364.485
349.539
332.495
325.045
322.499
321.164
319.538
316.353
312.38
308.932
306.553
304.878
303.442
302.158
301.157
300.474
299.993
299.598
299.249
298.959
298.726
298.516
298.281
297.98
297.588
297.093
296.488
295.765
294.936
294.088
293.413
293.08
293.006
293
293
293
293
293
293
293
293
293
293
293
293
293
293
293
293
293
293
293
293
293
293
293
293
374.451
335.49
295.767
254.729
199.947
192.041
225.714
325.144
335.274
327.822
311.588
306.764
308.505
323.774
377.89
392.828
384.138
367.642
350.412
336.69
325.789
315.631
307.415
296.009
272.122
258.636
262.898
370.939
397.261
389.509
378.672
367.503
356.696
347.987
338.911
331.016
324.621
318.349
320.021
347.199
371.317
364.849
349.712
332.88
325.168
322.597
321.274
319.548
316.379
312.422
308.986
306.602
304.911
303.465
302.176
301.173
300.488
300.005
299.608
299.258
298.966
298.732
298.522
298.286
297.984
297.591
297.095
296.49
295.766
294.936
294.088
293.413
293.08
293.006
293
293
293
293
293
293
293
293
293
293
293
293
293
293
293
293
293
293
293
293
293
293
293
293
373.175
332.493
292.039
248.206
198.89
195.859
234.272
311.879
326.846
319.732
306.058
300.598
302.707
319.018
367.407
386.039
377.96
362.296
345.632
332.312
321.486
311.104
302.963
291.327
267.999
256.174
261.106
364.435
390.001
382.746
372.839
362.245
351.719
343.317
334.683
326.889
320.652
314.258
316.137
341.892
369.113
363.815
349.589
333.214
325.157
322.334
321.11
319.51
316.298
312.356
308.946
306.572
304.876
303.43
302.148
301.154
300.475
299.994
299.598
299.249
298.959
298.726
298.516
298.281
297.979
297.586
297.091
296.485
295.762
294.933
294.085
293.411
293.08
293.005
293
293
293
293
293
293
293
293
293
293
293
293
293
293
293
293
293
293
293
293
293
293
293
293
371.098
328.45
286.687
241.327
206.251
208.697
241.472
292.38
315.477
310.015
300.021
295.509
298.14
315.578
357.328
379.027
371.34
356.386
340.849
327.943
317.107
306.521
297.393
286.591
264.884
254.513
260.311
357.159
381.056
374.698
365.069
355.158
345.247
337.45
329.532
322.084
315.965
309.436
311.318
335.582
366.091
363.357
350.054
333.889
325.314
322.255
321.097
319.325
316.158
312.293
308.929
306.565
304.86
303.406
302.128
301.141
300.467
299.988
299.592
299.244
298.954
298.722
298.513
298.277
297.975
297.582
297.086
296.481
295.757
294.929
294.082
293.41
293.079
293.005
293
293
293
293
293
293
293
293
293
293
293
293
293
293
293
293
293
293
293
293
293
293
293
293
367.855
322.407
279.89
235.73
217.024
224.236
248.664
277.127
303.608
301.668
295.416
292.644
296.266
314.514
349.404
372.808
365.773
351.444
336.986
324.259
313.351
302.305
293.165
280.519
259.657
252.658
260.051
349.784
372.139
366.466
357.188
347.911
338.685
331.538
324.427
317.407
311.473
304.848
306.492
329.072
361.848
361.394
350.447
334.801
325.599
322.139
320.884
319.131
316.034
312.225
308.908
306.549
304.829
303.369
302.098
301.123
300.456
299.979
299.583
299.236
298.948
298.717
298.508
298.272
297.97
297.576
297.08
296.475
295.751
294.923
294.077
293.407
293.078
293.005
293
293
293
293
293
293
293
293
293
293
293
293
293
293
293
293
293
293
293
293
293
293
293
293
362.89
313.936
271.634
233.848
229.885
240.919
256.098
268.411
291.684
296.5
294.139
292.131
296.549
315.115
344.026
367.965
361.062
348.272
335.321
322.896
311.478
300.155
289.532
275.464
256.599
253.352
262.189
343.204
364.631
359.094
350.051
341.3
332.737
326.19
319.813
313.322
307.661
301.114
302.436
323.657
357.514
359.597
350.821
335.914
325.982
322.075
320.69
318.916
315.859
312.134
308.879
306.53
304.794
303.325
302.062
301.101
300.443
299.968
299.573
299.227
298.94
298.711
298.502
298.266
297.963
297.569
297.073
296.467
295.744
294.916
294.072
293.404
293.077
293.005
293
293
293
293
293
293
293
293
293
293
293
293
293
293
293
293
293
293
293
293
293
293
293
293
355.422
303.916
266.039
243.941
244.936
254.191
261.083
265.556
279.869
293.61
293.708
294.156
300.113
317.453
341.145
364.611
358.332
346.933
334.474
321.893
309.699
297.79
286.434
271.078
254.872
254.712
265.42
337.563
358.541
353.126
344.507
336.225
328.175
322.107
316.37
310.341
305.008
298.521
299.492
319.336
352.929
357.766
350.603
336.809
326.44
321.984
320.42
318.647
315.662
312.031
308.84
306.501
304.749
303.272
302.02
301.075
300.426
299.955
299.56
299.215
298.931
298.703
298.495
298.258
297.955
297.56
297.064
296.458
295.735
294.908
294.065
293.4
293.076
293.005
293
293
293
293
293
293
293
293
293
293
293
293
293
293
293
293
293
293
293
293
293
293
293
293
344.64
294.806
266.156
258.526
260.673
264.281
264
266.005
273.456
288.995
293.941
297.231
305.457
321.023
339.538
361.888
356.893
346.857
334.65
321.759
309.127
296.846
284.613
268.865
256.713
257.023
269.532
333.236
354.054
348.765
340.478
332.446
324.829
319.127
313.951
308.37
303.302
297.117
297.14
315.876
348.802
356.192
350.518
337.844
327.006
321.928
320.14
318.349
315.444
311.919
308.796
306.465
304.695
303.212
301.972
301.046
300.408
299.939
299.546
299.202
298.92
298.694
298.486
298.25
297.945
297.55
297.053
296.448
295.725
294.898
294.057
293.395
293.075
293.005
293
293
293
293
293
293
293
293
293
293
293
293
293
293
293
293
293
293
293
293
293
293
293
293
330.964
292.878
277.042
272.476
273.312
271.643
268.072
267.801
270.706
283.422
293.985
300.681
311.07
324.603
338.966
359.153
356.064
347.203
335.11
321.858
308.813
296.197
283.203
268.553
259.472
260.829
274.604
330.002
350.309
345.579
337.793
329.991
322.73
317.339
312.589
307.374
302.486
296.449
295.694
313.426
345.55
354.777
350.127
338.484
327.453
321.845
319.826
318.028
315.211
311.794
308.738
306.417
304.632
303.143
301.918
301.012
300.386
299.921
299.529
299.187
298.908
298.684
298.477
298.24
297.934
297.538
297.041
296.436
295.713
294.887
294.048
293.39
293.073
293.005
293
293
293
293
293
293
293
293
293
293
293
293
293
293
293
293
293
293
293
293
293
293
293
293
307.493
297.287
290.453
284.589
282.218
277.945
272.861
270.054
271.391
279.16
292.883
304.002
316.592
327.689
338.324
355.267
354.856
347.342
335.39
321.956
308.604
295.789
281.971
268.739
264.145
266.614
280.851
327.588
346.743
342.871
335.403
327.638
320.667
315.707
311.585
306.739
301.847
295.975
294.623
310.748
342.559
353.648
350.137
339.518
328.193
321.839
319.453
317.611
314.904
311.63
308.658
306.348
304.543
303.051
301.848
300.968
300.357
299.896
299.505
299.167
298.892
298.67
298.464
298.226
297.919
297.522
297.025
296.419
295.697
294.872
294.035
293.383
293.071
293.005
293
293
293
293
293
293
293
293
293
293
293
293
293
293
293
293
293
293
293
293
293
293
293
293
314.468
309.606
301.826
294.471
288.597
283.04
277.02
272.411
273.441
278.486
290.958
305.816
320.788
330.062
337.648
350.709
352.908
346.496
335.087
321.722
308.207
295.426
281.264
271.285
270.691
274.041
287.42
324.964
343.217
340.254
333.306
325.722
319.09
314.621
311.061
306.497
301.458
295.494
293.506
307.931
339.452
352.148
349.43
339.784
328.639
321.813
319
317.122
314.543
311.426
308.545
306.246
304.423
302.934
301.76
300.913
300.318
299.863
299.475
299.141
298.871
298.652
298.446
298.208
297.9
297.502
297.004
296.398
295.676
294.852
294.02
293.374
293.069
293.004
293
293
293
293
293
293
293
293
293
293
293
293
293
293
293
293
293
293
293
293
293
293
293
293
316.669
314.063
307.671
300.408
293.3
286.423
280.196
275.018
276.066
280.122
290.089
305.908
322.534
331.303
337.092
346.698
349.888
344.493
333.863
320.768
307.404
294.486
281.592
275.598
276.883
281.41
292.96
322.238
339.604
337.585
331.328
324.056
318.043
314.14
310.929
306.44
301.111
294.786
292.213
305.026
336.507
350.955
349.016
340.405
329.279
321.878
318.543
316.596
314.149
311.197
308.406
306.118
304.283
302.804
301.666
300.852
300.275
299.826
299.441
299.112
298.847
298.632
298.427
298.188
297.878
297.479
296.98
296.374
295.652
294.83
294.002
293.364
293.066
293.004
293
293
293
293
293
293
293
293
293
293
293
293
293
293
293
293
293
293
293
293
293
293
293
293
318.024
316.682
311.997
305.051
296.668
289.007
283.184
278.368
279.402
283.402
290.984
305.433
322.321
331.446
336.187
343.076
346.01
341.634
331.877
319.035
306.257
293.709
283.197
280.662
282.706
287.733
297.145
319.553
336.05
334.926
329.452
322.791
317.604
314.185
311.084
306.531
300.931
294.083
290.758
301.982
333.502
349.742
348.493
340.843
329.812
321.945
318.094
316.082
313.752
310.948
308.237
305.962
304.124
302.664
301.565
300.786
300.226
299.784
299.403
299.08
298.821
298.61
298.406
298.165
297.854
297.453
296.954
296.347
295.626
294.805
293.982
293.353
293.063
293.004
293
293
293
293
293
293
293
293
293
293
293
293
293
293
293
293
293
293
293
293
293
293
293
293
318.654
317.949
314.984
308.584
299.592
291.597
286.476
282.378
283.317
286.807
293.542
304.938
320.021
330.321
334.974
340.061
342.022
338.425
329.432
317.096
305.234
294.125
286.055
285.998
288.115
293.104
300.368
317.37
332.939
332.554
327.962
322.16
317.658
314.583
311.514
306.893
300.919
293.615
289.442
299.08
330.512
348.5
347.862
341.164
330.333
322.037
317.643
315.55
313.334
310.674
308.038
305.777
303.946
302.516
301.46
300.715
300.173
299.737
299.361
299.045
298.793
298.585
298.382
298.14
297.826
297.424
296.924
296.318
295.597
294.778
293.961
293.341
293.059
293.003
293
293
293
293
293
293
293
293
293
293
293
293
293
293
293
293
293
293
293
293
293
293
293
293
319.028
318.755
316.7
310.892
302.071
294.499
290.241
286.637
287.339
290.604
296.361
305.031
317.082
328.513
333.833
338.222
338.866
335.775
327.567
316.164
305.265
296.174
290.089
291.038
293.102
297.469
303.196
316.403
330.805
331.041
327.301
322.272
318.412
315.606
312.532
307.78
301.34
293.564
288.585
296.621
327.747
347.277
347.161
341.315
330.773
322.078
317.199
315.021
312.908
310.37
307.803
305.563
303.751
302.36
301.351
300.639
300.114
299.685
299.316
299.007
298.762
298.558
298.355
298.112
297.797
297.393
296.893
296.286
295.565
294.749
293.937
293.328
293.056
293.003
293
293
293
293
293
293
293
293
293
293
293
293
293
293
293
293
293
293
293
293
293
293
293
293
320.16
319.834
317.666
312.266
304.293
297.811
294.395
291.13
291.585
294.774
299.923
306.816
315.903
327.034
333.181
337.656
337.236
334.436
327.034
316.77
306.963
299.845
295.722
296.685
298.058
302
307.199
317.004
329.89
330.586
327.578
323.42
320.211
317.54
314.373
309.294
302.431
294.088
288.3
294.747
325.255
345.997
346.314
341.318
331.231
322.198
316.819
314.496
312.463
310.035
307.532
305.321
303.541
302.198
301.238
300.559
300.049
299.628
299.267
298.967
298.73
298.53
298.327
298.082
297.765
297.36
296.858
296.252
295.531
294.717
293.912
293.314
293.052
293.003
293
293
293
293
293
293
293
293
293
293
293
293
293
293
293
293
293
293
293
293
293
293
293
293
321.179
320.65
317.948
312.453
306.483
301.69
298.802
295.762
296.281
299.516
304.253
310.319
317.457
327.027
334.04
338.515
337.307
334.291
327.655
319.178
311.235
305.156
302.24
302.943
303.884
307.387
311.708
319.67
330.672
331.329
329.141
326.016
323.228
320.609
317.196
311.802
304.302
295.126
288.399
293.29
322.554
344.509
345.421
341.119
331.404
322.084
316.37
313.946
311.998
309.67
307.226
305.054
303.319
302.032
301.121
300.474
299.979
299.568
299.215
298.925
298.695
298.498
298.296
298.049
297.73
297.323
296.822
296.215
295.495
294.683
293.886
293.3
293.049
293.003
293
293
293
293
293
293
293
293
293
293
293
293
293
293
293
293
293
293
293
293
293
293
293
293
323.311
322.314
318.651
313.844
309.802
306.905
304.845
302.619
303.524
306.576
311.801
316.907
322.636
329.94
336.24
339.835
338.171
335.271
330.074
323.499
317.198
312.631
310.525
310.891
311.315
314.378
318.097
324.044
332.561
333.468
332.162
330.038
327.74
325.116
321.259
314.883
306.23
295.903
288.542
291.906
319.469
342.89
344.29
340.656
331.522
322.013
315.968
313.385
311.501
309.267
306.887
304.764
303.087
301.861
301
300.383
299.904
299.503
299.16
298.88
298.658
298.465
298.262
298.014
297.692
297.285
296.782
296.175
295.456
294.647
293.858
293.286
293.045
293.002
293
293
293
293
293
293
293
293
293
293
293
293
293
293
293
293
293
293
293
293
293
293
293
293
329.376
326.386
321.912
319.109
316.922
314.65
312.607
311.659
312.887
315.633
320.689
325.421
329.58
334.385
338.538
340.573
338.962
336.544
332.903
328.252
323.478
320.251
318.698
319.181
319.433
321.795
324.896
329.299
334.823
336.041
335.566
334.261
332.157
328.971
324.117
316.435
306.974
295.708
288.141
290.112
315.36
340.492
342.991
339.982
331.307
321.712
315.509
312.802
310.976
308.83
306.517
304.456
302.848
301.688
300.876
300.287
299.824
299.434
299.103
298.834
298.619
298.429
298.227
297.976
297.653
297.243
296.741
296.134
295.415
294.609
293.829
293.27
293.041
293.002
293
293
293
293
293
293
293
293
293
293
293
293
293
293
293
293
293
293
293
293
293
293
293
293
340.32
334.696
331.472
329.242
326.793
324.797
323.243
323.275
324.18
326.454
329.501
332.543
334.606
337.029
339.517
340.922
339.651
337.886
335.182
331.755
328.769
326.778
325.627
325.934
326.099
327.454
329.764
332.939
336.359
337.973
337.728
336.602
334.532
331.024
325.243
316.302
305.804
293.469
285.924
286.929
309.61
337.05
341.489
339.102
330.937
321.302
315.013
312.188
310.417
308.357
306.119
304.133
302.603
301.512
300.747
300.187
299.74
299.362
299.043
298.785
298.578
298.391
298.188
297.936
297.61
297.2
296.696
296.089
295.371
294.569
293.798
293.255
293.038
293.002
293
293
293
293
293
293
293
293
293
293
293
293
293
293
293
293
293
293
293
293
293
293
293
293
348.994
341.181
338.674
336.936
335.215
333.778
332.393
332.489
332.958
334.024
335.254
336.117
336.808
337.76
338.24
338.34
337.595
336.6
334.914
332.793
331.309
329.974
329.292
329.355
329.521
330.567
332.103
334.305
336.04
337.695
337.654
336.731
334.722
330.785
323.418
314.169
302.665
289.774
282.432
282.831
302.895
332.573
339.717
337.975
330.34
320.734
314.456
311.542
309.826
307.851
305.698
303.799
302.355
301.334
300.615
300.081
299.651
299.287
298.981
298.735
298.534
298.351
298.148
297.893
297.566
297.154
296.65
296.043
295.325
294.527
293.766
293.239
293.034
293.002
293
293
293
293
293
293
293
293
293
293
293
293
293
293
293
293
293
293
293
293
293
293
293
293
293
293
)
;

boundaryField
{
    FreestreamLeft
    {
        type            totalTemperature;
        gamma           1.4;
        T0              nonuniform List<scalar> 0();
        value           nonuniform List<scalar> 0();
    }
    FreestreamTop
    {
        type            totalTemperature;
        gamma           1.4;
        T0              uniform 293;
        value           uniform 293;
    }
    Inlet
    {
        type            totalTemperature;
        gamma           1.4;
        T0              nonuniform List<scalar> 0();
        value           nonuniform List<scalar> 0();
    }
    Outlet
    {
        type            zeroGradient;
    }
    Wall
    {
        type            zeroGradient;
    }
    Wedge1
    {
        type            wedge;
    }
    Wedge2
    {
        type            wedge;
    }
    procBoundary1to0
    {
        type            processor;
        value           nonuniform List<scalar> 
18
(
242.036
242.036
242.036
242.036
242.036
242.036
242.036
242.036
242.036
242.036
242.036
242.036
242.036
242.036
242.036
242.036
242.036
242.036
)
;
    }
    procBoundary1to2
    {
        type            processor;
        value           nonuniform List<scalar> 
190
(
300.689
309.288
309.288
320.538
320.538
320.534
319.881
318.628
316.746
313.945
310.254
306.033
301.512
325.513
325.513
315.594
292.15
279.811
285.53
296.138
304.685
308.051
309.291
309.591
309.187
308.051
306.68
305.208
304.081
303.524
303.357
303.595
303.983
304.271
304.369
304.322
304.129
303.751
303.52
303.489
303.784
304.436
305.521
306.619
307.613
308.309
308.622
312.968
312.968
318.06
305.603
305.603
302.814
300.728
298.993
297.573
296.463
295.633
295.048
294.659
294.427
294.299
294.211
294.117
294.008
293.907
293.849
293.843
293.877
293.937
293.979
293.977
293.918
293.83
293.77
293.72
293.613
293.413
293.177
293.037
293.003
293
293
293
293
293
293
293
293
293
293
293
293
293
293
300.685
309.262
309.262
301.502
306.015
310.29
313.973
316.753
318.593
319.84
320.55
320.594
320.594
308.667
308.346
307.644
306.647
305.538
304.47
303.829
303.511
303.539
303.783
304.164
304.332
304.381
304.269
303.983
303.622
303.391
303.508
304.033
305.165
306.565
307.917
309.059
309.485
309.193
307.947
304.56
296.029
285.607
279.667
292.003
315.943
325.712
325.712
318.27
312.97
312.97
305.492
305.492
302.702
300.627
298.908
297.519
296.44
295.639
295.066
294.679
294.443
294.31
294.218
294.122
294.011
293.909
293.849
293.843
293.876
293.936
293.979
293.977
293.918
293.829
293.77
293.721
293.615
293.417
293.181
293.039
293.003
293
293
293
293
293
293
293
293
293
293
293
293
293
293
)
;
    }
    procBoundary1to4
    {
        type            processor;
        value           nonuniform List<scalar> 
148
(
293
293
293
293
293
293
293
293
293
293
293
293
293
293
293
293
293
293
293
293
293
293
293
293
293
293
293
293
293
293
293
293
293
293
293
293
293
293
293
293
293
293
293
293
293
293
293
293
293
293
293
293
293
293
293
293
293
293
293
293
293
293
293
293
293
293
293
293
293
293
293
293
293
293
293
293
293
293
293
293
293
293
293
293
293
293
293
293
293
293
293
293
293
293
293
293
293
293
293
293
293
293
293
293
293
293
293
293
293
293
293
293
293
293
293
293
293
293
293
293
293
293
293
293
293
293
293
293
293
293
293
293
293
293
293
293
293
293
293
293
293
293
293
293
293
293
293
293
)
;
    }
}


// ************************************************************************* //
