/*--------------------------------*- C++ -*----------------------------------*\
| =========                 |                                                 |
| \\      /  F ield         | OpenFOAM: The Open Source CFD Toolbox           |
|  \\    /   O peration     | Version:  2406                                  |
|   \\  /    A nd           | Website:  www.openfoam.com                      |
|    \\/     M anipulation  |                                                 |
\*---------------------------------------------------------------------------*/
FoamFile
{
    version     2.0;
    format      ascii;
    arch        "LSB;label=32;scalar=64";
    class       faceSet;
    location    "constant/polyMesh/sets";
    object      nonOrthoFaces;
}
// * * * * * * * * * * * * * * * * * * * * * * * * * * * * * * * * * * * * * //


1268
(
12288
12291
12294
12297
12300
12335
12338
12341
12344
12347
12350
12353
12356
12359
12362
12365
12368
12371
12374
12377
12380
12383
12386
12389
12392
12398
12433
12436
12439
12442
12445
12448
12451
12454
12457
12460
12463
12466
12469
12472
12475
12478
12481
12484
12487
12490
12493
12496
12499
12502
12505
12508
12511
12514
12517
12520
12523
12526
12529
12532
12535
12538
12541
12544
12547
12550
12553
12556
12559
12562
12565
12568
12571
12574
12577
12579
12582
12585
12588
12591
12594
12597
12600
12603
12606
12609
12612
12615
12618
12621
12624
12627
12630
12633
12636
12639
12642
12645
12648
12651
12654
12657
12660
12663
12666
12669
16767
12672
16770
12675
16773
12678
16776
12681
16779
12684
16782
12687
16785
12690
16788
12693
16791
12696
16794
12699
16797
12702
16800
12705
16803
12708
16806
12711
16809
12714
16812
12717
16815
12720
16818
12723
16821
12726
16824
12729
12732
12735
12738
12741
12744
12747
12750
12753
12756
12759
12764
12767
12770
12773
12776
12779
12782
12785
12788
12791
12794
12797
12800
12803
12806
12809
12812
12815
12818
12821
12824
12827
12830
12833
12836
12839
12842
12845
12848
12851
12854
12857
12860
12863
12866
12869
12872
12875
12878
12881
12884
12887
12890
12893
12896
12899
12902
12905
12908
12911
12914
12917
12920
12923
12926
12929
12932
12935
12938
12941
12944
12946
12949
12952
12955
12958
12961
12964
12967
12970
12973
12976
12979
12982
12985
12988
12991
12994
12997
13000
13003
13006
13009
13012
13015
13018
13021
13024
13027
13030
13033
13036
13039
13042
13045
13048
13081
13084
13087
13090
13093
13096
13099
13102
13105
13108
25397
25399
13111
25402
13114
25405
13117
25408
13120
25411
13123
25414
13126
25417
25420
25423
25426
25429
25432
25435
25438
25441
25444
25447
25450
25453
25456
25459
25462
25465
25468
25471
25474
25477
25480
25483
25486
25489
25492
25495
25498
25501
25504
25507
25510
25513
25516
25519
25522
25525
25528
25531
25534
25537
25540
25543
25546
25549
25552
25930
25933
25936
25939
25942
25945
25948
25951
25954
25957
25960
25963
25966
25969
25972
25975
25978
25981
25984
25987
25990
25993
25996
25999
26002
26005
26008
26011
26014
26017
26020
26023
26026
26029
26032
26035
26038
26041
26366
26368
26371
26374
26377
26380
26383
26386
26389
26392
26395
26398
26401
26404
26407
26410
26413
26416
26419
26422
26425
26428
26431
26434
26437
26440
26443
26446
26449
26452
10069
26455
10072
26458
10075
26461
10078
26464
10081
26467
10084
26470
10087
26473
10090
26476
10093
26479
10096
26482
10099
26485
10102
26488
10105
26491
10108
26494
10111
26497
10114
26500
10117
26503
10120
26506
10123
26509
10126
26512
10129
26515
10132
26518
10135
26521
10138
26524
10141
26527
10144
26530
10147
26533
10150
26536
10153
10154
26539
10156
26542
10158
10160
26545
10162
26548
10164
10166
26551
10168
26554
10170
10172
26557
10174
26560
10176
10178
26563
10180
26566
10182
10184
26569
10186
26572
10188
10190
26575
10192
26578
10194
10196
26581
26584
26587
26590
26593
26596
26599
26602
26605
26608
26611
10228
26614
10231
10234
10237
10240
10243
10246
10249
10252
10255
10258
10261
10264
10267
10270
10273
10276
10279
10282
10285
10288
10291
10294
10297
10300
10303
10306
10309
10312
10315
10318
10321
10323
10326
10329
10332
10335
10338
10341
10344
10347
10350
10353
10356
10359
10362
10365
10368
10371
10374
10377
10380
10383
10386
10389
10392
10395
10398
10401
10404
10407
10410
10413
10416
10419
10422
10425
10428
10431
10434
10437
10440
26825
10443
26828
10446
26831
10449
26834
10452
26837
10455
26840
10458
26843
10461
26846
10464
26849
10467
26852
10470
26855
10473
26858
10476
26861
10479
26864
10482
26867
10485
26870
10488
26873
10491
26876
10493
26879
10496
26882
10499
26885
10502
26888
10505
26891
10508
26894
10511
26897
10514
26900
10517
26903
10520
26906
10523
26909
10526
26912
10529
26915
10532
26918
10535
26921
10538
26924
10541
26927
10544
26930
10547
26933
10550
26936
10553
26939
10556
26942
10559
26945
10562
26948
10565
26951
10568
26954
10571
26957
10574
26960
10577
26963
10580
26966
10583
26969
10586
26972
10589
26975
10592
26978
10595
26981
10598
26984
10601
26987
10604
26990
10607
26993
10610
26996
10613
26999
10616
27002
10619
27005
10622
27008
10625
27011
10628
10631
27017
10634
27021
10637
10640
27025
10643
27029
10646
27033
10649
10652
27037
10655
27041
10658
27045
10663
27049
10666
27053
10669
10672
27057
10675
27061
10678
27065
10681
10684
27069
10687
27073
10690
27077
10693
10696
27081
10699
27085
10702
27089
10705
10708
27093
10711
27097
10714
27101
10717
10720
27105
10723
27109
10726
27113
10729
10732
27117
10735
27121
10738
27125
10741
10744
27129
10747
27133
10750
27137
10753
10756
27141
10759
27145
10762
27149
10765
10768
27153
10771
27157
10774
27161
10777
10780
27165
10783
27169
10786
27173
10789
10792
27177
10795
27181
10798
27185
27189
27193
27197
27201
27205
27209
27213
10830
27217
10833
10836
27221
10839
27225
10842
27229
10845
10848
27233
10851
10854
10857
10860
10863
10866
10869
10872
10875
10878
10881
10916
10919
10922
10925
10928
10931
10934
10937
10940
10943
10946
10949
10952
10955
10958
10961
10964
10967
10970
10973
10976
10979
10982
10985
10988
10991
10994
10997
10999
11002
11005
11008
11011
11014
11017
11020
11023
11026
11029
11032
11035
11038
11041
11044
11047
11050
11053
11056
11059
11062
11065
11068
11071
11074
11077
11080
11083
11086
11089
11092
11095
11098
11101
11104
11107
11110
11113
11116
11119
11122
11125
11128
11131
11134
11137
11140
11143
11146
11149
11152
11155
11158
11161
11164
11167
11169
11172
11175
11178
11181
11184
11187
11190
11193
11196
11199
11202
11205
11208
11211
11214
11217
11220
11223
11226
11229
11232
11235
11238
11241
11244
11247
11250
11253
11256
11259
11262
11265
11268
11271
11274
11277
11280
11283
11286
11289
11292
11295
11298
11301
11304
11307
11310
11313
11316
11319
11322
11325
11328
11331
11334
11339
11342
11345
11348
11351
11354
11357
11360
11363
11366
11369
11372
11375
11378
11381
11384
11387
11390
11393
11396
11399
11402
11405
11408
11411
11414
11417
11420
11423
11426
11429
11432
11435
11438
11441
11444
11447
11450
11453
11456
11459
11462
11465
11468
11471
11474
11477
11480
11483
11486
11509
11512
11515
11518
11521
11524
11527
11530
11533
11536
11539
11542
11545
11548
11551
11554
11557
11560
11563
11566
11569
11572
11607
11610
11613
11616
11619
11622
11625
11628
11631
11634
11637
11640
11643
11646
11649
11652
11655
11658
11661
11664
11667
11670
11673
11676
11679
11682
11697
11700
11703
11706
11709
11712
11715
11718
11721
11724
11727
11730
11733
11736
11739
11742
11745
11748
11751
11754
11757
11760
11763
11766
11769
11772
11775
11778
11781
11784
11787
11790
11793
11796
11799
11802
11805
11808
11811
11814
11817
11820
11823
11826
11829
11832
11835
11838
11841
11844
11847
11850
11853
11856
11859
11862
11865
11868
11871
11874
48739
11877
48743
11880
48747
11883
11886
48751
48753
11889
48755
11892
11895
11898
11901
11904
11907
11910
11913
11916
11919
11922
11925
11928
11931
11934
11937
11940
11943
11946
11949
11952
48817
11955
11958
11961
11964
11967
11970
11973
11976
11979
11982
11985
11988
11991
11994
11997
12000
12003
12006
12009
12012
12015
12018
12021
12024
12027
12030
12033
48899
12037
48902
12040
48906
12043
12046
48912
12049
12052
48917
12055
12058
12061
12064
12067
12070
48935
12073
12076
12079
12082
12085
12088
12091
12094
12097
12100
48967
12103
12106
12109
12112
12115
12118
12121
12124
12127
12130
12133
12136
12139
12142
12145
12148
12151
12154
12157
12160
12163
12166
12169
12172
12175
12178
12181
12184
12187
12190
12193
12196
12199
12202
12213
12216
12219
12222
12225
12228
12231
12234
12237
12240
12243
12246
12249
12252
12255
12258
12261
12264
12267
12270
12273
12276
12279
12282
12285
)


// ************************************************************************* //
