/*--------------------------------*- C++ -*----------------------------------*\
| =========                 |                                                 |
| \\      /  F ield         | OpenFOAM: The Open Source CFD Toolbox           |
|  \\    /   O peration     | Version:  2406                                  |
|   \\  /    A nd           | Website:  www.openfoam.com                      |
|    \\/     M anipulation  |                                                 |
\*---------------------------------------------------------------------------*/
FoamFile
{
    version     2.0;
    format      ascii;
    arch        "LSB;label=32;scalar=64";
    class       faceSet;
    location    "constant/polyMesh/sets";
    object      skewFaces;
}
// * * * * * * * * * * * * * * * * * * * * * * * * * * * * * * * * * * * * * //


853
(
10241
10244
10247
10250
10253
10256
10259
10262
10265
10268
10271
10274
10277
10280
10283
10286
10289
10292
10295
10298
10301
10304
10307
10310
10313
10316
10319
10324
10327
10330
10333
10336
10339
10342
10345
10348
10351
10354
10357
10360
10363
10366
10369
10372
10375
10378
10381
10384
10387
10390
10393
10396
10399
10402
10405
10408
10411
10414
10417
10420
10423
10426
10429
10432
10435
10438
10441
10444
10447
10450
10453
10456
10459
10462
10465
10468
10471
10474
10477
10480
10483
10486
10489
10494
10497
10500
10503
10506
10509
10512
10515
10518
10521
10524
10527
10530
10533
10536
10539
10542
10545
10548
10551
10554
10557
10560
10563
10566
10569
10572
10575
10578
10581
10584
10587
10590
10593
10596
10599
10602
10605
10608
10611
10614
10617
10620
10623
10626
10629
10632
10635
10638
10641
10644
10647
10650
10653
10656
10659
10661
10664
10667
10670
10673
10676
10679
10682
10685
33214
33215
10688
33216
33217
33218
10691
33219
33220
33221
10694
33222
33223
33224
10697
33225
33226
33227
10700
33228
33229
33230
10703
33231
33232
33233
10706
33234
33235
33236
10709
33237
33238
33239
10712
33240
33241
33242
10715
33243
33244
33245
10718
33246
33247
33248
10721
33249
33250
33251
10724
33252
33253
33254
10727
33255
33256
33257
10730
33258
33259
33260
10733
33261
33262
33263
10736
33264
33265
33266
10739
33267
33268
33269
10742
33270
33271
33272
10745
33273
33274
33275
10748
33276
33277
33278
10751
33279
33280
33281
10754
33282
33283
33284
33285
33286
33287
33288
33289
33290
33291
33292
33293
33294
33295
33296
33297
33298
33299
33300
33301
33302
33303
33317
33318
33319
33320
33321
33322
33323
33324
33325
33326
33327
10829
10831
10834
33372
33373
33374
33375
33376
33377
33378
33379
33380
33381
33382
33383
33384
33385
33386
33387
33388
33389
33390
33391
33392
33393
33394
33395
33396
33397
33398
33399
33400
33401
33402
33403
33404
33405
33406
33407
33408
33409
33410
33411
33412
33413
33414
33415
33416
33417
33418
33419
33420
33421
33422
33423
33424
33425
33426
33427
33428
33429
33430
33431
33432
33433
33434
33435
33436
33437
33438
33439
33440
33441
33442
33443
33444
33445
10944
10947
10950
10953
10956
10959
10962
10965
33493
33494
33495
10968
33496
33497
33498
10971
33499
33500
33501
10974
33502
33503
33504
10977
33505
33506
33507
10980
33508
33509
33510
10983
33511
33512
33513
10986
33514
33515
33516
10989
33517
33518
33519
10992
33520
33521
33522
10995
33523
33524
33525
33526
33527
33528
33529
33530
33531
33532
33533
33534
33535
33536
33537
33538
33539
33540
33541
33542
33543
33544
33545
33546
33547
33548
33549
33550
33551
33552
33553
33554
33555
33556
33557
33558
33559
33560
33561
11033
33562
11036
11039
11042
11045
11048
11051
11054
11057
11060
11063
11066
11069
11072
11075
11078
11081
11084
11087
11090
11093
11096
11099
11102
11105
11108
11111
11114
11117
11120
11123
11126
11129
11132
11135
11138
11141
11144
11147
11150
11153
11156
11159
11162
11165
11170
11173
11176
11179
11182
11185
11188
11191
11194
11197
11200
11203
11206
11209
11212
11215
11218
11221
11224
11227
11230
11233
11236
11239
11242
11245
11248
11251
11254
11257
11260
11263
11266
11269
11272
27658
11275
27659
27660
27661
11278
27662
27663
27664
11281
11284
11287
11290
11293
11296
11299
11302
11305
11308
11311
11314
27699
27700
11317
27701
27702
27703
11320
27704
27705
27706
11323
27707
27708
27709
11326
27710
27711
27712
11329
27713
27714
27715
11332
27716
27717
27718
11335
27719
27720
11337
27721
27722
27723
11340
27724
27725
27726
11343
27727
27728
27729
11346
27730
27731
27732
11349
27733
27734
27735
11352
27736
27737
27738
11355
27739
27740
27741
11358
27742
27743
27744
11361
27745
27746
27747
11364
27748
27749
27750
11367
27751
27752
27753
11370
27754
27755
27756
11373
27757
27758
27759
11376
27760
27761
27762
11379
27763
27764
27765
11382
27766
27767
27768
11385
27769
27770
27771
11388
27772
27773
27774
11391
27775
27776
27777
11394
27778
27779
27780
11397
27781
27782
11400
11403
11406
11409
27819
27820
27821
27822
27823
27824
27825
27826
27827
27828
27829
27830
27831
27832
27833
27834
27835
27836
27837
27838
27839
27840
27841
27842
27843
27844
27845
27846
27847
27848
27849
27850
27851
27852
27853
27854
27855
27856
27857
27858
27859
27860
27861
27862
27863
27864
27865
27866
27867
27868
27869
27870
27871
27872
27873
27874
27875
27876
27877
27878
27879
27880
27881
27882
27883
27884
27885
27886
27887
27888
27889
27890
27891
27892
27893
27894
27895
27896
27897
27898
27899
27900
27939
27940
27941
27942
27943
27944
27945
27946
27947
27948
27949
27950
27951
27952
27953
27954
27955
27956
27957
27958
27959
27960
27961
27962
27963
27964
27965
27966
27967
27968
27969
27970
27971
27972
27973
27974
27975
27976
27977
27978
27979
27980
27990
27991
27992
27993
27994
27995
27996
27997
27998
27999
28000
28001
28002
28003
28004
28005
28006
28007
11794
11797
11800
11803
11806
11809
11812
11815
11818
11821
11824
11827
11830
11833
11836
11839
11842
11845
11848
11851
11854
11857
48736
48738
48742
11914
11917
11920
11923
11926
11929
11932
11935
11938
11941
11944
11947
11950
11953
48820
11956
48901
48905
48969
48993
10155
10157
10159
10161
10163
10165
10167
10169
10171
10173
10175
10238
)


// ************************************************************************* //
