/*--------------------------------*- C++ -*----------------------------------*\
| =========                 |                                                 |
| \\      /  F ield         | OpenFOAM: The Open Source CFD Toolbox           |
|  \\    /   O peration     | Version:  2406                                  |
|   \\  /    A nd           | Website:  www.openfoam.com                      |
|    \\/     M anipulation  |                                                 |
\*---------------------------------------------------------------------------*/
FoamFile
{
    version     2.0;
    format      ascii;
    arch        "LSB;label=32;scalar=64";
    class       faceSet;
    location    "constant/polyMesh/sets";
    object      skewFaces;
}
// * * * * * * * * * * * * * * * * * * * * * * * * * * * * * * * * * * * * * //


4061
(
73937
73940
73943
73946
73949
73952
73955
73958
73961
73964
73967
73970
73973
73976
73979
73982
73985
73988
73991
73994
73997
74000
74003
74006
74009
74012
74015
66113
66115
66117
66119
74311
66121
74314
66123
66125
74317
66127
74320
66129
66131
74323
66133
74326
66135
66137
74329
66139
74332
66141
66143
74335
66145
74338
66147
66149
74341
66151
74344
66153
66155
74347
66157
74350
66159
66161
74353
66163
66165
66167
66169
66171
66173
66175
66177
66179
66181
66183
66185
66187
66189
66191
66193
66195
66197
66199
66201
66203
66205
66207
66209
66211
66213
66215
66217
66219
66221
66223
66225
66227
66229
66231
66233
66235
66237
66239
66241
66243
66245
66247
66249
66251
66253
66255
66257
66259
66261
66263
66265
66267
66269
66271
66273
66275
66277
66279
66281
66283
66285
66287
66289
66291
66293
66295
66297
66299
66362
66365
66368
66371
66374
66377
66380
66383
66386
66389
66392
66395
66398
66401
66404
66407
66410
66413
66416
66419
66422
66425
66428
66431
66434
66437
66440
66443
66446
66449
66452
66455
66458
66461
66464
66467
66470
66473
66476
66479
66482
66485
66488
66491
66494
66497
66500
66503
66506
66509
66512
66515
66518
66521
66524
66527
66530
66533
66536
66539
66542
66545
66548
66551
66554
66557
66560
66563
66566
66569
66572
66575
66578
66581
66584
66587
66590
66593
66596
66599
66602
66605
66608
66611
66614
66617
66620
66623
66626
66629
66632
66635
66638
66641
66718
66721
66724
66727
66730
66733
66736
66739
66742
66745
66748
66751
66754
66757
66760
66763
66766
66769
66772
66775
66778
66781
66784
66787
66790
66793
66796
66799
66802
66805
66808
66811
66814
66817
66820
66823
66826
66829
66832
66835
66838
66841
66844
66847
66850
66853
66856
66859
66862
66865
66868
66871
66874
66877
66880
66883
66886
66889
66892
66895
66898
66901
66904
66907
66910
66913
66916
66919
66922
66925
66928
66931
66934
66937
66940
66943
66946
66949
66952
66955
66958
66961
66964
66967
66970
66973
66976
66979
66982
66985
66988
66991
66994
67077
67080
67083
67086
67089
67092
67095
67098
67101
67104
67107
67110
67113
67116
67119
67122
67125
67128
67131
67134
67137
67140
67143
67146
67149
67152
67155
67158
67161
67164
67167
67170
67173
67176
67179
67182
67185
67188
67191
67194
67197
67200
67203
67206
67209
67212
67215
67218
67221
67224
67227
67230
67233
67236
67239
67242
67245
67248
67251
67254
67257
67260
67263
67266
67269
67272
67275
67278
67281
67284
67287
67290
67293
67296
67299
67302
67305
67308
67311
67314
67317
67320
67323
67326
67329
67332
67335
67338
67341
67344
67347
67350
67433
67436
67439
67442
67445
67448
67451
67454
67457
67460
67463
67466
67469
67472
67475
67478
67481
67484
67487
67490
67493
67496
67499
67502
67505
67508
67511
67514
67517
67520
67523
67526
67529
67532
67535
67538
67541
67544
67547
67550
67553
67556
67559
67562
67565
67568
67571
67574
67577
67580
67583
67586
67589
67592
67595
67598
67601
67604
67607
67610
67613
67616
67619
67622
67625
67628
67631
67634
67637
67640
67643
67646
67649
67652
67655
67658
67661
67664
67667
67670
67673
67676
67679
67682
67685
67688
67691
67694
67697
67700
67703
67792
67795
67798
67801
67804
67807
67810
67813
67816
67819
67822
67825
67828
67831
67834
67837
67840
67843
67846
67849
67852
67855
67858
67861
67864
67867
67870
67873
67876
67879
67882
67885
67888
67891
67894
67897
67900
67903
67906
67909
67912
67915
67918
67921
67924
67927
67930
67933
67936
67939
67942
67945
67948
67951
67954
67957
67960
67963
67966
67969
67972
67975
67978
67981
67984
67987
67990
67993
67996
67999
68002
68005
68008
68011
68014
68017
68020
68023
68026
68029
68032
68035
68038
68041
68044
68047
68050
68053
68056
68059
68151
68154
68157
68160
68163
68166
68169
68172
68175
68178
68181
68184
68187
68190
68193
68196
68199
68202
68205
68208
68211
68214
68217
68220
68223
68226
68229
68232
68235
68238
68241
68244
68247
68250
68253
68256
68259
68262
68265
68268
68271
68274
68277
68280
68283
68286
68289
68292
68295
68298
68301
68304
68307
68310
68313
68316
68319
68322
68325
68328
68331
68334
68337
68340
68343
68346
68349
68352
68355
68358
68361
68364
68367
68370
68373
68376
68379
68382
68385
68388
68391
68394
68397
68400
68403
68406
68409
68412
68507
68510
68513
68516
68519
68522
68525
68528
68531
68534
68537
68540
68543
68546
68549
68552
68555
68558
68561
68564
68567
68570
68573
68576
68579
68582
68585
68588
68591
68594
68597
68600
68603
68606
68609
68612
68615
68618
68621
68624
68627
68630
68633
68636
68639
68642
68645
68648
68651
68654
68657
68660
68663
68666
68669
68672
68675
68678
68681
68684
68687
68690
68693
68696
68699
68702
68705
68708
68711
68714
68717
68720
68723
68726
68729
68732
68735
68738
68741
68744
68747
68750
68753
68756
68759
68762
68765
68866
68869
68872
68875
68878
68881
68884
68887
68890
68893
68896
68899
68902
68905
68908
68911
68914
68917
68920
68923
68926
68929
68932
68935
68938
68941
68944
68947
68950
68953
68956
68959
68962
68965
68968
68971
68974
68977
68980
68983
68986
68989
68992
68995
68998
69001
69004
69007
69010
69013
69016
69019
69022
69025
69028
69031
69034
69037
69040
69043
69046
69049
69052
69055
69058
69061
69064
69067
69070
69073
69076
69079
69082
69085
69088
69091
69094
69097
69100
69103
69106
69109
69112
69115
69118
69121
69225
69228
69231
69234
69237
69240
69243
69246
69249
69252
69255
69258
69261
69264
69267
69270
69273
69276
69279
69282
69285
69288
69291
69294
69297
69300
69303
69306
167611
167612
69309
167613
167614
167615
69312
167616
167617
167618
69315
167619
167620
167621
69318
167622
167623
167624
69321
167625
167626
167627
69324
167628
167629
167630
69327
167631
167632
167633
69330
167634
167635
167636
69333
167637
167638
167639
69336
167640
167641
167642
69339
167643
167644
167645
69342
167646
167647
167648
69345
167649
167650
167651
69348
167652
167653
167654
69351
167655
167656
167657
69354
167658
167659
167660
69357
167661
167662
167663
69360
167664
167665
167666
69363
167667
167668
167669
69366
167670
167671
167672
69369
167673
167674
167675
69372
167676
167677
167678
69375
167679
167680
167681
69378
167682
167683
167684
69381
167685
167686
167687
69384
167688
167689
167690
69387
167691
167692
167693
69390
167694
167695
167696
69393
167697
167698
167699
69396
167700
69399
69402
69405
69408
69411
69414
69417
69420
69423
69426
167730
167731
167732
69429
167733
167734
167735
69432
167736
167737
167738
69435
167739
167740
167741
69438
167742
167743
167744
69441
167745
167746
167747
69444
167748
167749
167750
69447
167751
167752
167753
69450
167754
167755
167756
69453
167757
167758
167759
69456
167760
167761
167762
69459
167763
167764
167765
69462
167766
167767
167768
69465
167769
167770
167771
69468
167772
167773
167774
69471
167775
167776
167777
69474
167778
167779
167780
167781
167782
167783
167784
167785
167786
167787
167788
167789
167790
167791
167792
167793
167794
167795
167796
167797
167798
167799
167800
167801
167802
167803
167804
167805
167806
167807
167808
167809
167810
167811
167812
167813
167814
167815
167816
167817
167818
167850
167851
167852
167853
167854
167855
167856
167857
167858
167859
167860
167861
167862
167863
167864
167865
167866
167867
167868
167869
167870
167871
167872
167873
167874
167875
167876
167877
167878
167879
167880
167881
167882
167883
167884
167885
167886
167887
69584
167888
167889
167890
69587
167891
167892
167893
69590
167894
167895
167896
69593
167897
167898
167899
69596
167900
167901
167902
69599
167903
167904
167905
69602
167906
167907
167908
69605
167909
167910
167911
69608
167912
167913
167914
69611
167915
167916
167917
69614
167918
167919
167920
69617
167921
167922
167923
69620
167924
167925
167926
69623
167927
167928
167929
69626
167930
167931
167932
69629
167933
167934
167935
69632
167936
167937
69635
69638
69641
69644
69647
69650
69653
69656
69659
69662
69665
167970
167971
69668
167972
167973
167974
69671
167975
167976
167977
69674
167978
167979
167980
69677
167981
167982
167983
69680
167984
167985
167986
69683
167987
167988
167989
69686
167990
167991
167992
69689
167993
167994
167995
69692
167996
167997
167998
69695
167999
168000
168001
69698
168002
168003
168004
69701
168005
168006
168007
69704
168008
168009
168010
69707
168011
168012
168013
69710
168014
168015
168016
69713
168017
168018
168019
69716
168020
168021
168022
69719
168023
168024
168025
69722
168026
168027
168028
69725
168029
168030
168031
69728
168032
168033
168034
69731
168035
168036
168037
69734
168038
168039
168040
69737
168041
168042
168043
69740
168044
168045
168046
69743
168047
168048
168049
69746
168050
168051
168052
69749
168053
168054
168055
69752
69755
69758
69761
69764
69767
69770
69773
69776
69779
69782
69785
168090
168091
69788
168092
168093
168094
69791
168095
168096
168097
69794
168098
168099
168100
69797
168101
168102
168103
69800
168104
168105
168106
69803
168107
168108
168109
69806
168110
168111
168112
69809
168113
168114
168115
69812
168116
168117
168118
69815
168119
168120
168121
69818
168122
168123
168124
69821
168125
168126
168127
69824
168128
168129
168130
69827
168131
168132
168133
168134
168135
168136
168137
168138
168139
168140
168141
168142
168143
168144
168145
168146
168147
168148
168149
168150
168151
168152
168153
168154
168155
168156
168157
168158
168159
168160
168161
168162
168163
168164
168165
168166
168167
168168
168169
168170
168171
168172
168173
168210
168211
168212
168213
168214
168215
168216
168217
168218
168219
168220
168221
168222
168223
168224
168225
168226
168227
168228
168229
168230
168231
168232
168233
168234
168235
168236
168237
168238
168239
168240
168241
168242
168243
168244
168245
168246
69943
168247
168248
168249
69946
168250
168251
168252
69949
168253
168254
168255
69952
168256
168257
168258
69955
168259
168260
168261
69958
168262
168263
168264
69961
168265
168266
168267
69964
168268
168269
168270
69967
168271
168272
168273
69970
168274
168275
168276
69973
168277
201045
168278
201046
168279
201047
69976
168280
201048
168281
201049
168282
201050
69979
168283
201051
168284
201052
168285
201053
69982
168286
201054
168287
201055
168288
201056
69985
168289
201057
168290
201058
168291
201059
69988
201060
201061
201062
69991
201063
201064
201065
69994
201066
201067
201068
69997
201069
201070
201071
70000
201072
201073
201074
70003
201075
201076
201077
70006
201078
201079
201080
70009
201081
201082
201083
70012
201084
201085
201086
70015
201087
201088
201089
70018
201090
201091
201092
70021
201093
201094
201095
70024
201096
201097
168330
201098
70027
168331
201099
168332
201100
168333
201101
70030
168334
201102
168335
201103
168336
201104
70033
168337
201105
168338
201106
168339
201107
70036
168340
201108
168341
201109
168342
201110
70039
168343
201111
168344
201112
168345
201113
70042
168346
201114
168347
201115
168348
201116
70045
168349
201117
168350
201118
168351
201119
70048
168352
201120
168353
201121
168354
201122
70051
168355
201123
168356
201124
168357
201125
70054
168358
201126
168359
201127
168360
201128
70057
168361
201129
168362
201130
168363
201131
70060
168364
201132
168365
201133
168366
201134
70063
168367
168368
168369
70066
168370
168371
168372
70069
168373
168374
168375
70072
168376
168377
168378
70075
168379
168380
168381
70078
168382
168383
168384
70081
168385
168386
168387
70084
168388
168389
168390
70087
168391
168392
168393
70090
168394
168395
168396
70093
168397
201165
168398
201166
168399
201167
70096
168400
201168
168401
201169
168402
201170
70099
168403
201171
168404
201172
168405
201173
70102
168406
201174
168407
201175
168408
201176
70105
168409
201177
201178
201179
70108
201180
201181
201182
70111
201183
201184
201185
70114
201186
201187
201188
70117
201189
201190
201191
70120
201192
201193
201194
70123
201195
201196
201197
70126
201198
201199
201200
70129
201201
201202
201203
70132
201204
201205
201206
70135
201207
201208
201209
70138
201210
201211
201212
70141
201213
201214
201215
70144
201216
201217
168450
201218
70147
168451
201219
168452
201220
168453
201221
70150
168454
201222
168455
201223
168456
201224
70153
168457
201225
168458
201226
168459
201227
70156
168460
201228
168461
201229
168462
201230
70159
168463
201231
168464
201232
168465
201233
70162
168466
201234
168467
201235
168468
201236
70165
168469
201237
168470
201238
168471
201239
70168
168472
201240
168473
201241
168474
201242
70171
168475
201243
168476
201244
168477
201245
70174
168478
201246
168479
201247
168480
201248
70177
168481
201249
168482
201250
168483
201251
70180
168484
201252
168485
201253
168486
168487
168488
168489
168490
168491
168492
168493
168494
168495
168496
168497
168498
168499
168500
168501
168502
168503
168504
168505
168506
168507
168508
168509
168510
168511
168512
168513
168514
168515
168516
201284
168517
201285
168518
201286
168519
201287
168520
201288
168521
201289
168522
201290
168523
201291
168524
201292
168525
201293
168526
201294
168527
201295
201296
201297
201298
201299
201300
201301
201302
201303
201304
201305
201306
201307
201308
201309
201310
201311
201312
201313
201314
201315
201316
201317
201318
201319
201320
201321
201322
201323
201324
201325
201326
201327
201328
201329
201330
201331
201332
201333
201334
201335
201336
201337
168570
201338
168571
201339
168572
201340
168573
201341
168574
201342
168575
201343
168576
201344
168577
201345
168578
201346
168579
201347
168580
201348
168581
201349
168582
201350
168583
201351
168584
201352
168585
201353
168586
201354
168587
201355
168588
201356
168589
201357
168590
201358
168591
201359
168592
201360
168593
201361
168594
201362
168595
201363
168596
201364
168597
201365
168598
201366
168599
201367
168600
201368
168601
201369
168602
201370
168603
201371
168604
168605
70302
168606
168607
168608
70305
168609
168610
168611
70308
168612
168613
168614
70311
168615
168616
168617
70314
168618
168619
168620
70317
168621
168622
168623
70320
168624
168625
168626
70323
168627
168628
168629
70326
168630
168631
168632
70329
168633
168634
168635
70332
168636
201404
168637
201405
168638
201406
70335
168639
201407
168640
201408
168641
201409
70338
168642
201410
168643
201411
168644
201412
70341
168645
201413
201414
201415
70344
201416
201417
201418
70347
201419
201420
201421
70350
201422
201423
201424
70353
201425
201426
201427
70356
201428
201429
201430
70359
201431
201432
201433
70362
201434
201435
201436
70365
201437
201438
201439
70368
201440
201441
201442
70371
201443
201444
201445
70374
201446
201447
201448
70377
201449
201450
201451
70380
201452
201453
201454
70383
201455
201456
201457
70386
168690
201458
168691
201459
168692
201460
70389
168693
201461
168694
201462
168695
201463
70392
168696
201464
168697
201465
168698
201466
70395
168699
201467
168700
201468
168701
201469
70398
168702
201470
168703
201471
168704
201472
70401
168705
201473
168706
201474
168707
201475
70404
168708
201476
168709
201477
168710
201478
70407
168711
201479
168712
201480
168713
201481
70410
168714
201482
168715
201483
168716
201484
70413
168717
201485
168718
201486
168719
201487
70416
168720
201488
168721
201489
168722
70419
168723
168724
168725
70422
168726
168727
168728
70425
168729
168730
168731
70428
168732
168733
168734
70431
168735
168736
168737
70434
168738
168739
168740
70437
168741
168742
168743
70440
168744
168745
168746
70443
168747
168748
168749
70446
168750
168751
168752
70449
168753
168754
168755
70452
168756
201524
168757
201525
168758
201526
70455
168759
201527
168760
201528
168761
201529
70458
168762
201530
168763
201531
201532
70461
201533
201534
201535
70464
201536
201537
201538
70467
201539
201540
201541
70470
201542
201543
201544
70473
201545
201546
201547
70476
201548
201549
201550
70479
201551
201552
201553
70482
201554
201555
201556
70485
201557
201558
201559
70488
201560
201561
201562
70491
201563
201564
201565
70494
201566
201567
201568
70497
201569
201570
201571
201572
70500
201573
201574
201575
70503
201576
201577
201578
70506
201579
168811
201580
168812
201581
70509
168813
201582
168814
201583
168815
201584
70512
168816
201585
168817
201586
168818
201587
70515
168819
201588
168820
201589
168821
201590
70518
168822
201591
168823
201592
168824
201593
70521
168825
201594
168826
201595
168827
201596
70524
168828
201597
168829
201598
168830
201599
70527
168831
201600
168832
201601
168833
201602
70530
168834
201603
168835
201604
168836
201605
70533
168837
201606
168838
201607
168839
168840
168841
168842
168843
168844
168845
168846
168847
168848
168849
168850
168851
168852
168853
168854
168855
168856
168857
168858
168859
168860
168861
168862
168863
168864
168865
168866
168867
168868
168869
168870
168871
168872
168873
168874
168875
201644
168876
201645
168877
201646
168878
201647
168879
201648
168880
201649
201650
201651
201652
201653
201654
201655
201656
201657
201658
201659
201660
201661
201662
201663
201664
201665
201666
201667
201668
201669
201670
201671
201672
201673
201674
201675
201676
201677
201678
201679
201680
201681
201682
201683
201684
201685
201686
201687
201688
201689
201690
201691
201692
201693
201694
201695
201696
201697
201698
201699
201700
168932
201701
168933
201702
168934
201703
168935
201704
168936
201705
168937
201706
168938
201707
168939
201708
168940
201709
168941
201710
168942
201711
168943
201712
168944
201713
168945
201714
168946
201715
168947
201716
168948
201717
168949
201718
168950
201719
168951
201720
168952
201721
168953
201722
168954
201723
168955
201724
168956
201725
168957
168958
168959
168960
168961
168962
168963
168964
70661
168965
168966
168967
70664
168968
168969
168970
70667
168971
168972
168973
70670
168974
168975
168976
70673
168977
168978
168979
70676
168980
168981
168982
70679
168983
168984
168985
70682
168986
168987
168988
70685
168989
168990
168991
70688
168992
168993
168994
70691
168995
201764
168996
201765
168997
201766
70694
201767
201768
201769
70697
201770
201771
201772
70700
201773
201774
201775
70703
201776
201777
201778
70706
201779
201780
201781
70709
201782
201783
201784
70712
201785
201786
201787
70715
201788
201789
201790
70718
201791
201792
201793
70721
201794
201795
201796
70724
201797
201798
201799
70727
201800
201801
201802
70730
201803
201804
201805
70733
201806
201807
201808
70736
201809
201810
201811
70739
201812
201813
201814
70742
201815
201816
201817
70745
201818
201819
201820
70748
201821
169053
201822
169054
201823
70751
169055
201824
169056
201825
169057
201826
70754
169058
201827
169059
201828
169060
201829
70757
169061
201830
169062
201831
169063
201832
70760
169064
201833
169065
201834
169066
201835
70763
169067
201836
169068
201837
169069
201838
70766
169070
201839
169071
201840
169072
201841
70769
169073
201842
169074
201843
169075
70772
169076
169077
169078
70775
169079
169080
169081
70778
169082
169083
169084
70781
169085
169086
169087
70784
169088
169089
169090
70787
169091
169092
169093
70790
169094
169095
169096
70793
169097
169098
169099
70796
169100
169101
169102
70799
169103
169104
169105
70802
169106
169107
169108
70805
169109
169110
169111
70808
169112
169113
169114
70811
201884
201885
201886
70814
201887
201888
201889
70817
201890
201891
201892
70820
201893
201894
201895
70823
201896
201897
201898
70826
201899
201900
201901
70829
201902
201903
201904
70832
201905
201906
201907
70835
201908
201909
201910
70838
201911
201912
201913
70841
201914
201915
201916
70844
201917
201918
201919
70847
201920
201921
201922
70850
201923
201924
201925
70853
201926
201927
201928
70856
201929
201930
201931
70859
201932
201933
201934
70862
201935
201936
201937
70865
201938
201939
201940
70868
201941
201942
201943
70871
169175
201944
169176
201945
169177
201946
70874
169178
201947
169179
201948
169180
201949
70877
169181
201950
169182
201951
169183
201952
70880
169184
201953
169185
201954
169186
201955
70883
169187
201956
169188
201957
169189
201958
169190
201959
169191
201960
169192
201961
169193
169194
169195
169196
169197
169198
169199
169200
169201
169202
169203
169204
169205
169206
169207
169208
169209
169210
169211
169212
169213
169214
169215
169216
169217
169218
169219
169220
169221
169222
169223
169224
169225
169226
169227
169228
169229
169230
202004
202005
202006
202007
202008
202009
202010
202011
202012
202013
202014
202015
202016
202017
202018
202019
202020
202021
202022
202023
202024
202025
202026
202027
202028
202029
202030
202031
202032
202033
202034
202035
202036
202037
202038
202039
202040
202041
202042
202043
202044
202045
202046
202047
202048
202049
202050
202051
202052
202053
202054
202055
202056
202057
202058
202059
202060
202061
202062
202063
202064
202065
202066
169298
202067
169299
202068
169300
202069
169301
202070
169302
202071
169303
202072
169304
202073
169305
202074
169306
202075
169307
202076
169308
202077
169309
202078
169310
202079
169311
169312
169313
169314
169315
169316
169317
169318
169319
169320
169321
169322
169323
169324
169325
169326
71023
169327
169328
169329
71026
169330
169331
169332
71029
169333
169334
169335
71032
169336
169337
169338
71035
169339
169340
169341
71038
169342
169343
169344
71041
169345
71044
71047
71050
202124
202125
71053
202126
202127
202128
71056
202129
202130
202131
71059
202132
202133
202134
71062
202135
202136
202137
71065
202138
202139
202140
71068
202141
202142
202143
71071
202144
202145
202146
71074
202147
202148
202149
71077
202150
202151
202152
71080
202153
202154
202155
71083
202156
202157
202158
71086
202159
202160
202161
71089
202162
202163
202164
71092
202165
202166
202167
71095
202168
202169
202170
71098
202171
202172
202173
71101
202174
202175
202176
71104
202177
202178
202179
71107
202180
202181
202182
71110
202183
202184
202185
71113
202186
202187
202188
71116
202189
202190
169422
202191
71119
169423
202192
169424
202193
169425
202194
71122
169426
202195
169427
202196
169428
202197
71125
169429
169430
169431
71128
169432
169433
169434
71131
169435
169436
169437
71134
169438
169439
169440
71137
169441
169442
169443
71140
169444
169445
169446
71143
169447
169448
169449
71146
169450
169451
169452
71149
169453
169454
169455
71152
169456
169457
169458
71155
169459
71158
71161
71164
71167
71170
202245
71173
202246
202247
202248
71176
202249
202250
202251
71179
202252
202253
202254
71182
202255
202256
202257
71185
202258
202259
202260
71188
202261
202262
202263
71191
202264
202265
202266
71194
202267
202268
202269
71197
202270
202271
202272
71200
202273
202274
202275
71203
202276
202277
202278
71206
202279
202280
202281
71209
202282
202283
202284
71212
202285
202286
202287
71215
202288
202289
202290
71218
202291
202292
202293
71221
202294
202295
202296
71224
202297
202298
202299
71227
202300
202301
202302
71230
202303
202304
202305
71233
202306
202307
202308
71236
202309
202310
202311
202312
202313
202314
169551
169552
169553
169554
169555
169556
169557
169558
169559
169560
169561
169562
169563
169564
169565
169566
169567
169568
202366
202367
202368
202369
202370
202371
202372
202373
202374
202375
202376
202377
202378
202379
202380
202381
202382
202383
202384
202385
202386
202387
202388
202389
202390
202391
202392
202393
202394
202395
202396
202397
202398
202399
202400
202401
202402
202403
202404
202405
202406
202407
202408
202409
202410
202411
202412
202413
202414
202415
202416
202417
202418
202419
202420
202421
202422
202423
202424
202425
202426
202427
202428
202429
202430
202431
71385
71388
71391
71394
71397
71400
71403
71406
71409
71412
202487
71415
202488
202489
202490
71418
202491
202492
202493
71421
202494
202495
202496
71424
202497
202498
202499
71427
202500
202501
202502
71430
202503
202504
202505
71433
202506
202507
202508
71436
202509
202510
202511
71439
202512
202513
202514
71442
202515
202516
202517
71445
202518
202519
202520
71448
202521
202522
202523
71451
202524
202525
202526
71454
202527
202528
202529
71457
202530
202531
202532
71460
202533
202534
202535
71463
202536
202537
202538
71466
202539
202540
202541
71469
202542
202543
202544
71472
202545
202546
202547
71475
202548
71478
71481
71484
71487
71490
71493
71496
71499
71502
71505
71508
71511
71514
71517
71520
71523
71526
71529
71532
71535
202609
202610
71538
202611
202612
202613
71541
202614
202615
202616
71544
202617
202618
202619
71547
202620
202621
202622
71550
202623
202624
202625
71553
202626
202627
202628
71556
202629
202630
202631
71559
202632
202633
202634
71562
202635
202636
202637
71565
202638
202639
202640
71568
202641
202642
202643
71571
202644
202645
202646
71574
202647
202648
202649
71577
202650
202651
202652
71580
202653
202654
202655
71583
202656
202657
202658
71586
202659
202660
202661
202662
202663
202664
202732
202733
202734
202735
202736
202737
202738
202739
202740
202741
202742
202743
202744
202745
202746
202747
202748
202749
202750
202751
202752
202753
202754
202755
202756
202757
202758
202759
202760
202761
202762
202763
202764
202765
202766
202767
202768
202769
202770
202771
202772
202773
202774
202775
202776
202777
202778
202779
71747
71750
71753
71756
71759
71762
71765
71768
71771
71774
71777
71780
71783
202856
202857
202858
71786
202859
202860
202861
71789
202862
202863
202864
71792
202865
202866
202867
71795
202868
202869
202870
71798
202871
202872
202873
71801
202874
202875
202876
71804
202877
202878
202879
71807
202880
202881
202882
71810
202883
202884
202885
71813
202886
202887
202888
71816
202889
202890
202891
71819
202892
202893
71822
71825
71828
71831
71834
71837
71840
71843
71846
71849
71852
71855
71858
71861
71864
71867
71870
71873
71876
71879
71882
71885
71888
71891
71894
71897
71900
71903
71906
71909
71912
202985
202986
202987
71915
202988
202989
202990
71918
202991
202992
202993
71921
202994
202995
202996
71924
202997
202998
202999
71927
203000
203001
203002
71930
71933
71936
72109
72112
72115
72118
72121
72124
72127
72130
72133
72136
72139
72142
72145
72148
72151
72154
72157
72160
72163
72166
72169
72172
72175
72178
72181
72184
72187
72190
72193
72196
72199
72202
72205
72208
72211
72214
72217
72220
72223
72226
72229
72232
72235
72238
72241
72244
72247
72250
72253
72256
72259
72262
72265
72268
72271
72274
72277
72280
72283
72477
72480
72483
72486
72489
72492
72495
72498
72501
72504
72507
72510
72513
72516
72519
72522
72525
72528
72531
72534
72537
72540
72543
72546
72549
72552
72555
72558
72561
72564
72567
72570
72573
72576
72579
72582
72585
72588
72591
72594
72597
72600
72603
72606
72609
72612
72615
72618
72621
72624
72627
72842
72845
72848
72851
72854
72857
72860
72863
72866
72869
72872
72875
72878
72881
72884
72887
72890
72893
72896
72899
72902
72905
72908
72911
72914
72917
72920
72923
72926
72929
72932
72935
72938
72941
72944
72947
72950
72953
72956
72959
72962
72965
72968
72971
72974
73204
73207
73210
73213
73216
73219
73222
73225
73228
73231
73234
73237
73240
73243
73246
73249
73252
73255
73258
73261
73264
73267
73270
73273
73276
73279
73282
73285
73288
73291
73294
73297
73300
73303
73306
73309
73312
73315
73318
73321
73324
73569
73572
73575
73578
73581
73584
73587
73590
73593
73596
73599
73602
73605
73608
73611
73614
73617
73620
73623
73626
73629
73632
73635
73638
73641
73644
73647
73650
73653
73656
73659
73662
73665
73668
73671
)


// ************************************************************************* //
