/*--------------------------------*- C++ -*----------------------------------*\
| =========                 |                                                 |
| \\      /  F ield         | OpenFOAM: The Open Source CFD Toolbox           |
|  \\    /   O peration     | Version:  2406                                  |
|   \\  /    A nd           | Website:  www.openfoam.com                      |
|    \\/     M anipulation  |                                                 |
\*---------------------------------------------------------------------------*/
FoamFile
{
    version     2.0;
    format      ascii;
    arch        "LSB;label=32;scalar=64";
    class       volScalarField;
    location    "0.075";
    object      T;
}
// * * * * * * * * * * * * * * * * * * * * * * * * * * * * * * * * * * * * * //

dimensions      [0 0 0 1 0 0 0];

internalField   nonuniform List<scalar> 
13948
(
299.859
294.311
292.435
291.875
291.768
291.839
291.964
292.053
292.103
292.16
292.268
292.451
292.686
292.9
293.006
293.027
293.021
292.99
292.965
292.974
293.006
293.082
293.178
293.222
293.229
293.201
293.133
293.054
293.01
293.001
293
293
293
293
293
293
293
293
293
293
293
293
293
293
293
293
293
293
293
293
293
293
293
293
293
293
293
293
293
293
293
293
293
293
293
293
293
293
293
293
293
293
293
293
293
293
293
293
293
293
293
293
293
293
293
293
293
293
293
293
293
293
293
293
293
293
293
293
293
306.953
298.534
294.071
292.471
291.948
291.831
291.893
292.008
292.092
292.141
292.198
292.304
292.479
292.704
292.907
293.008
293.028
293.023
292.993
292.97
292.979
293.01
293.085
293.178
293.219
293.224
293.196
293.13
293.052
293.009
293
293
293
293
293
293
293
293
293
293
293
293
293
293
293
293
293
293
293
293
293
293
293
293
293
293
293
293
293
293
293
293
293
293
293
293
293
293
293
293
293
293
293
293
293
293
293
293
293
293
293
293
293
293
293
293
293
293
293
293
293
293
293
293
293
293
293
293
293
293
313.458
314.067
314.276
313.426
311.853
309.291
306.377
303.157
299.771
297.525
294.838
293.381
292.385
291.987
291.886
291.943
292.046
292.12
292.167
292.225
292.331
292.502
292.72
292.916
293.01
293.03
293.024
292.995
292.973
292.983
293.014
293.088
293.179
293.217
293.221
293.193
293.127
293.05
293.009
293
293
293
293
293
293
293
293
293
293
293
293
293
293
293
293
293
293
293
293
293
293
293
293
293
293
293
293
293
293
293
293
293
293
293
293
293
293
293
293
293
293
293
293
293
293
293
293
293
293
293
293
293
293
293
293
293
293
293
293
293
293
293
293
293
293
293
293
293
293
305.57
306.366
307.199
309.029
313.461
321.197
326.329
315.293
284.025
267.471
282.892
298.205
304.529
306.345
306.745
305.903
304.962
304.008
303.292
302.677
301.891
301.189
300.54
299.713
298.652
297.576
296.784
296.556
296.71
297.525
298.629
299.808
300.918
301.857
302.369
302.536
302.072
301.092
299.552
297.709
295.98
294.402
293.754
293.038
292.767
292.266
292.008
291.942
291.999
292.088
292.15
292.194
292.254
292.361
292.529
292.74
292.925
293.013
293.031
293.024
292.996
292.976
292.987
293.019
293.092
293.18
293.215
293.218
293.189
293.123
293.048
293.008
293
293
293
293
293
293
293
293
293
293
293
293
293
293
293
293
293
293
293
293
293
293
293
293
293
293
293
293
293
293
293
293
293
293
293
293
293
293
293
293
293
293
293
293
293
293
293
293
293
293
293
293
293
293
293
293
293
293
293
293
293
293
293
293
293
293
293
293
293
293
303.042
303.835
304.671
305.409
306.012
306.672
307.452
310.144
313.359
311.648
296.021
282.106
282.318
291.662
297.677
298.997
299.705
299.841
299.751
299.448
298.93
298.358
297.558
296.508
295.537
294.548
293.499
292.588
291.909
291.578
291.549
291.827
292.325
292.934
293.634
294.397
294.95
295.213
295.207
294.924
294.352
293.608
292.999
292.491
292.346
292.21
292.224
292.09
291.997
291.984
292.05
292.127
292.178
292.22
292.282
292.391
292.557
292.761
292.936
293.015
293.033
293.025
292.997
292.979
292.99
293.023
293.097
293.182
293.213
293.215
293.185
293.118
293.045
293.007
293
293
293
293
293
293
293
293
293
293
293
293
293
293
293
293
293
293
293
293
293
293
293
293
293
293
293
293
293
293
293
293
293
293
293
293
293
293
293
293
293
293
293
293
293
293
293
293
293
293
293
293
293
293
293
293
293
293
293
293
293
293
293
293
293
293
293
293
293
293
301.818
302.361
302.989
303.659
304.26
304.639
304.653
303.58
301.975
300.683
299.209
291.054
282.985
278.356
281.674
287.895
291.04
292.917
294.402
295.325
295.723
295.729
295.539
295.071
294.258
293.402
292.56
291.705
290.92
290.261
289.833
289.689
289.74
289.939
290.263
290.7
291.211
291.662
291.986
292.181
292.25
292.22
292.113
292.004
291.921
291.946
291.961
292.001
291.984
291.985
292.021
292.098
292.163
292.207
292.248
292.313
292.424
292.588
292.785
292.948
293.018
293.034
293.025
292.998
292.982
292.994
293.029
293.103
293.184
293.212
293.212
293.18
293.113
293.042
293.007
293
293
293
293
293
293
293
293
293
293
293
293
293
293
293
293
293
293
293
293
293
293
293
293
293
293
293
293
293
293
293
293
293
293
293
293
293
293
293
293
293
293
293
293
293
293
293
293
293
293
293
293
293
293
293
293
293
293
293
293
293
293
293
293
293
293
293
293
293
293
301.238
301.656
302.116
302.587
302.973
303.161
302.862
301.333
298.363
294.513
290.314
284.995
280.107
276.964
277.858
282.505
286.364
288.908
290.961
292.4
293.283
293.718
293.829
293.679
293.241
292.614
292
291.335
290.705
290.163
289.721
289.412
289.303
289.323
289.498
289.833
290.222
290.591
290.896
291.146
291.354
291.522
291.641
291.719
291.762
291.803
291.831
291.873
291.908
291.97
292.051
292.135
292.195
292.236
292.278
292.346
292.459
292.622
292.811
292.961
293.021
293.036
293.025
292.999
292.986
292.999
293.035
293.109
293.186
293.211
293.209
293.175
293.107
293.038
293.006
293
293
293
293
293
293
293
293
293
293
293
293
293
293
293
293
293
293
293
293
293
293
293
293
293
293
293
293
293
293
293
293
293
293
293
293
293
293
293
293
293
293
293
293
293
293
293
293
293
293
293
293
293
293
293
293
293
293
293
293
293
293
293
293
293
293
293
293
293
293
300.643
300.945
301.247
301.524
301.694
301.677
301.199
299.797
297.172
293.388
288.882
284.18
280.087
277.841
278.219
281.392
285.023
287.58
289.607
291.071
292.07
292.666
292.961
293.027
292.852
292.423
291.939
291.393
290.821
290.329
289.927
289.635
289.5
289.492
289.581
289.76
290.021
290.342
290.615
290.86
291.096
291.3
291.453
291.562
291.642
291.696
291.733
291.807
291.89
291.986
292.085
292.17
292.227
292.266
292.31
292.383
292.498
292.658
292.838
292.974
293.025
293.037
293.025
292.999
292.989
293.003
293.042
293.117
293.189
293.21
293.206
293.169
293.101
293.034
293.005
293
293
293
293
293
293
293
293
293
293
293
293
293
293
293
293
293
293
293
293
293
293
293
293
293
293
293
293
293
293
293
293
293
293
293
293
293
293
293
293
293
293
293
293
293
293
293
293
293
293
293
293
293
293
293
293
293
293
293
293
293
293
293
293
293
293
293
293
293
293
300.044
300.244
300.41
300.516
300.515
300.3
299.715
298.529
296.473
293.542
289.863
286.038
282.928
281.25
281.198
282.899
285.695
287.772
289.432
290.727
291.647
292.261
292.619
292.757
292.713
292.449
292.056
291.628
291.149
290.719
290.361
290.09
289.921
289.855
289.862
289.927
290.089
290.321
290.554
290.768
290.97
291.151
291.306
291.433
291.534
291.606
291.675
291.787
291.897
292.01
292.116
292.201
292.257
292.297
292.345
292.422
292.54
292.698
292.867
292.987
293.028
293.038
293.024
292.999
292.993
293.008
293.05
293.125
293.191
293.209
293.202
293.163
293.093
293.03
293.004
293
293
293
293
293
293
293
293
293
293
293
293
293
293
293
293
293
293
293
293
293
293
293
293
293
293
293
293
293
293
293
293
293
293
293
293
293
293
293
293
293
293
293
293
293
293
293
293
293
293
293
293
293
293
293
293
293
293
293
293
293
293
293
293
293
293
293
293
293
293
299.456
299.574
299.633
299.613
299.443
299.088
298.498
297.48
295.867
293.725
291.161
288.518
286.327
285.043
284.752
285.504
287.252
288.682
289.878
290.933
291.72
292.256
292.578
292.722
292.73
292.572
292.268
291.946
291.57
291.203
290.881
290.621
290.431
290.315
290.262
290.257
290.315
290.443
290.616
290.781
290.933
291.084
291.227
291.354
291.465
291.556
291.664
291.81
291.939
292.057
292.159
292.237
292.29
292.332
292.384
292.465
292.585
292.739
292.896
293
293.032
293.04
293.023
293
292.997
293.014
293.059
293.134
293.194
293.208
293.198
293.156
293.085
293.025
293.003
293
293
293
293
293
293
293
293
293
293
293
293
293
293
293
293
293
293
293
293
293
293
293
293
293
293
293
293
293
293
293
293
293
293
293
293
293
293
293
293
293
293
293
293
293
293
293
293
293
293
293
293
293
293
293
293
293
293
293
293
293
293
293
293
293
293
293
293
293
293
298.888
298.947
298.941
298.812
298.504
298.083
297.52
296.658
295.385
293.792
292.019
290.259
288.779
287.846
287.502
287.767
288.723
289.718
290.549
291.327
291.957
292.406
292.682
292.82
292.852
292.762
292.525
292.258
291.963
291.656
291.37
291.124
290.928
290.788
290.703
290.664
290.667
290.715
290.809
290.918
291.02
291.131
291.251
291.369
291.479
291.579
291.709
291.868
291.996
292.108
292.203
292.274
292.325
292.368
292.425
292.511
292.633
292.783
292.925
293.012
293.036
293.04
293.022
293
293.001
293.02
293.069
293.144
293.195
293.207
293.193
293.147
293.076
293.021
293.002
293
293
293
293
293
293
293
293
293
293
293
293
293
293
293
293
293
293
293
293
293
293
293
293
293
293
293
293
293
293
293
293
293
293
293
293
293
293
293
293
293
293
293
293
293
293
293
293
293
293
293
293
293
293
293
293
293
293
293
293
293
293
293
293
293
293
293
293
293
293
298.349
298.377
298.328
298.119
297.736
297.274
296.736
296.017
295.031
293.832
292.552
291.327
290.304
289.615
289.317
289.357
289.816
290.511
291.084
291.646
292.149
292.529
292.788
292.927
292.972
292.918
292.754
292.523
292.282
292.031
291.783
291.56
291.372
291.224
291.117
291.052
291.021
291.021
291.059
291.131
291.207
291.286
291.379
291.477
291.573
291.667
291.792
291.938
292.06
292.168
292.256
292.319
292.365
292.41
292.471
292.561
292.685
292.828
292.954
293.023
293.041
293.041
293.021
293.001
293.006
293.028
293.081
293.155
293.197
293.205
293.188
293.137
293.067
293.017
293.001
293
293
293
293
293
293
293
293
293
293
293
293
293
293
293
293
293
293
293
293
293
293
293
293
293
293
293
293
293
293
293
293
293
293
293
293
293
293
293
293
293
293
293
293
293
293
293
293
293
293
293
293
293
293
293
293
293
293
293
293
293
293
293
293
293
293
293
293
293
293
297.849
297.856
297.782
297.54
297.133
296.655
296.128
295.508
294.747
293.858
292.917
292.034
291.299
290.786
290.535
290.489
290.693
291.122
291.492
291.869
292.246
292.551
292.784
292.933
292.992
292.975
292.889
292.719
292.523
292.323
292.122
291.93
291.758
291.61
291.491
291.403
291.347
291.321
291.323
291.362
291.424
291.487
291.558
291.633
291.709
291.785
291.889
292.019
292.135
292.237
292.312
292.365
292.407
292.455
292.521
292.617
292.74
292.873
292.98
293.031
293.046
293.04
293.019
293.003
293.011
293.037
293.094
293.166
293.198
293.203
293.181
293.126
293.057
293.012
293.001
293
293
293
293
293
293
293
293
293
293
293
293
293
293
293
293
293
293
293
293
293
293
293
293
293
293
293
293
293
293
293
293
293
293
293
293
293
293
293
293
293
293
293
293
293
293
293
293
293
293
293
293
293
293
293
293
293
293
293
293
293
293
293
293
293
293
293
293
293
293
297.392
297.385
297.298
297.057
296.669
296.207
295.699
295.134
294.509
293.835
293.139
292.493
291.954
291.573
291.369
291.307
291.394
291.633
291.86
292.08
292.326
292.544
292.713
292.841
292.917
292.939
292.912
292.829
292.684
292.535
292.382
292.228
292.081
291.944
291.825
291.728
291.657
291.614
291.598
291.609
291.648
291.697
291.749
291.805
291.861
291.919
292.003
292.119
292.227
292.312
292.371
292.414
292.454
292.505
292.578
292.677
292.797
292.917
293.004
293.039
293.049
293.039
293.017
293.006
293.017
293.048
293.109
293.176
293.199
293.2
293.172
293.113
293.046
293.009
293.001
293
293
293
293
293
293
293
293
293
293
293
293
293
293
293
293
293
293
293
293
293
293
293
293
293
293
293
293
293
293
293
293
293
293
293
293
293
293
293
293
293
293
293
293
293
293
293
293
293
293
293
293
293
293
293
293
293
293
293
293
293
293
293
293
293
293
293
293
293
293
296.977
296.962
296.875
296.651
296.3
295.883
295.422
294.911
294.363
293.807
293.265
292.77
292.36
292.066
291.899
291.84
291.872
292.002
292.152
292.275
292.415
292.556
292.673
292.758
292.82
292.857
292.869
292.848
292.773
292.671
292.565
292.452
292.337
292.226
292.124
292.037
291.968
291.921
291.895
291.888
291.899
291.924
291.957
291.994
292.034
292.077
292.145
292.242
292.326
292.387
292.429
292.464
292.506
292.563
292.641
292.741
292.855
292.958
293.024
293.046
293.052
293.036
293.015
293.01
293.024
293.061
293.126
293.185
293.201
293.196
293.162
293.098
293.035
293.006
293
293
293
293
293
293
293
293
293
293
293
293
293
293
293
293
293
293
293
293
293
293
293
293
293
293
293
293
293
293
293
293
293
293
293
293
293
293
293
293
293
293
293
293
293
293
293
293
293
293
293
293
293
293
293
293
293
293
293
293
293
293
293
293
293
293
293
293
293
293
293
296.592
296.582
296.51
296.318
296.004
295.631
295.232
294.796
294.324
293.842
293.384
292.974
292.635
292.387
292.235
292.174
292.175
292.242
292.351
292.431
292.507
292.595
292.678
292.742
292.787
292.817
292.837
292.84
292.818
292.752
292.684
292.61
292.53
292.45
292.377
292.313
292.26
292.219
292.191
292.173
292.166
292.168
292.179
292.198
292.223
292.252
292.3
292.366
292.417
292.454
292.485
292.519
292.565
292.628
292.71
292.808
292.911
292.994
293.039
293.054
293.052
293.032
293.013
293.016
293.033
293.077
293.144
293.191
293.201
293.19
293.148
293.082
293.026
293.003
293
293
293
293
293
293
293
293
293
293
293
293
293
293
293
293
293
293
293
293
293
293
293
293
293
293
293
293
293
293
293
293
293
293
293
293
293
293
293
293
293
293
293
293
293
293
293
293
293
293
293
293
293
293
293
293
293
293
293
293
293
293
293
293
293
293
293
293
293
293
293
296.221
296.226
296.183
296.046
295.779
295.439
295.086
294.721
294.334
293.927
293.535
293.18
292.882
292.656
292.507
292.433
292.413
292.44
292.511
292.577
292.625
292.677
292.729
292.776
292.813
292.837
292.849
292.853
292.85
292.813
292.771
292.726
292.674
292.621
292.572
292.527
292.488
292.455
292.427
292.405
292.388
292.379
292.377
292.381
292.392
292.407
292.434
292.467
292.492
292.516
292.544
292.582
292.634
292.701
292.783
292.875
292.962
293.024
293.051
293.06
293.05
293.027
293.014
293.022
293.045
293.097
293.162
293.195
293.2
293.182
293.132
293.065
293.017
293.002
293
293
293
293
293
293
293
293
293
293
293
293
293
293
293
293
293
293
293
293
293
293
293
293
293
293
293
293
293
293
293
293
293
293
293
293
293
293
293
293
293
293
293
293
293
293
293
293
293
293
293
293
293
293
293
293
293
293
293
293
293
293
293
293
293
293
293
293
293
293
293
295.85
295.873
295.862
295.792
295.607
295.314
294.988
294.666
294.343
294.012
293.685
293.38
293.117
292.908
292.76
292.672
292.637
292.636
292.67
292.723
292.765
292.798
292.831
292.861
292.884
292.899
292.907
292.903
292.897
292.88
292.851
292.821
292.788
292.75
292.713
292.678
292.644
292.612
292.584
292.56
292.54
292.527
292.519
292.517
292.518
292.522
292.531
292.546
292.56
292.582
292.614
292.656
292.711
292.779
292.858
292.938
293.006
293.047
293.063
293.062
293.044
293.023
293.018
293.03
293.061
293.119
293.178
293.198
293.197
293.17
293.112
293.047
293.01
293.001
293
293
293
293
293
293
293
293
293
293
293
293
293
293
293
293
293
293
293
293
293
293
293
293
293
293
293
293
293
293
293
293
293
293
293
293
293
293
293
293
293
293
293
293
293
293
293
293
293
293
293
293
293
293
293
293
293
293
293
293
293
293
293
293
293
293
293
293
293
293
293
295.485
295.518
295.528
295.508
295.424
295.228
294.945
294.651
294.366
294.087
293.81
293.547
293.313
293.12
292.974
292.876
292.824
292.807
292.814
292.843
292.878
292.905
292.928
292.947
292.96
292.967
292.971
292.971
292.965
292.952
292.929
292.905
292.88
292.85
292.818
292.786
292.753
292.722
292.694
292.67
292.65
292.635
292.625
292.619
292.615
292.613
292.613
292.62
292.635
292.66
292.695
292.74
292.795
292.86
292.93
292.995
293.042
293.064
293.07
293.059
293.036
293.02
293.024
293.041
293.082
293.144
293.19
293.201
293.191
293.153
293.089
293.031
293.005
293
293
293
293
293
293
293
293
293
293
293
293
293
293
293
293
293
293
293
293
293
293
293
293
293
293
293
293
293
293
293
293
293
293
293
293
293
293
293
293
293
293
293
293
293
293
293
293
293
293
293
293
293
293
293
293
293
293
293
293
293
293
293
293
293
293
293
293
293
293
293
293
295.165
295.184
295.191
295.188
295.168
295.095
294.908
294.662
294.412
294.171
293.932
293.701
293.488
293.304
293.155
293.047
292.977
292.94
292.929
292.936
292.954
292.975
292.993
293.007
293.018
293.025
293.029
293.029
293.024
293.013
292.995
292.975
292.953
292.928
292.901
292.872
292.843
292.816
292.791
292.769
292.751
292.736
292.724
292.715
292.708
292.704
292.7
292.706
292.724
292.751
292.787
292.831
292.883
292.941
292.997
293.042
293.067
293.075
293.069
293.05
293.029
293.023
293.033
293.058
293.109
293.169
293.197
293.2
293.18
293.13
293.065
293.017
293.002
293
293
293
293
293
293
293
293
293
293
293
293
293
293
293
293
293
293
293
293
293
293
293
293
293
293
293
293
293
293
293
293
293
293
293
293
293
293
293
293
293
293
293
293
293
293
293
293
293
293
293
293
293
293
293
293
293
293
293
293
293
293
293
293
293
293
293
293
293
293
293
293
294.914
294.916
294.898
294.873
294.862
294.854
294.794
294.642
294.441
294.242
294.048
293.855
293.667
293.495
293.346
293.225
293.137
293.078
293.045
293.033
293.033
293.041
293.051
293.061
293.069
293.074
293.077
293.077
293.075
293.067
293.054
293.038
293.02
293.001
292.979
292.957
292.935
292.914
292.894
292.876
292.86
292.846
292.833
292.823
292.815
292.809
292.804
292.809
292.828
292.853
292.886
292.926
292.971
293.015
293.052
293.074
293.08
293.076
293.061
293.039
293.026
293.029
293.045
293.082
293.14
293.189
293.201
293.195
293.162
293.102
293.041
293.008
293.001
293
293
293
293
293
293
293
293
293
293
293
293
293
293
293
293
293
293
293
293
293
293
293
293
293
293
293
293
293
293
293
293
293
293
293
293
293
293
293
293
293
293
293
293
293
293
293
293
293
293
293
293
293
293
293
293
293
293
293
293
293
293
293
293
293
293
293
293
293
293
293
293
294.714
294.721
294.695
294.635
294.585
294.566
294.558
294.516
294.406
294.26
294.109
293.958
293.811
293.668
293.533
293.414
293.316
293.241
293.189
293.157
293.14
293.133
293.133
293.136
293.139
293.141
293.142
293.141
293.138
293.132
293.123
293.111
293.098
293.083
293.068
293.053
293.037
293.022
293.007
292.993
292.979
292.967
292.955
292.945
292.937
292.931
292.928
292.931
292.944
292.963
292.988
293.017
293.046
293.07
293.082
293.085
293.081
293.069
293.048
293.032
293.03
293.04
293.065
293.115
293.172
293.2
293.202
293.184
293.135
293.07
293.021
293.003
293
293
293
293
293
293
293
293
293
293
293
293
293
293
293
293
293
293
293
293
293
293
293
293
293
293
293
293
293
293
293
293
293
293
293
293
293
293
293
293
293
293
293
293
293
293
293
293
293
293
293
293
293
293
293
293
293
293
293
293
293
293
293
293
293
293
293
293
293
293
293
293
293
294.505
294.551
294.551
294.506
294.419
294.348
294.307
294.286
294.254
294.185
294.088
293.98
293.87
293.761
293.655
293.556
293.468
293.393
293.332
293.287
293.256
293.237
293.226
293.221
293.219
293.218
293.216
293.214
293.21
293.205
293.198
293.189
293.179
293.169
293.158
293.147
293.136
293.124
293.113
293.102
293.092
293.082
293.073
293.064
293.058
293.053
293.048
293.047
293.051
293.058
293.069
293.081
293.088
293.091
293.091
293.086
293.073
293.055
293.038
293.033
293.039
293.058
293.097
293.154
293.196
293.205
293.196
293.161
293.1
293.04
293.008
293.001
293
293
293
293
293
293
293
293
293
293
293
293
293
293
293
293
293
293
293
293
293
293
293
293
293
293
293
293
293
293
293
293
293
293
293
293
293
293
293
293
293
293
293
293
293
293
293
293
293
293
293
293
293
293
293
293
293
293
293
293
293
293
293
293
293
293
293
293
293
293
293
293
293
294.214
294.342
294.395
294.398
294.352
294.259
294.172
294.108
294.061
294.021
293.972
293.911
293.839
293.763
293.687
293.613
293.543
293.478
293.422
293.375
293.339
293.312
293.293
293.281
293.274
293.27
293.267
293.264
293.26
293.255
293.25
293.243
293.235
293.227
293.218
293.21
293.201
293.191
293.182
293.173
293.164
293.156
293.148
293.141
293.135
293.13
293.123
293.115
293.109
293.106
293.103
293.102
293.1
293.096
293.088
293.075
293.058
293.043
293.037
293.041
293.055
293.088
293.141
293.191
293.205
293.203
293.177
293.124
293.061
293.017
293.002
293
293
293
293
293
293
293
293
293
293
293
293
293
293
293
293
293
293
293
293
293
293
293
293
293
293
293
293
293
293
293
293
293
293
293
293
293
293
293
293
293
293
293
293
293
293
293
293
293
293
293
293
293
293
293
293
293
293
293
293
293
293
293
293
293
293
293
293
293
293
293
293
293
293
293.805
294.02
294.165
294.237
294.253
294.221
294.144
294.058
293.981
293.916
293.857
293.804
293.753
293.702
293.647
293.592
293.539
293.488
293.443
293.403
293.37
293.342
293.32
293.304
293.293
293.284
293.279
293.275
293.272
293.269
293.266
293.262
293.257
293.251
293.244
293.237
293.229
293.221
293.213
293.204
293.196
293.187
293.179
293.172
293.165
293.158
293.149
293.138
293.128
293.121
293.113
293.106
293.098
293.087
293.074
293.059
293.047
293.043
293.046
293.058
293.087
293.136
293.186
293.207
293.207
293.188
293.142
293.079
293.027
293.005
293
293
293
293
293
293
293
293
293
293
293
293
293
293
293
293
293
293
293
293
293
293
293
293
293
293
293
293
293
293
293
293
293
293
293
293
293
293
293
293
293
293
293
293
293
293
293
293
293
293
293
293
293
293
293
293
293
293
293
293
293
293
293
293
293
293
293
293
293
293
293
293
293
293
293
293.371
293.59
293.799
293.963
294.064
294.103
294.096
294.049
293.979
293.908
293.842
293.778
293.716
293.657
293.604
293.555
293.51
293.467
293.428
293.391
293.359
293.331
293.307
293.288
293.274
293.263
293.255
293.25
293.247
293.245
293.243
293.241
293.238
293.234
293.23
293.224
293.219
293.212
293.206
293.199
293.192
293.185
293.178
293.171
293.164
293.158
293.148
293.136
293.125
293.115
293.105
293.094
293.082
293.07
293.059
293.052
293.051
293.054
293.067
293.095
293.14
293.187
293.208
293.209
293.193
293.152
293.091
293.036
293.008
293.001
293
293
293
293
293
293
293
293
293
293
293
293
293
293
293
293
293
293
293
293
293
293
293
293
293
293
293
293
293
293
293
293
293
293
293
293
293
293
293
293
293
293
293
293
293
293
293
293
293
293
293
293
293
293
293
293
293
293
293
293
293
293
293
293
293
293
293
293
293
293
293
293
293
293
293
293.094
293.212
293.378
293.562
293.731
293.859
293.934
293.958
293.945
293.906
293.852
293.794
293.736
293.679
293.624
293.568
293.515
293.466
293.422
293.382
293.346
293.314
293.287
293.264
293.246
293.231
293.219
293.21
293.203
293.197
293.193
293.189
293.186
293.183
293.18
293.177
293.174
293.171
293.167
293.163
293.158
293.153
293.148
293.143
293.138
293.133
293.125
293.115
293.105
293.095
293.086
293.076
293.068
293.063
293.061
293.061
293.066
293.082
293.112
293.154
293.194
293.209
293.21
293.194
293.154
293.096
293.041
293.01
293.001
293
293
293
293
293
293
293
293
293
293
293
293
293
293
293
293
293
293
293
293
293
293
293
293
293
293
293
293
293
293
293
293
293
293
293
293
293
293
293
293
293
293
293
293
293
293
293
293
293
293
293
293
293
293
293
293
293
293
293
293
293
293
293
293
293
293
293
293
293
293
293
293
293
293
293
293
293.01
293.036
293.097
293.199
293.336
293.485
293.622
293.726
293.79
293.814
293.809
293.786
293.749
293.706
293.658
293.611
293.564
293.518
293.472
293.428
293.386
293.348
293.313
293.283
293.256
293.233
293.213
293.197
293.183
293.171
293.162
293.154
293.149
293.144
293.14
293.137
293.134
293.13
293.127
293.125
293.121
293.118
293.115
293.112
293.109
293.105
293.1
293.093
293.087
293.082
293.078
293.075
293.074
293.074
293.078
293.088
293.107
293.139
293.175
293.202
293.21
293.208
293.19
293.149
293.092
293.04
293.01
293.001
293
293
293
293
293
293
293
293
293
293
293
293
293
293
293
293
293
293
293
293
293
293
293
293
293
293
293
293
293
293
293
293
293
293
293
293
293
293
293
293
293
293
293
293
293
293
293
293
293
293
293
293
293
293
293
293
293
293
293
293
293
293
293
293
293
293
293
293
293
293
293
293
293
293
293
293
293
293
293.002
293.01
293.033
293.08
293.158
293.261
293.377
293.486
293.576
293.638
293.672
293.681
293.674
293.656
293.629
293.598
293.563
293.526
293.489
293.454
293.42
293.387
293.355
293.323
293.294
293.267
293.244
293.224
293.207
293.192
293.18
293.169
293.159
293.151
293.144
293.138
293.133
293.128
293.124
293.12
293.116
293.113
293.11
293.108
293.106
293.102
293.099
293.096
293.094
293.093
293.094
293.098
293.107
293.123
293.146
293.173
293.194
293.205
293.209
293.201
293.177
293.134
293.08
293.034
293.009
293.001
293
293
293
293
293
293
293
293
293
293
293
293
293
293
293
293
293
293
293
293
293
293
293
293
293
293
293
293
293
293
293
293
293
293
293
293
293
293
293
293
293
293
293
293
293
293
293
293
293
293
293
293
293
293
293
293
293
293
293
293
293
293
293
293
293
293
293
293
293
293
293
293
293
293
293
293
293
293
293
293
293
293.002
293.007
293.022
293.053
293.104
293.175
293.258
293.342
293.419
293.48
293.524
293.55
293.56
293.558
293.549
293.534
293.515
293.492
293.468
293.441
293.415
293.39
293.366
293.344
293.322
293.302
293.282
293.263
293.246
293.229
293.215
293.202
293.19
293.18
293.172
293.164
293.158
293.152
293.147
293.143
293.139
293.136
293.134
293.13
293.128
293.127
293.129
293.135
293.144
293.156
293.17
293.183
293.194
293.202
293.206
293.202
293.186
293.155
293.109
293.061
293.024
293.006
293.001
293
293
293
293
293
293
293
293
293
293
293
293
293
293
293
293
293
293
293
293
293
293
293
293
293
293
293
293
293
293
293
293
293
293
293
293
293
293
293
293
293
293
293
293
293
293
293
293
293
293
293
293
293
293
293
293
293
293
293
293
293
293
293
293
293
293
293
293
293
293
293
293
293
293
293
293
293
293
293
293
293
293
293
293
293.001
293.004
293.012
293.028
293.055
293.096
293.148
293.206
293.266
293.321
293.368
293.404
293.43
293.446
293.452
293.452
293.447
293.438
293.427
293.414
293.399
293.383
293.367
293.35
293.334
293.318
293.304
293.291
293.279
293.268
293.257
293.248
293.239
293.231
293.224
293.217
293.211
293.206
293.201
293.198
293.194
293.191
293.188
293.187
293.188
293.19
293.193
293.196
293.199
293.202
293.202
293.196
293.182
293.156
293.12
293.077
293.039
293.014
293.003
293
293
293
293
293
293
293
293
293
293
293
293
293
293
293
293
293
293
293
293
293
293
293
293
293
293
293
293
293
293
293
293
293
293
293
293
293
293
293
293
293
293
293
293
293
293
293
293
293
293
293
293
293
293
293
293
293
293
293
293
293
293
293
293
293
293
293
293
293
293
293
293
293
293
293
293
293
293
293
293
293
293
293
293
293
293
293
293
293
293.002
293.004
293.011
293.022
293.041
293.066
293.099
293.136
293.176
293.214
293.25
293.281
293.307
293.326
293.341
293.35
293.354
293.355
293.353
293.349
293.343
293.336
293.329
293.321
293.312
293.304
293.295
293.287
293.279
293.271
293.264
293.257
293.251
293.245
293.24
293.235
293.231
293.227
293.222
293.217
293.213
293.21
293.207
293.204
293.199
293.193
293.182
293.166
293.143
293.111
293.076
293.043
293.019
293.006
293.001
293
293
293
293
293
293
293
293
293
293
293
293
293
293
293
293
293
293
293
293
293
293
293
293
293
293
293
293
293
293
293
293
293
293
293
293
293
293
293
293
293
293
293
293
293
293
293
293
293
293
293
293
293
293
293
293
293
293
293
293
293
293
293
293
293
293
293
293
293
293
293
293
293
293
293
293
293
293
293
293
293
293
293
293
293
293
293
293
293
293
293
293
293
293.001
293.003
293.006
293.012
293.021
293.034
293.05
293.07
293.093
293.116
293.14
293.163
293.185
293.203
293.22
293.233
293.243
293.251
293.257
293.261
293.263
293.263
293.262
293.26
293.258
293.255
293.251
293.248
293.244
293.24
293.236
293.232
293.228
293.224
293.22
293.215
293.207
293.199
293.191
293.181
293.169
293.154
293.136
293.113
293.087
293.06
293.035
293.017
293.006
293.002
293
293
293
293
293
293
293
293
293
293
293
293
293
293
293
293
293
293
293
293
293
293
293
293
293
293
293
293
293
293
293
293
293
293
293
293
293
293
293
293
293
293
293
293
293
293
293
293
293
293
293
293
293
293
293
293
293
293
293
293
293
293
293
293
293
293
293
293
293
293
293
293
293
293
293
293
293
293
293
293
293
293
293
293
293
293
293
293
293
293
293
293
293
293
293
293
293
293
293
293.001
293.002
293.004
293.007
293.012
293.018
293.026
293.035
293.045
293.057
293.069
293.081
293.093
293.105
293.116
293.125
293.134
293.141
293.148
293.153
293.157
293.16
293.162
293.163
293.163
293.163
293.162
293.16
293.158
293.156
293.153
293.148
293.139
293.129
293.117
293.103
293.087
293.069
293.052
293.035
293.021
293.01
293.004
293.001
293
293
293
293
293
293
293
293
293
293
293
293
293
293
293
293
293
293
293
293
293
293
293
293
293
293
293
293
293
293
293
293
293
293
293
293
293
293
293
293
293
293
293
293
293
293
293
293
293
293
293
293
293
293
293
293
293
293
293
293
293
293
293
293
293
293
293
293
293
293
293
293
293
293
293
293
293
293
293
293
293
293
293
293
293
293
293
293
293
293
293
293
293
293
293
293
293
293
293
293
293
293
293
293
293
293
293.001
293.002
293.002
293.004
293.006
293.008
293.011
293.014
293.018
293.022
293.026
293.03
293.034
293.038
293.042
293.046
293.049
293.052
293.054
293.056
293.057
293.058
293.058
293.058
293.057
293.055
293.053
293.048
293.041
293.034
293.027
293.019
293.013
293.008
293.004
293.002
293.001
293
293
293
293
293
293
293
293
293
293
293
293
293
293
293
293
293
293
293
293
293
293
293
293
293
293
293
293
293
293
293
293
293
293
293
293
293
293
293
293
293
293
293
293
293
293
293
293
293
293
293
293
293
293
293
293
293
293
293
293
293
293
293
293
293
293
293
293
293
293
293
293
293
293
293
293
293
293
293
293
293
293
293
293
293
293
293
293
293
293
293
293
293
293
293
293
293
293
293
293
293
293
293
293
293
293
293
293
293
293
293
293
293
293
293
293.001
293.001
293.001
293.002
293.002
293.003
293.003
293.004
293.005
293.005
293.006
293.006
293.007
293.007
293.007
293.008
293.008
293.007
293.007
293.007
293.006
293.005
293.003
293.002
293.001
293.001
293
293
293
293
293
293
293
293
293
293
293
293
293
293
293
293
293
293
293
293
293
293
293
293
293
293
293
293
293
293
293
293
293
293
293
293
293
293
293
293
293
293
293
293
293
293
293
293
293
293
293
293
293
293
293
293
293
293
293
293
293
293
293
293
293
293
293
293
293
293
293
293
293
293
293
293
293
293
293
293
293
293
293
293
293
293
293
293
293
293
293
293
293
293
293
293
293
293
293
293
293
293
293
293
293
293
293
293
293
293
293
293
293
293
293
293
293
293
293
293
293
293
293
293
293
293
293
293
293
293
293
293
293
293
293
293
293
293
293
293
293
293
293
293
293
293
293
293
293
293
293
293
293
293
293
293
293
293
293
293
293
293
293
293
293
293
293
293
293
293
293
293
293
293
293
293
293
293
293
293
293
293
293
293
293
293
293
293
293
293
293
293
293
293
293
293
293
293
293
293
293
293
293
293
293
293
293
293
293
293
293
293
293
293
293
293
293
293
293
293
293
293
293
293
293
293
293
293
293
293
293
293
293
293
293
293
293
293
293
293
293
293
293
293
293
293
293
293
293
293
293
293
293
293
293
293
293
293
293
293
293
293
293
293
293
293
293
293
293
293
293
293
293
293
293
293
293
293
293
293
293
293
293
293
293
293
293
293
293
293
293
293
293
293
293
293
293
293
293
293
293
293
293
293
293
293
293
293
293
293
293
293
293
293
293
293
293
293
293
293
293
293
293
293
293
293
293
293
293
293
293
293
293
293
293
293
293
293
293
293
293
293
293
293
293
293
293
293
293
293
293
293
293
293
293
293
293
293
293
293
293
293
293
293
293
293
293
293
293
293
293
293
293
293
293
293
293
293
293
293
293
293
293
293
293
293
293
293
293
293
293
293
293
293
293
293
293
293
293
293
293
293
293
293
293
293
293
293
293
293
293
293
293
293
293
293
293
293
293
293
293
293
293
293
293
293
293
293
293
293
293
293
293
293
293
293
293
293
293
293
293
293
293
293
293
293
293
293
293
293
293
293
293
293
293
293
293
293
293
293
293
293
293
293
293
293
293
293
293
293
293
293
293
293
293
293
293
293
293
293
293
293
293
293
293
293
293
293
293
293
293
293
293
293
293
293
293
293
293
293
293
293
293
293
293
293
293
293
293
293
293
293
293
293
293
293
293
293
293
293
293
293
293
293
293
293
293
293
293
293
293
293
293
293
293
293
293
293
293
293
293
293
293
293
293
293
293
293
293
293
293
293
293
293
293
293
293
293
293
293
293
293
293
293
293
293
293
293
293
293
293
293
293
293
293
293
293
293
293
293
293
293
293
293
293
293
293
293
293
293
293
293
293
293
293
293
293
293
293
293
293
293
293
293
293
293
293
293
293
293
293
293
293
293
293
293
293
293
293
293
293
293
293
293
293
293
293
293
293
293
293
293
293
293
293
293
293
293
293
293
293
293
293
293
293
293
293
293
293
293
293
293
293
293
293
293
293
293
293
293
293
293
293
293
293
293
293
293
293
293
293
293
293
293
293
293
293
293
293
293
293
293
293
293
293
293
293
293
293
293
293
293
293
293
293
293
293
293
293
293
293
293
293
293
293
293
293
293
293
293
293
293
293
293
293
293
293
293
293
293
293
293
293
293
293
293
293
293
293
293
293
293
293
293
293
293
293
293
293
293
293
293
293
293
293
293
293
293
293
293
293
293
293
293
293
293
293
293
293
293
293
293
293
293
293
293
293
293
293
293
293
293
293
293
293
293
293
293
293
293
293
293
293
293
293
293
293
293
293
293
293
293
293
293
293
293
293
293
293
293
293
293
293
293
293
293
293
293
293
293
293
293
293
293
293
293
293
293
293
293
293
293
293
293
293
293
293
293
293
293
293
293
293
293
293
293
293
293
293
293
293
293
293
293
293
293
293
293
293
293
293
293
293
293
293
293
293
293
293
293
293
293
293
293
293
293
293
293
293
293
293
293
293
293
293
293
293
293
293
293
293
293
293
293
293
293
293
293
293
293
293
293
293
293
293
293
293
293
293
293
293
293
293
293
293
293
293
293
293
293
293
293
293
293
293
293
293
293
293
293
293
293
293
293
293
293
293
293
293
293
293
293
293
293
293
293
293
293
293
293
293
293
293
293
293
293
293
293
293
293
293
293
293
293
293
293
293
293
293
293
293
293
293
293
293
293
293
293
293
293
293
293
293
293
293
293
293
293
293
293
293
293
293
293
293
293
293
293
293
293
293
293
293
293
293
293
293
293
293
293
293
293
293
293
293
293
293
293
293
293
293
293
293
293
293
293
293
293
293
293
293
293
293
293
293
293
293
293
293
293
293
293
293
293
293
293
293
293
293
293
293
293
293
293
293
293
293
293
293
293
293
293
293
293
293
293
293
293
293
293
293
293
293
293
293
293
293
293
293
293
293
293
293
293
293
293
293
293
293
293
293
293
293
293
293
293
293
293
293
293
293
293
293
293
293
293
293
293
293
293
293
293
293
293
293
293
293
293
293
293
293
293
293
293
293
293
293
293
293
293
293
293
293
293
293
293
293
293
293
293
293
293
293
293
293
293
293
293
293
293
293
293
293
293
293
293
293
293
293
293
293
293
293
293
293
293
293
293
293
293
293
293
293
293
293
293
293
293
293
293
293
293
293
293
293
293
293
293
293
293
293
293
293
293
293
293
293
293
293
293
293
293
293
293
293
293
293
293
293
293
293
293
293
293
293
293
293
293
293
293
293
293
293
293
293
293
293
293
293
293
293
293
293
293
293
293
293
293
293
293
293
293
293
293
293
293
293
293
293
293
293
293
293
293
293
293
293
293
293
293
293
293
293
293
293
293
293
293
293
293
293
293
293
293
293
293
293
293
293
293
293
293
293
293
293
293
293
293
293
293
293
293
293
293
293
293
293
293
293
293
293
293
293
293
293
293
293
293
293
293
293
293
293
293
293
293
293
293
293
293
293
293
293
293
293
293
293
293
293
293
293
293
293
293
293
293
293
293
293
293
293
293
293
293
293
293
293
293
293
293
293
293
293
293
293
293
293
293
293
293
293
293
293
293
293
293
293
293
293
293
293
293
293
293
293
293
293
293
293
293
293
293
293
293
293
293
293
293
293
293
293
293
293
293
293
293
293
293
293
293
293
293
293
293
293
293
293
293
293
293
293
293
293
293
293
293
293
293
293
293
293
293
293
293
293
293
293
293
293
293
293
293
293
293
293
293
293
293
293
293
293
293
293
293
293
293
293
293
293
293
293
293
293
293
293
293
293
293
293
293
293
293
293
293
293
293
293
293
293
293
293
293
293
293
293
293
293
293
293
293
293
293
293
293
293
293
293
293
293
293
293
293
293
293
293
293
293
293
293
293
293
293
293
293
293
293
293
293
293
293
293
293
293
293
293
293
293
293
293
293
293
293
293
293
293
293
293
293
293
293
293
293
293
293
293
293
293
293
293
293
293
293
293
293
293
293
293
293
293
293
293
293
293
293
293
293
293
293
293
293
293
293
293
293
293
293
293
293
293
293
293
293
293
293
293
293
293
293
293
293
293
293
293
293
293
293
293
293
293
293
293
293
293
293
293
293
293
293
293
293
293
293
293
293
293
293
293
293
293
293
293
293
293
293
293
293
293
293
293
293
293
293
293
293
293
293
293
293
293
293
293
293
293
293
293
293
293
293
293
293
293
293
293
293
293
293
293
293
293
293
293
293
293
293
293
293
293
293
293
293
293
293
293
293
293
293
293
293
293
293
293
293
293
293
293
293
293
293
293
293
293
293
293
293
293
293
293
293
293
293
293
293
293
293
293
293
293
293
293
293
293
293
293
293
293
293
293
293
293
293
293
293
293
293
293
293
293
293
293
293
293
293
293
293
293
293
293
293
293
293
293
293
293
293
293
293
293
293
293
293
293
293
293
293
293
293
293
293
293
293
293
293
293
293
293
293
293
293
293
293
293
293
293
293
293
293
293
293
293
293
293
293
293
293
293
293
293
293
293
293
293
293
293
293
293
293
293
293
293
293
293
293
293
293
293
293
293
293
293
293
293
293
293
293
293
293
293
293
293
293
293
293
293
293
293
293
293
293
293
293
293
293
293
293
293
293
293
293
293
293
293
293
293
293
293
293
293
293
293
293
293
293
293
293
293
293
293
293
293
293
293
293
293
293
293
293
293
293
293
293
293
293
293
293
293
293
293
293
293
293
293
293
293
293
293
293
293
293
293
293
293
293
293
293
293
293
293
293
293
293
293
293
293
293
293
293
293
293
293
293
293
293
293
293
293
293
293
293
293
293
293
293
293
293
293
293
293
293
293
293
293
293
293
293
293
293
293
293
293
293
293
293
293
293
293
293
293
293
293
293
293
293
293
293
293
293
293
293
293
293
293
293
293
293
293
293
293
293
293
293
293
293
293
293
293
293
293
293
293
293
293
293
293
293
293
293
293
293
293
293
293
293
293
293
293
293
293
293
293
293
293
293
293
293
293
293
293
293
293
293
293
293
293
293
293
293
293
293
293
293
293
293
293
293
293
293
293
293
293
293
293
293
293
293
293
293
293
293
293
293
293
293
293
293
293
293
293
293
293
293
293
293
293
293
293
293
293
293
293
293
293
293
293
293
293
293
293.001
293.01
293.054
293.133
293.201
293.229
293.222
293.178
293.082
293.006
292.974
292.965
292.99
293.021
293.027
293.006
292.9
292.686
292.451
292.268
292.159
292.102
292.052
291.964
291.839
291.768
291.876
292.436
294.31
299.85
293
293
293
293
293
293
293
293
293
293
293
293
293
293
293
293
293
293
293
293
293
293
293
293
293
293
293
293
293
293
293
293
293
293
293
293
293
293
293
293
293
293
293
293
293
293
293
293
293
293
293
293
293
293
293
293
293
293
293
293
293
293
293
293
293
293
293
293
293
293
293.009
293.052
293.13
293.196
293.224
293.219
293.178
293.085
293.01
292.979
292.97
292.993
293.023
293.028
293.008
292.908
292.704
292.479
292.303
292.198
292.141
292.091
292.008
291.892
291.831
291.949
292.472
294.075
298.52
306.924
293
293
293
293
293
293
293
293
293
293
293
293
293
293
293
293
293
293
293
293
293
293
293
293
293
293
293
293
293
293
293
293
293
293
293
293
293
293
293
293
293
293
293
293
293
293
293
293
293
293
293
293
293
293
293
293
293
293
293
293
293
293
293
293
293
293
293
293
293
293
293.009
293.05
293.127
293.193
293.221
293.217
293.179
293.088
293.014
292.983
292.973
292.995
293.024
293.03
293.01
292.916
292.72
292.502
292.331
292.225
292.167
292.12
292.046
291.943
291.886
291.987
292.386
293.382
294.83
297.515
299.758
303.152
306.402
309.354
311.912
313.49
314.33
314.12
313.52
293
293
293
293
293
293
293
293
293
293
293
293
293
293
293
293
293
293
293
293
293
293
293
293
293
293
293
293
293
293
293
293
293
293
293
293
293
293
293
293
293
293
293
293
293
293
293
293
293
293
293
293
293
293
293
293
293
293
293
293
293
293
293
293
293
293
293
293
293
293
293.008
293.048
293.123
293.189
293.218
293.215
293.18
293.092
293.019
292.987
292.976
292.996
293.024
293.031
293.013
292.925
292.74
292.529
292.36
292.253
292.194
292.149
292.087
291.999
291.942
292.009
292.267
292.768
293.035
293.749
294.396
295.978
297.721
299.588
301.135
302.119
302.583
302.416
301.918
300.986
299.879
298.69
297.544
296.689
296.513
296.72
297.489
298.547
299.587
300.403
301.049
301.758
302.591
303.258
303.946
304.875
305.796
306.631
306.232
304.445
298.212
282.847
267.412
284.023
315.398
326.303
321.119
313.385
309.036
307.262
306.427
305.616
293
293
293
293
293
293
293
293
293
293
293
293
293
293
293
293
293
293
293
293
293
293
293
293
293
293
293
293
293
293
293
293
293
293
293
293
293
293
293
293
293
293
293
293
293
293
293
293
293
293
293
293
293
293
293
293
293
293
293
293
293
293
293
293
293
293
293
293
293
293
293.007
293.045
293.118
293.185
293.215
293.213
293.182
293.097
293.023
292.99
292.979
292.997
293.025
293.033
293.015
292.936
292.761
292.557
292.391
292.282
292.219
292.177
292.126
292.05
291.985
291.997
292.091
292.224
292.209
292.347
292.493
293.003
293.616
294.371
294.952
295.24
295.246
294.983
294.439
293.682
292.976
292.354
291.83
291.537
291.553
291.867
292.528
293.426
294.455
295.45
296.429
297.494
298.336
298.906
299.397
299.673
299.743
299.589
298.868
297.575
291.658
282.325
281.881
295.828
311.61
313.352
310.127
307.471
306.739
306.099
305.482
304.721
303.863
303.056
293
293
293
293
293
293
293
293
293
293
293
293
293
293
293
293
293
293
293
293
293
293
293
293
293
293
293
293
293
293
293
293
293
293
293
293
293
293
293
293
293
293
293
293
293
293
293
293
293
293
293
293
293
293
293
293
293
293
293
293
293
293
293
293
293
293
293
293
293
293
293.007
293.042
293.113
293.18
293.212
293.212
293.184
293.103
293.029
292.994
292.982
292.998
293.025
293.034
293.018
292.948
292.785
292.588
292.424
292.313
292.247
292.207
292.163
292.097
292.022
291.985
291.985
292.002
291.963
291.95
291.927
292.011
292.123
292.234
292.269
292.204
292.012
291.691
291.242
290.727
290.281
289.947
289.737
289.679
289.813
290.231
290.88
291.661
292.51
293.373
294.239
295.054
295.532
295.713
295.686
295.264
294.322
292.822
290.939
287.842
281.666
278.357
282.853
290.955
299.116
300.65
302
303.66
304.757
304.737
304.336
303.707
303.016
302.374
301.823
293
293
293
293
293
293
293
293
293
293
293
293
293
293
293
293
293
293
293
293
293
293
293
293
293
293
293
293
293
293
293
293
293
293
293
293
293
293
293
293
293
293
293
293
293
293
293
293
293
293
293
293
293
293
293
293
293
293
293
293
293
293
293
293
293
293
293
293
293
293
293.006
293.038
293.107
293.175
293.209
293.211
293.186
293.109
293.035
292.999
292.986
292.999
293.025
293.036
293.021
292.961
292.81
292.622
292.459
292.346
292.277
292.235
292.195
292.135
292.051
291.97
291.909
291.874
291.834
291.807
291.768
291.728
291.652
291.535
291.369
291.162
290.915
290.609
290.237
289.844
289.504
289.325
289.301
289.408
289.713
290.149
290.686
291.319
291.982
292.609
293.237
293.678
293.825
293.706
293.255
292.356
290.903
288.84
286.3
282.493
277.819
276.879
280.016
284.86
290.217
294.49
298.424
301.446
302.98
303.257
303.044
302.631
302.14
301.668
301.243
293
293
293
293
293
293
293
293
293
293
293
293
293
293
293
293
293
293
293
293
293
293
293
293
293
293
293
293
293
293
293
293
293
293
293
293
293
293
293
293
293
293
293
293
293
293
293
293
293
293
293
293
293
293
293
293
293
293
293
293
293
293
293
293
293
293
293
293
293
293
293.005
293.034
293.101
293.17
293.206
293.21
293.189
293.117
293.042
293.003
292.989
292.999
293.025
293.037
293.025
292.974
292.838
292.658
292.498
292.382
292.31
292.266
292.226
292.169
292.085
291.986
291.89
291.808
291.734
291.699
291.647
291.569
291.461
291.31
291.107
290.871
290.627
290.353
290.031
289.766
289.583
289.492
289.498
289.629
289.918
290.318
290.808
291.383
291.932
292.419
292.847
293.025
292.957
292.655
292.05
291.044
289.573
287.54
284.984
281.379
278.179
277.771
279.999
284.108
288.858
293.418
297.258
299.916
301.314
301.762
301.752
301.56
301.267
300.955
300.647
293
293
293
293
293
293
293
293
293
293
293
293
293
293
293
293
293
293
293
293
293
293
293
293
293
293
293
293
293
293
293
293
293
293
293
293
293
293
293
293
293
293
293
293
293
293
293
293
293
293
293
293
293
293
293
293
293
293
293
293
293
293
293
293
293
293
293
293
293
293
293.004
293.03
293.093
293.163
293.202
293.209
293.191
293.125
293.05
293.008
292.993
292.999
293.024
293.039
293.029
292.987
292.866
292.697
292.539
292.421
292.345
292.297
292.256
292.2
292.116
292.01
291.897
291.788
291.676
291.608
291.536
291.436
291.311
291.156
290.976
290.774
290.56
290.327
290.096
289.931
289.861
289.855
289.919
290.085
290.354
290.71
291.14
291.622
292.05
292.442
292.707
292.751
292.611
292.249
291.631
290.708
289.41
287.745
285.662
282.864
281.158
281.202
282.876
286.006
289.885
293.602
296.57
298.635
299.808
300.369
300.56
300.544
300.427
300.253
300.048
293
293
293
293
293
293
293
293
293
293
293
293
293
293
293
293
293
293
293
293
293
293
293
293
293
293
293
293
293
293
293
293
293
293
293
293
293
293
293
293
293
293
293
293
293
293
293
293
293
293
293
293
293
293
293
293
293
293
293
293
293
293
293
293
293
293
293
293
293
293
293.003
293.026
293.085
293.156
293.198
293.208
293.194
293.134
293.059
293.014
292.997
293
293.023
293.04
293.032
293
292.896
292.739
292.584
292.464
292.383
292.331
292.289
292.236
292.159
292.057
291.94
291.811
291.665
291.557
291.466
291.355
291.229
291.087
290.936
290.785
290.62
290.448
290.319
290.259
290.262
290.315
290.429
290.617
290.874
291.195
291.561
291.939
292.262
292.566
292.725
292.717
292.567
292.243
291.703
290.913
289.855
288.654
287.213
285.481
284.74
285.032
286.332
288.551
291.223
293.799
295.953
297.563
298.566
299.138
299.477
299.633
299.644
299.581
299.458
293
293
293
293
293
293
293
293
293
293
293
293
293
293
293
293
293
293
293
293
293
293
293
293
293
293
293
293
293
293
293
293
293
293
293
293
293
293
293
293
293
293
293
293
293
293
293
293
293
293
293
293
293
293
293
293
293
293
293
293
293
293
293
293
293
293
293
293
293
293
293.002
293.021
293.077
293.147
293.193
293.207
293.195
293.144
293.069
293.02
293.001
293
293.022
293.041
293.036
293.012
292.925
292.782
292.632
292.51
292.424
292.368
292.324
292.274
292.202
292.108
291.996
291.868
291.71
291.58
291.48
291.369
291.252
291.133
291.021
290.92
290.812
290.717
290.668
290.664
290.703
290.787
290.925
291.118
291.363
291.648
291.955
292.251
292.519
292.758
292.85
292.819
292.674
292.392
291.941
291.307
290.524
289.688
288.699
287.768
287.513
287.868
288.818
290.315
292.086
293.857
295.449
296.716
297.567
298.117
298.528
298.826
298.949
298.95
298.888
293
293
293
293
293
293
293
293
293
293
293
293
293
293
293
293
293
293
293
293
293
293
293
293
293
293
293
293
293
293
293
293
293
293
293
293
293
293
293
293
293
293
293
293
293
293
293
293
293
293
293
293
293
293
293
293
293
293
293
293
293
293
293
293
293
293
293
293
293
293
293.001
293.017
293.067
293.137
293.188
293.205
293.197
293.155
293.081
293.028
293.006
293.001
293.021
293.041
293.041
293.023
292.953
292.828
292.684
292.561
292.47
292.409
292.364
292.318
292.255
292.168
292.061
291.939
291.792
291.667
291.573
291.477
291.379
291.286
291.206
291.131
291.058
291.019
291.019
291.05
291.117
291.221
291.367
291.553
291.776
292.023
292.275
292.517
292.75
292.915
292.97
292.926
292.786
292.52
292.136
291.629
291.064
290.498
289.816
289.37
289.34
289.648
290.348
291.38
292.605
293.879
295.075
296.054
296.766
297.296
297.751
298.129
298.332
298.377
298.348
293
293
293
293
293
293
293
293
293
293
293
293
293
293
293
293
293
293
293
293
293
293
293
293
293
293
293
293
293
293
293
293
293
293
293
293
293
293
293
293
293
293
293
293
293
293
293
293
293
293
293
293
293
293
293
293
293
293
293
293
293
293
293
293
293
293
293
293
293
293
293.001
293.012
293.057
293.126
293.181
293.203
293.198
293.166
293.094
293.037
293.011
293.003
293.019
293.04
293.046
293.031
292.98
292.873
292.739
292.616
292.521
292.454
292.406
292.364
292.312
292.236
292.135
292.019
291.89
291.785
291.709
291.633
291.557
291.486
291.423
291.36
291.321
291.317
291.344
291.403
291.49
291.607
291.752
291.923
292.115
292.317
292.517
292.715
292.886
292.973
292.991
292.931
292.782
292.55
292.242
291.865
291.491
291.124
290.703
290.507
290.56
290.818
291.336
292.073
292.954
293.888
294.774
295.531
296.146
296.668
297.143
297.545
297.783
297.854
297.846
293
293
293
293
293
293
293
293
293
293
293
293
293
293
293
293
293
293
293
293
293
293
293
293
293
293
293
293
293
293
293
293
293
293
293
293
293
293
293
293
293
293
293
293
293
293
293
293
293
293
293
293
293
293
293
293
293
293
293
293
293
293
293
293
293
293
293
293
293
293
293.001
293.009
293.046
293.113
293.173
293.2
293.2
293.176
293.109
293.048
293.017
293.006
293.017
293.039
293.05
293.039
293.004
292.917
292.796
292.676
292.577
292.505
292.453
292.413
292.371
292.311
292.226
292.119
292.003
291.919
291.861
291.804
291.749
291.695
291.646
291.607
291.595
291.611
291.656
291.727
291.823
291.94
292.075
292.222
292.377
292.529
292.68
292.826
292.91
292.937
292.915
292.84
292.713
292.544
292.326
292.082
291.864
291.64
291.406
291.324
291.39
291.597
291.98
292.518
293.16
293.852
294.524
295.146
295.708
296.215
296.674
297.058
297.296
297.381
297.389
293
293
293
293
293
293
293
293
293
293
293
293
293
293
293
293
293
293
293
293
293
293
293
293
293
293
293
293
293
293
293
293
293
293
293
293
293
293
293
293
293
293
293
293
293
293
293
293
293
293
293
293
293
293
293
293
293
293
293
293
293
293
293
293
293
293
293
293
293
293
293
293.006
293.036
293.098
293.162
293.196
293.201
293.185
293.126
293.061
293.024
293.01
293.015
293.036
293.052
293.046
293.024
292.958
292.854
292.741
292.64
292.562
292.505
292.464
292.428
292.386
292.325
292.241
292.144
292.076
292.033
291.993
291.955
291.922
291.896
291.885
291.893
291.92
291.968
292.036
292.121
292.222
292.332
292.447
292.56
292.667
292.77
292.846
292.867
292.856
292.819
292.758
292.674
292.557
292.417
292.278
292.157
292.009
291.882
291.852
291.913
292.082
292.375
292.784
293.276
293.815
294.369
294.916
295.426
295.886
296.3
296.649
296.871
296.959
296.974
293
293
293
293
293
293
293
293
293
293
293
293
293
293
293
293
293
293
293
293
293
293
293
293
293
293
293
293
293
293
293
293
293
293
293
293
293
293
293
293
293
293
293
293
293
293
293
293
293
293
293
293
293
293
293
293
293
293
293
293
293
293
293
293
293
293
293
293
293
293
293
293.003
293.026
293.082
293.149
293.19
293.201
293.191
293.144
293.077
293.033
293.016
293.013
293.032
293.052
293.054
293.039
292.994
292.91
292.808
292.709
292.627
292.564
292.518
292.484
292.453
292.416
292.365
292.299
292.25
292.221
292.196
292.176
292.165
292.163
292.171
292.19
292.219
292.259
292.311
292.374
292.446
292.526
292.606
292.681
292.75
292.816
292.839
292.836
292.817
292.787
292.742
292.678
292.596
292.51
292.434
292.355
292.248
292.182
292.182
292.244
292.395
292.643
292.98
293.389
293.845
294.326
294.798
295.233
295.63
296.001
296.315
296.506
296.579
296.589
293
293
293
293
293
293
293
293
293
293
293
293
293
293
293
293
293
293
293
293
293
293
293
293
293
293
293
293
293
293
293
293
293
293
293
293
293
293
293
293
293
293
293
293
293
293
293
293
293
293
293
293
293
293
293
293
293
293
293
293
293
293
293
293
293
293
293
293
293
293
293
293.002
293.017
293.065
293.132
293.182
293.2
293.195
293.162
293.097
293.045
293.022
293.014
293.027
293.05
293.06
293.051
293.023
292.961
292.874
292.782
292.699
292.633
292.581
292.543
292.515
292.491
292.466
292.432
292.405
292.39
292.379
292.374
292.377
292.387
292.403
292.425
292.453
292.486
292.524
292.568
292.618
292.671
292.723
292.768
292.811
292.848
292.852
292.848
292.837
292.813
292.776
292.73
292.678
292.627
292.579
292.514
292.444
292.417
292.437
292.511
292.659
292.885
293.181
293.535
293.926
294.333
294.72
295.084
295.436
295.776
296.042
296.18
296.224
296.219
293
293
293
293
293
293
293
293
293
293
293
293
293
293
293
293
293
293
293
293
293
293
293
293
293
293
293
293
293
293
293
293
293
293
293
293
293
293
293
293
293
293
293
293
293
293
293
293
293
293
293
293
293
293
293
293
293
293
293
293
293
293
293
293
293
293
293
293
293
293
293
293.001
293.01
293.047
293.112
293.17
293.197
293.198
293.178
293.119
293.061
293.03
293.018
293.023
293.044
293.062
293.063
293.046
293.005
292.938
292.857
292.778
292.71
292.655
292.612
292.581
292.559
292.544
292.529
292.52
292.515
292.514
292.517
292.526
292.539
292.558
292.582
292.61
292.641
292.675
292.711
292.748
292.785
292.819
292.849
292.878
292.896
292.902
292.907
292.898
292.883
292.861
292.832
292.799
292.766
292.725
292.672
292.638
292.638
292.674
292.761
292.908
293.115
293.378
293.682
294.01
294.341
294.663
294.986
295.312
295.604
295.79
295.86
295.871
295.848
293
293
293
293
293
293
293
293
293
293
293
293
293
293
293
293
293
293
293
293
293
293
293
293
293
293
293
293
293
293
293
293
293
293
293
293
293
293
293
293
293
293
293
293
293
293
293
293
293
293
293
293
293
293
293
293
293
293
293
293
293
293
293
293
293
293
293
293
293
293
293
293
293.005
293.031
293.09
293.153
293.191
293.201
293.19
293.144
293.082
293.041
293.024
293.02
293.036
293.059
293.07
293.064
293.042
292.994
292.93
292.86
292.794
292.739
292.694
292.658
292.633
292.619
292.611
292.611
292.613
292.617
292.624
292.634
292.649
292.669
292.693
292.721
292.751
292.784
292.817
292.848
292.878
292.903
292.927
292.95
292.964
292.97
292.97
292.967
292.96
292.947
292.928
292.905
292.878
292.843
292.814
292.806
292.823
292.875
292.972
293.118
293.31
293.544
293.806
294.084
294.363
294.649
294.943
295.226
295.422
295.506
295.526
295.517
295.485
293
293
293
293
293
293
293
293
293
293
293
293
293
293
293
293
293
293
293
293
293
293
293
293
293
293
293
293
293
293
293
293
293
293
293
293
293
293
293
293
293
293
293
293
293
293
293
293
293
293
293
293
293
293
293
293
293
293
293
293
293
293
293
293
293
293
293
293
293
293
293
293
293.002
293.018
293.065
293.131
293.181
293.2
293.197
293.169
293.109
293.058
293.033
293.023
293.029
293.05
293.069
293.075
293.067
293.042
292.997
292.94
292.882
292.83
292.785
292.75
292.723
292.705
292.699
292.703
292.707
292.714
292.723
292.735
292.75
292.768
292.79
292.815
292.842
292.87
292.899
292.927
292.952
292.973
292.994
293.012
293.023
293.028
293.028
293.024
293.018
293.007
292.992
292.974
292.953
292.935
292.928
292.939
292.975
293.044
293.153
293.301
293.485
293.698
293.929
294.169
294.41
294.66
294.907
295.094
295.167
295.186
295.19
295.184
295.165
293
293
293
293
293
293
293
293
293
293
293
293
293
293
293
293
293
293
293
293
293
293
293
293
293
293
293
293
293
293
293
293
293
293
293
293
293
293
293
293
293
293
293
293
293
293
293
293
293
293
293
293
293
293
293
293
293
293
293
293
293
293
293
293
293
293
293
293
293
293
293
293
293.001
293.008
293.041
293.103
293.163
293.196
293.201
293.189
293.14
293.082
293.045
293.029
293.026
293.039
293.061
293.076
293.08
293.074
293.052
293.015
292.97
292.925
292.885
292.852
292.827
292.809
292.803
292.808
292.814
292.822
292.832
292.844
292.859
292.875
292.893
292.913
292.934
292.956
292.978
292.999
293.019
293.037
293.053
293.066
293.074
293.076
293.076
293.073
293.068
293.06
293.05
293.039
293.031
293.031
293.043
293.076
293.134
293.223
293.343
293.492
293.664
293.853
294.046
294.24
294.44
294.641
294.793
294.853
294.861
294.871
294.898
294.917
294.916
293
293
293
293
293
293
293
293
293
293
293
293
293
293
293
293
293
293
293
293
293
293
293
293
293
293
293
293
293
293
293
293
293
293
293
293
293
293
293
293
293
293
293
293
293
293
293
293
293
293
293
293
293
293
293
293
293
293
293
293
293
293
293
293
293
293
293
293
293
293
293
293
293
293.003
293.021
293.071
293.136
293.184
293.202
293.2
293.172
293.115
293.065
293.04
293.03
293.032
293.048
293.069
293.081
293.085
293.082
293.069
293.045
293.017
292.988
292.962
292.943
292.93
292.927
292.931
292.936
292.944
292.954
292.966
292.978
292.992
293.006
293.021
293.036
293.052
293.067
293.082
293.097
293.11
293.122
293.131
293.137
293.14
293.141
293.14
293.138
293.134
293.132
293.132
293.138
293.155
293.187
293.239
293.314
293.412
293.531
293.666
293.809
293.957
294.108
294.259
294.405
294.514
294.557
294.565
294.584
294.635
294.695
294.723
294.715
293
293
293
293
293
293
293
293
293
293
293
293
293
293
293
293
293
293
293
293
293
293
293
293
293
293
293
293
293
293
293
293
293
293
293
293
293
293
293
293
293
293
293
293
293
293
293
293
293
293
293
293
293
293
293
293
293
293
293
293
293
293
293
293
293
293
293
293
293
293
293
293
293
293.001
293.008
293.04
293.1
293.161
293.196
293.205
293.196
293.154
293.097
293.057
293.039
293.033
293.038
293.055
293.073
293.086
293.091
293.09
293.088
293.081
293.069
293.058
293.05
293.046
293.048
293.052
293.057
293.064
293.072
293.081
293.091
293.102
293.113
293.124
293.135
293.146
293.157
293.168
293.178
293.188
293.197
293.204
293.209
293.212
293.215
293.217
293.218
293.22
293.225
293.235
293.254
293.285
293.33
293.391
293.467
293.555
293.654
293.76
293.87
293.979
294.087
294.184
294.253
294.285
294.307
294.347
294.419
294.506
294.552
294.553
294.508
293
293
293
293
293
293
293
293
293
293
293
293
293
293
293
293
293
293
293
293
293
293
293
293
293
293
293
293
293
293
293
293
293
293
293
293
293
293
293
293
293
293
293
293
293
293
293
293
293
293
293
293
293
293
293
293
293
293
293
293
293
293
293
293
293
293
293
293
293
293
293
293
293
293
293.002
293.017
293.061
293.125
293.178
293.203
293.206
293.191
293.141
293.088
293.055
293.041
293.037
293.043
293.058
293.075
293.088
293.096
293.1
293.102
293.103
293.106
293.109
293.115
293.122
293.129
293.135
293.141
293.148
293.156
293.164
293.173
293.182
293.191
293.2
293.209
293.218
293.227
293.235
293.242
293.249
293.255
293.259
293.263
293.266
293.269
293.273
293.28
293.292
293.311
293.338
293.374
293.421
293.477
293.542
293.613
293.686
293.762
293.838
293.91
293.971
294.021
294.061
294.107
294.172
294.259
294.352
294.4
294.398
294.345
294.219
293
293
293
293
293
293
293
293
293
293
293
293
293
293
293
293
293
293
293
293
293
293
293
293
293
293
293
293
293
293
293
293
293
293
293
293
293
293
293
293
293
293
293
293
293
293
293
293
293
293
293
293
293
293
293
293
293
293
293
293
293
293
293
293
293
293
293
293
293
293
293
293
293
293
293
293.005
293.028
293.079
293.142
293.188
293.207
293.207
293.186
293.136
293.087
293.058
293.046
293.043
293.047
293.059
293.074
293.087
293.098
293.106
293.113
293.12
293.128
293.138
293.149
293.158
293.165
293.172
293.179
293.187
293.196
293.204
293.213
293.221
293.229
293.237
293.244
293.251
293.257
293.262
293.266
293.269
293.272
293.275
293.278
293.284
293.292
293.304
293.32
293.341
293.369
293.403
293.443
293.488
293.538
293.592
293.647
293.701
293.753
293.804
293.857
293.915
293.981
294.057
294.144
294.222
294.255
294.24
294.169
294.025
293.812
293
293
293
293
293
293
293
293
293
293
293
293
293
293
293
293
293
293
293
293
293
293
293
293
293
293
293
293
293
293
293
293
293
293
293
293
293
293
293
293
293
293
293
293
293
293
293
293
293
293
293
293
293
293
293
293
293
293
293
293
293
293
293
293
293
293
293
293
293
293
293
293
293
293
293
293.001
293.008
293.036
293.092
293.152
293.194
293.21
293.208
293.187
293.14
293.095
293.066
293.054
293.051
293.052
293.059
293.07
293.082
293.094
293.105
293.115
293.125
293.136
293.148
293.158
293.164
293.171
293.178
293.185
293.192
293.199
293.206
293.212
293.219
293.224
293.23
293.234
293.238
293.241
293.243
293.245
293.247
293.25
293.255
293.263
293.273
293.288
293.307
293.331
293.359
293.391
293.427
293.467
293.51
293.555
293.604
293.657
293.715
293.778
293.842
293.908
293.979
294.049
294.097
294.106
294.067
293.968
293.806
293.597
293.377
293
293
293
293
293
293
293
293
293
293
293
293
293
293
293
293
293
293
293
293
293
293
293
293
293
293
293
293
293
293
293
293
293
293
293
293
293
293
293
293
293
293
293
293
293
293
293
293
293
293
293
293
293
293
293
293
293
293
293
293
293
293
293
293
293
293
293
293
293
293
293
293
293
293
293
293
293.001
293.01
293.041
293.097
293.155
293.195
293.21
293.209
293.194
293.154
293.111
293.082
293.066
293.061
293.061
293.063
293.068
293.076
293.086
293.095
293.105
293.115
293.125
293.133
293.138
293.143
293.149
293.153
293.158
293.163
293.167
293.171
293.174
293.178
293.181
293.183
293.186
293.189
293.193
293.197
293.203
293.21
293.219
293.231
293.246
293.264
293.287
293.314
293.345
293.381
293.422
293.466
293.515
293.568
293.623
293.679
293.736
293.794
293.852
293.907
293.947
293.96
293.937
293.864
293.737
293.569
293.384
293.217
293.097
293
293
293
293
293
293
293
293
293
293
293
293
293
293
293
293
293
293
293
293
293
293
293
293
293
293
293
293
293
293
293
293
293
293
293
293
293
293
293
293
293
293
293
293
293
293
293
293
293
293
293
293
293
293
293
293
293
293
293
293
293
293
293
293
293
293
293
293
293
293
293
293
293
293
293
293
293
293.001
293.011
293.041
293.093
293.15
293.19
293.209
293.21
293.202
293.175
293.138
293.107
293.088
293.078
293.074
293.074
293.075
293.078
293.082
293.087
293.093
293.1
293.105
293.109
293.112
293.115
293.118
293.121
293.125
293.127
293.13
293.134
293.137
293.14
293.144
293.148
293.154
293.162
293.171
293.182
293.196
293.213
293.233
293.256
293.282
293.313
293.347
293.386
293.428
293.472
293.518
293.564
293.611
293.659
293.706
293.749
293.787
293.811
293.816
293.794
293.731
293.627
293.491
293.342
293.204
293.1
293.038
293.01
293
293
293
293
293
293
293
293
293
293
293
293
293
293
293
293
293
293
293
293
293
293
293
293
293
293
293
293
293
293
293
293
293
293
293
293
293
293
293
293
293
293
293
293
293
293
293
293
293
293
293
293
293
293
293
293
293
293
293
293
293
293
293
293
293
293
293
293
293
293
293
293
293
293
293
293
293
293
293.001
293.009
293.035
293.081
293.135
293.178
293.202
293.209
293.205
293.194
293.172
293.146
293.123
293.107
293.098
293.094
293.093
293.094
293.096
293.098
293.102
293.105
293.108
293.11
293.113
293.116
293.12
293.123
293.128
293.133
293.138
293.144
293.151
293.159
293.169
293.179
293.192
293.206
293.223
293.243
293.267
293.293
293.323
293.354
293.387
293.42
293.454
293.489
293.526
293.563
293.598
293.63
293.657
293.676
293.683
293.675
293.642
293.581
293.492
293.382
293.267
293.162
293.083
293.034
293.011
293.002
293
293
293
293
293
293
293
293
293
293
293
293
293
293
293
293
293
293
293
293
293
293
293
293
293
293
293
293
293
293
293
293
293
293
293
293
293
293
293
293
293
293
293
293
293
293
293
293
293
293
293
293
293
293
293
293
293
293
293
293
293
293
293
293
293
293
293
293
293
293
293
293
293
293
293
293
293
293
293
293
293.001
293.006
293.025
293.062
293.111
293.156
293.187
293.202
293.206
293.202
293.194
293.183
293.17
293.156
293.143
293.134
293.129
293.127
293.127
293.13
293.133
293.136
293.139
293.143
293.147
293.152
293.158
293.164
293.172
293.18
293.19
293.201
293.214
293.229
293.245
293.263
293.282
293.302
293.322
293.344
293.366
293.39
293.415
293.442
293.468
293.493
293.515
293.535
293.55
293.56
293.562
293.553
293.527
293.484
293.423
293.347
293.262
293.179
293.108
293.055
293.023
293.008
293.002
293
293
293
293
293
293
293
293
293
293
293
293
293
293
293
293
293
293
293
293
293
293
293
293
293
293
293
293
293
293
293
293
293
293
293
293
293
293
293
293
293
293
293
293
293
293
293
293
293
293
293
293
293
293
293
293
293
293
293
293
293
293
293
293
293
293
293
293
293
293
293
293
293
293
293
293
293
293
293
293
293
293
293
293
293.003
293.014
293.04
293.078
293.121
293.157
293.182
293.196
293.202
293.202
293.2
293.196
293.193
293.19
293.188
293.187
293.188
293.191
293.194
293.197
293.201
293.206
293.211
293.217
293.224
293.231
293.239
293.248
293.257
293.268
293.279
293.291
293.304
293.318
293.334
293.35
293.367
293.384
293.4
293.415
293.428
293.439
293.448
293.453
293.454
293.448
293.432
293.407
293.371
293.325
293.27
293.21
293.152
293.099
293.057
293.029
293.012
293.004
293.001
293
293
293
293
293
293
293
293
293
293
293
293
293
293
293
293
293
293
293
293
293
293
293
293
293
293
293
293
293
293
293
293
293
293
293
293
293
293
293
293
293
293
293
293
293
293
293
293
293
293
293
293
293
293
293
293
293
293
293
293
293
293
293
293
293
293
293
293
293
293
293
293
293
293
293
293
293
293
293
293
293
293
293
293
293
293
293
293.001
293.006
293.019
293.044
293.077
293.113
293.144
293.167
293.183
293.193
293.2
293.204
293.208
293.21
293.213
293.217
293.222
293.227
293.231
293.235
293.24
293.245
293.251
293.257
293.264
293.271
293.279
293.287
293.296
293.304
293.313
293.321
293.329
293.337
293.344
293.35
293.354
293.356
293.356
293.352
293.343
293.329
293.31
293.284
293.253
293.218
293.179
293.139
293.102
293.069
293.042
293.023
293.011
293.005
293.002
293
293
293
293
293
293
293
293
293
293
293
293
293
293
293
293
293
293
293
293
293
293
293
293
293
293
293
293
293
293
293
293
293
293
293
293
293
293
293
293
293
293
293
293
293
293
293
293
293
293
293
293
293
293
293
293
293
293
293
293
293
293
293
293
293
293
293
293
293
293
293
293
293
293
293
293
293
293
293
293
293
293
293
293
293
293
293
293
293
293
293
293
293.002
293.007
293.018
293.036
293.061
293.088
293.114
293.137
293.155
293.17
293.182
293.191
293.2
293.208
293.215
293.221
293.225
293.229
293.233
293.237
293.241
293.245
293.248
293.252
293.256
293.259
293.261
293.263
293.264
293.264
293.263
293.259
293.253
293.246
293.235
293.222
293.206
293.187
293.166
293.143
293.119
293.095
293.073
293.052
293.035
293.022
293.013
293.006
293.003
293.001
293
293
293
293
293
293
293
293
293
293
293
293
293
293
293
293
293
293
293
293
293
293
293
293
293
293
293
293
293
293
293
293
293
293
293
293
293
293
293
293
293
293
293
293
293
293
293
293
293
293
293
293
293
293
293
293
293
293
293
293
293
293
293
293
293
293
293
293
293
293
293
293
293
293
293
293
293
293
293
293
293
293
293
293
293
293
293
293
293
293
293
293
293
293
293
293
293
293.001
293.004
293.011
293.022
293.036
293.053
293.071
293.088
293.104
293.118
293.13
293.14
293.149
293.154
293.157
293.16
293.162
293.163
293.164
293.165
293.164
293.163
293.161
293.158
293.155
293.15
293.143
293.136
293.128
293.118
293.107
293.096
293.083
293.071
293.059
293.047
293.036
293.027
293.019
293.012
293.008
293.004
293.002
293.001
293.001
293
293
293
293
293
293
293
293
293
293
293
293
293
293
293
293
293
293
293
293
293
293
293
293
293
293
293
293
293
293
293
293
293
293
293
293
293
293
293
293
293
293
293
293
293
293
293
293
293
293
293
293
293
293
293
293
293
293
293
293
293
293
293
293
293
293
293
293
293
293
293
293
293
293
293
293
293
293
293
293
293
293
293
293
293
293
293
293
293
293
293
293
293
293
293
293
293
293
293
293
293
293
293.001
293.002
293.004
293.008
293.013
293.02
293.028
293.035
293.042
293.049
293.054
293.057
293.058
293.059
293.059
293.059
293.058
293.057
293.055
293.053
293.05
293.047
293.044
293.04
293.035
293.031
293.027
293.022
293.018
293.015
293.011
293.008
293.006
293.004
293.003
293.002
293.001
293.001
293
293
293
293
293
293
293
293
293
293
293
293
293
293
293
293
293
293
293
293
293
293
293
293
293
293
293
293
293
293
293
293
293
293
293
293
293
293
293
293
293
293
293
293
293
293
293
293
293
293
293
293
293
293
293
293
293
293
293
293
293
293
293
293
293
293
293
293
293
293
293
293
293
293
293
293
293
293
293
293
293
293
293
293
293
293
293
293
293
293
293
293
293
293
293
293
293
293
293
293
293
293
293
293
293
293
293
293
293
293
293
293.001
293.001
293.002
293.004
293.005
293.006
293.007
293.008
293.008
293.008
293.008
293.008
293.007
293.007
293.007
293.006
293.005
293.005
293.004
293.003
293.003
293.002
293.002
293.001
293.001
293.001
293
293
293
293
293
293
293
293
293
293
293
293
293
293
293
293
293
293
293
293
293
293
293
293
293
293
293
293
293
293
293
293
293
293
293
293
293
293
293
293
293
293
293
293
293
293
293
293
293
293
293
293
293
293
293
293
293
293
293
293
293
293
293
293
293
293
293
293
293
293
293
293
293
293
293
293
293
293
293
293
293
293
293
293
293
293
293
293
293
293
293
293
293
293
293
293
293
293
293
293
293
293
293
293
293
293
293
293
293
293
293
293
293
293
293
293
293
293
293
293
293
293
293
293
293
293
293
293
293
293
293
293
293
293
293
293
293
293
293
293
293
293
293
293
293
293
293
293
293
293
293
293
293
293
293
293
293
293
293
293
293
293
293
293
293
293
293
293
293
293
293
293
293
293
293
293
293
293
293
293
293
293
293
293
293
293
293
293
293
293
293
293
293
293
293
293
293
293
293
293
293
293
293
293
293
293
293
293
293
293
293
293
293
293
293
293
293
293
293
293
293
293
293
293
293
293
293
293
293
293
293
293
293
293
293
293
293
293
293
293
293
293
293
293
293
293
293
293
293
293
293
293
293
293
293
293
293
293
293
293
293
293
293
293
293
293
293
293
293
293
293
293
293
293
293
293
293
293
293
293
293
293
293
293
293
293
293
293
293
293
293
293
293
293
293
293
293
293
293
293
293
293
293
293
293
293
293
293
293
293
293
293
293
293
293
293
293
293
293
293
293
293
293
293
293
293
293
293
293
293
293
293
293
293
293
293
293
293
293
293
293
293
293
293
293
293
293
293
293
293
293
293
293
293
293
293
293
293
293
293
293
293
293
293
293
293
293
293
293
293
293
293
293
293
293
293
293
293
293
293
293
293
293
293
293
293
293
293
293
293
293
293
293
293
293
293
293
293
293
293
293
293
293
293
293
293
293
293
293
293
293
293
293
293
293
293
293
293
293
293
293
293
293
293
293
293
293
293
293
293
293
293
293
293
293
293
293
293
293
293
293
293
293
293
293
293
293
293
293
293
293
293
293
293
293
293
293
293
293
293
293
293
293
293
293
293
293
293
293
293
293
293
293
293
293
293
293
293
293
293
293
293
293
293
293
293
293
293
293
293
293
293
293
293
293
293
293
293
293
293
293
293
293
293
293
293
293
293
293
293
293
293
293
293
293
293
293
293
293
293
293
293
293
293
293
293
293
293
293
293
293
293
293
293
293
293
293
293
293
293
293
293
293
293
293
293
293
293
293
293
293
293
293
293
293
293
293
293
293
293
293
293
293
293
293
293
293
293
293
293
293
293
293
293
293
293
293
293
293
293
293
293
293
293
293
293
293
293
293
293
293
293
293
293
293
293
293
293
293
293
293
293
293
293
293
293
293
293
293
293
293
293
293
293
293
293
293
293
293
293
293
293
293
293
293
293
293
293
293
293
293
293
293
293
293
293
293
293
293
293
293
293
293
293
293
293
293
293
293
293
293
293
293
293
293
293
293
293
293
293
293
293
293
293
293
293
293
293
293
293
293
293
293
293
293
293
293
293
293
293
293
293
293
293
293
293
293
293
293
293
293
293
293
293
293
293
293
293
293
293
293
293
293
293
293
293
293
293
293
293
293
293
293
293
293
293
293
293
293
293
293
293
293
293
293
293
293
293
293
293
293
293
293
293
293
293
293
293
293
293
293
293
293
293
293
293
293
293
293
293
293
293
293
293
293
293
293
293
293
293
293
293
293
293
293
293
293
293
293
293
293
293
293
293
293
293
293
293
293
293
293
293
293
293
293
293
293
293
293
293
293
293
293
293
293
293
293
293
293
293
293
293
293
293
293
293
293
293
293
293
293
293
293
293
293
293
293
293
293
293
293
293
293
293
293
293
293
293
293
293
293
293
293
293
293
293
293
293
293
293
293
293
293
293
293
293
293
293
293
293
293
293
293
293
293
293
293
293
293
293
293
293
293
293
293
293
293
293
293
293
293
293
293
293
293
293
293
293
293
293
293
293
293
293
293
293
293
293
293
293
293
293
293
293
293
293
293
293
293
293
293
293
293
293
293
293
293
293
293
293
293
293
293
293
293
293
293
293
293
293
293
293
293
293
293
293
293
293
293
293
293
293
293
293
293
293
293
293
293
293
293
293
293
293
293
293
293
293
293
293
293
293
293
293
293
293
293
293
293
293
293
293
293
293
293
293
293
293
293
293
293
293
293
293
293
293
293
293
293
293
293
293
293
293
293
293
293
293
293
293
293
293
293
293
293
293
293
293
293
293
293
293
293
293
293
293
293
293
293
293
293
293
293
293
293
293
293
293
293
293
293
293
293
293
293
293
293
293
293
293
293
293
293
293
293
293
293
293
293
293
293
293
293
293
293
293
293
293
293
293
293
293
293
293
293
293
293
293
293
293
293
293
293
293
293
293
293
293
293
293
293
293
293
293
293
293
293
293
293
293
293
293
293
293
293
293
293
293
293
293
293
293
293
293
293
293
293
293
293
293
293
293
293
293
293
293
293
293
293
293
293
293
293
293
293
293
293
293
293
293
293
293
293
293
293
293
293
293
293
293
293
293
293
293
293
293
293
293
293
293
293
293
293
293
293
293
293
293
293
293
293
293
293
293
293
293
293
293
293
293
293
293
293
293
293
293
293
293
293
293
293
293
293
293
293
293
293
293
293
293
293
293
293
293
293
293
293
293
293
293
293
293
293
293
293
293
293
293
293
293
293
293
293
293
293
293
293
293
293
293
293
293
293
293
293
293
293
293
293
293
293
293
293
293
293
293
293
293
293
293
293
293
293
293
293
293
293
293
293
293
293
293
293
293
293
293
293
293
293
293
293
293
293
293
293
293
293
293
293
293
293
293
293
293
293
293
293
293
293
293
293
293
293
293
293
293
293
293
293
293
293
293
293
293
293
293
293
293
293
293
293
293
293
293
293
293
293
293
293
293
293
293
293
293
293
293
293
293
293
293
293
293
293
293
293
293
293
293
293
293
293
293
293
293
293
293
293
293
293
293
293
293
293
293
293
293
293
293
293
293
293
293
293
293
293
293
293
293
293
293
293
293
293
293
293
293
293
293
293
293
293
293
293
293
293
293
293
293
293
293
293
293
293
293
293
293
293
293
293
293
293
293
293
293
293
293
293
293
293
293
293
293
293
293
293
293
293
293
293
293
293
293
293
293
293
293
293
293
293
293
293
293
293
293
293
293
293
293
293
293
293
293
293
293
293
293
293
293
293
293
293
293
293
293
293
293
293
293
293
293
293
293
293
293
293
293
293
293
293
293
293
293
293
293
293
293
293
293
293
293
293
293
293
293
293
293
293
293
293
293
293
293
293
293
293
293
293
293
293
293
293
293
293
293
293
293
293
293
293
293
293
293
293
293
293
293
293
293
293
293
293
293
293
293
293
293
293
293
293
293
293
293
293
293
293
293
293
293
293
293
293
293
293
293
293
293
293
293
293
293
293
293
293
293
293
293
293
293
293
293
293
293
293
293
293
293
293
293
293
293
293
293
293
293
293
293
293
293
293
293
293
293
293
293
293
293
293
293
293
293
293
293
293
293
293
293
293
293
293
293
293
293
293
293
293
293
293
293
293
293
293
293
293
293
293
293
293
293
293
293
293
293
293
293
293
293
293
293
293
293
293
293
293
293
293
293
293
293
293
293
293
293
293
293
293
293
293
293
293
293
293
293
293
293
293
293
293
293
293
293
293
293
293
293
293
293
293
293
293
293
293
293
293
293
293
293
293
293
293
293
293
293
293
293
293
293
293
293
293
293
293
293
293
293
293
293
293
293
293
293
293
293
293
293
293
293
293
293
293
293
293
293
293
293
293
293
293
293
293
293
293
293
293
293
293
293
293
293
293
293
293
293
293
293
293
293
293
293
293
293
293
293
293
293
293
293
293
293
293
293
293
293
293
293
293
293
293
293
293
293
293
293
293
293
293
293
293
293
293
293
293
293
293
293
293
293
293
293
293
293
293
293
293
293
293
293
293
293
293
293
293
293
293
293
293
293
293
293
293
293
293
293
293
293
293
293
293
293
293
293
293
293
293
293
293
293
293
293
293
293
293
293
293
293
293
293
293
293
293
293
293
293
293
293
293
293
293
293
293
293
293
293
293
293
293
293
293
293
293
293
293
293
293
293
293
293
293
293
293
293
293
293
293
293
293
293
293
293
293
293
293
293
293
293
293
293
293
293
293
293
293
293
293
293
293
293
293
293
293
293
293
293
293
293
293
293
293
293
293
293
293
293
293
293
293
293
293
293
293
293
293
293
293
293
293
293
293
293
293
293
293
293
293
293
293
293
293
293
293
293
293
293
)
;

boundaryField
{
    FreestreamLeft
    {
        type            totalTemperature;
        gamma           1.4;
        T0              uniform 293;
        value           uniform 293;
    }
    FreestreamTop
    {
        type            totalTemperature;
        gamma           1.4;
        T0              uniform 293;
        value           uniform 293;
    }
    Inlet
    {
        type            totalTemperature;
        gamma           1.4;
        T0              nonuniform List<scalar> 0();
        value           nonuniform List<scalar> 0();
    }
    Outlet
    {
        type            zeroGradient;
    }
    Wall
    {
        type            zeroGradient;
    }
    Wedge1
    {
        type            wedge;
    }
    Wedge2
    {
        type            wedge;
    }
    procBoundary2to1
    {
        type            processor;
        value           nonuniform List<scalar> 
190
(
325.515
325.515
312.125
324.476
312.363
325.249
325.776
325.496
324.621
322.526
319.95
316.516
312.125
306.314
304.622
307.117
308.247
311.523
319.819
330.017
333.275
318.446
283.07
265.752
282.107
295.904
305.112
309.521
310.559
310.652
310.201
309.563
309.418
309.5
309.707
310.023
310.029
309.663
308.941
307.673
306.486
306.132
306.287
307.638
309.347
310.939
312.363
303.686
302.371
304.622
302.371
301.341
300.846
300.331
299.805
299.279
298.763
298.266
297.797
297.359
296.95
296.557
296.168
295.783
295.426
295.128
294.887
294.66
294.384
294.002
293.549
293.187
293.03
293.002
293
293
293
293
293
293
293
293
293
293
293
293
293
293
293
293
293
293
293
293
293
325.406
325.406
312.094
312.094
316.461
319.901
322.507
324.627
325.546
325.83
325.293
324.532
312.421
312.421
310.986
309.376
307.683
306.291
306.079
306.4
307.549
308.801
309.531
309.902
309.89
309.563
309.354
309.369
309.497
310.112
310.55
310.455
309.432
305.072
295.953
282.168
265.827
283.173
318.592
333.287
329.921
319.669
311.46
308.283
307.162
306.354
304.65
304.65
303.699
302.376
302.376
301.342
300.847
300.331
299.804
299.277
298.761
298.263
297.793
297.356
296.947
296.555
296.167
295.783
295.427
295.129
294.889
294.663
294.388
294.008
293.556
293.191
293.031
293.002
293
293
293
293
293
293
293
293
293
293
293
293
293
293
293
293
293
293
293
293
293
)
;
    }
}


// ************************************************************************* //
