/*--------------------------------*- C++ -*----------------------------------*\
| =========                 |                                                 |
| \\      /  F ield         | OpenFOAM: The Open Source CFD Toolbox           |
|  \\    /   O peration     | Version:  2406                                  |
|   \\  /    A nd           | Website:  www.openfoam.com                      |
|    \\/     M anipulation  |                                                 |
\*---------------------------------------------------------------------------*/
FoamFile
{
    version     2.0;
    format      ascii;
    arch        "LSB;label=32;scalar=64";
    class       volScalarField;
    location    "0.09";
    object      T;
}
// * * * * * * * * * * * * * * * * * * * * * * * * * * * * * * * * * * * * * //

dimensions      [0 0 0 1 0 0 0];

internalField   nonuniform List<scalar> 
13948
(
301.477
295.339
293.391
292.959
292.86
292.819
292.806
292.803
292.808
292.825
292.846
292.876
292.923
292.982
293.035
293.067
293.076
293.065
293.042
293.008
292.971
292.935
292.902
292.868
292.836
292.812
292.802
292.806
292.828
292.877
292.941
292.989
293.001
293.002
293
292.999
293.002
293.01
293.03
293.059
293.081
293.086
293.085
293.074
293.051
293.024
293.006
293
293
293
293
293
293
293
293
293
293
293
293
293
293
293
293
293
293
293
293
293
293
293
293
293
293
293
293
293
293
293
293
293
293
293
293
293
293
293
293
293
293
293
293
293
293
293
293
293
293
293
293
310.246
300.194
295.097
293.414
292.962
292.858
292.819
292.81
292.809
292.814
292.83
292.85
292.88
292.926
292.982
293.033
293.063
293.07
293.059
293.037
293.004
292.967
292.933
292.901
292.868
292.837
292.814
292.805
292.809
292.832
292.88
292.943
292.989
293.001
293.002
293.001
293
293.003
293.011
293.031
293.059
293.081
293.086
293.084
293.073
293.05
293.023
293.005
293
293
293
293
293
293
293
293
293
293
293
293
293
293
293
293
293
293
293
293
293
293
293
293
293
293
293
293
293
293
293
293
293
293
293
293
293
293
293
293
293
293
293
293
293
293
293
293
293
293
293
293
323.328
323.182
322.478
321.239
319.251
316.293
312.375
307.579
302.667
299.494
296.116
294.354
293.335
292.979
292.874
292.832
292.819
292.815
292.819
292.832
292.853
292.882
292.928
292.983
293.032
293.06
293.067
293.055
293.032
293
292.963
292.93
292.899
292.867
292.837
292.816
292.807
292.812
292.835
292.882
292.945
292.99
293.002
293.003
293.001
293.001
293.003
293.012
293.031
293.059
293.08
293.085
293.083
293.072
293.049
293.023
293.005
293
293
293
293
293
293
293
293
293
293
293
293
293
293
293
293
293
293
293
293
293
293
293
293
293
293
293
293
293
293
293
293
293
293
293
293
293
293
293
293
293
293
293
293
293
293
293
293
293
293
293
293
316.895
316.516
315.623
314.584
313.765
313.263
313.029
312.973
313.25
313.734
314.131
314.53
314.926
315.274
315.444
315.453
315.414
315.389
315.312
314.809
313.843
312.908
312.029
311.102
310.557
310.371
310.44
310.67
311.044
311.326
311.455
311.583
311.631
311.567
311.228
310.296
308.854
306.854
304.358
301.541
298.829
296.398
295.251
294.164
293.705
293.202
292.959
292.881
292.849
292.831
292.824
292.825
292.836
292.855
292.885
292.931
292.985
293.032
293.057
293.063
293.05
293.028
292.995
292.96
292.927
292.897
292.866
292.837
292.818
292.809
292.815
292.838
292.886
292.948
292.991
293.002
293.003
293.002
293.002
293.004
293.013
293.032
293.06
293.08
293.085
293.083
293.071
293.049
293.022
293.005
293
293
293
293
293
293
293
293
293
293
293
293
293
293
293
293
293
293
293
293
293
293
293
293
293
293
293
293
293
293
293
293
293
293
293
293
293
293
293
293
293
293
293
293
293
293
293
293
293
293
293
293
315.654
315.826
315.306
314.215
312.578
310.744
309.084
307.811
306.793
306.02
305.604
305.5
305.536
305.676
305.891
306.098
306.207
306.175
306.041
305.852
305.637
305.212
304.433
303.559
302.791
302.152
301.846
301.776
301.879
302.104
302.365
302.569
302.697
302.758
302.7
302.509
302.122
301.399
300.407
299.158
297.789
296.309
295.119
294.186
293.723
293.261
293.173
293.032
292.936
292.888
292.862
292.842
292.832
292.831
292.839
292.857
292.889
292.935
292.988
293.032
293.055
293.059
293.046
293.023
292.99
292.956
292.924
292.895
292.865
292.837
292.819
292.811
292.817
292.841
292.889
292.95
292.992
293.002
293.003
293.002
293.002
293.005
293.014
293.033
293.061
293.08
293.084
293.082
293.07
293.048
293.021
293.005
293
293
293
293
293
293
293
293
293
293
293
293
293
293
293
293
293
293
293
293
293
293
293
293
293
293
293
293
293
293
293
293
293
293
293
293
293
293
293
293
293
293
293
293
293
293
293
293
293
293
293
293
313.018
313.631
313.617
312.8
311.352
309.576
307.721
305.968
304.373
303.014
301.99
301.232
300.668
300.291
300.039
299.913
299.824
299.713
299.555
299.326
299.047
298.756
298.379
297.899
297.345
296.848
296.481
296.323
296.302
296.408
296.615
296.856
297.09
297.283
297.397
297.372
297.239
297.003
296.619
296.124
295.487
294.844
294.215
293.796
293.449
293.224
292.983
292.964
292.93
292.906
292.885
292.869
292.852
292.841
292.837
292.843
292.86
292.893
292.939
292.991
293.032
293.052
293.055
293.041
293.017
292.985
292.952
292.921
292.893
292.864
292.836
292.82
292.814
292.82
292.845
292.893
292.953
292.993
293.003
293.004
293.003
293.003
293.006
293.015
293.035
293.062
293.08
293.084
293.081
293.069
293.046
293.02
293.004
293
293
293
293
293
293
293
293
293
293
293
293
293
293
293
293
293
293
293
293
293
293
293
293
293
293
293
293
293
293
293
293
293
293
293
293
293
293
293
293
293
293
293
293
293
293
293
293
293
293
293
293
309.648
309.258
308.797
308.197
307.291
306.115
304.728
303.206
301.703
300.412
299.38
298.577
297.935
297.455
297.1
296.774
296.495
296.242
295.989
295.714
295.402
295.075
294.738
294.398
294.057
293.777
293.62
293.594
293.639
293.75
293.923
294.129
294.358
294.572
294.73
294.788
294.753
294.648
294.459
294.223
293.941
293.684
293.437
293.255
293.116
293.017
292.89
292.874
292.866
292.874
292.876
292.871
292.857
292.847
292.843
292.847
292.864
292.897
292.944
292.994
293.033
293.05
293.051
293.035
293.012
292.98
292.947
292.917
292.89
292.862
292.836
292.821
292.816
292.823
292.849
292.898
292.956
292.995
293.003
293.004
293.003
293.003
293.007
293.016
293.036
293.063
293.08
293.084
293.081
293.068
293.045
293.019
293.004
293
293
293
293
293
293
293
293
293
293
293
293
293
293
293
293
293
293
293
293
293
293
293
293
293
293
293
293
293
293
293
293
293
293
293
293
293
293
293
293
293
293
293
293
293
293
293
293
293
293
293
293
302.414
302.534
302.567
302.588
302.401
301.912
301.213
300.354
299.38
298.387
297.493
296.807
296.287
295.859
295.535
295.233
294.94
294.668
294.396
294.103
293.803
293.508
293.239
293.011
292.815
292.652
292.537
292.497
292.511
292.573
292.683
292.831
293.013
293.203
293.377
293.505
293.565
293.565
293.508
293.415
293.299
293.184
293.08
293.007
292.958
292.922
292.863
292.85
292.847
292.858
292.867
292.868
292.86
292.852
292.848
292.852
292.869
292.903
292.95
292.998
293.033
293.047
293.046
293.03
293.005
292.974
292.942
292.914
292.887
292.86
292.835
292.822
292.818
292.826
292.853
292.903
292.96
292.996
293.004
293.005
293.004
293.004
293.007
293.017
293.038
293.064
293.08
293.083
293.08
293.067
293.043
293.018
293.004
293
293
293
293
293
293
293
293
293
293
293
293
293
293
293
293
293
293
293
293
293
293
293
293
293
293
293
293
293
293
293
293
293
293
293
293
293
293
293
293
293
293
293
293
293
293
293
293
293
293
293
293
293.734
295.061
296.033
296.777
297.372
297.692
297.718
297.516
297.108
296.598
296.08
295.632
295.259
294.914
294.621
294.384
294.161
293.937
293.717
293.488
293.265
293.046
292.825
292.626
292.461
292.353
292.282
292.239
292.221
292.235
292.288
292.379
292.5
292.64
292.788
292.921
293.019
293.069
293.068
293.033
292.985
292.944
292.915
292.9
292.893
292.886
292.853
292.841
292.839
292.848
292.859
292.863
292.859
292.855
292.851
292.857
292.875
292.91
292.956
293.002
293.033
293.044
293.041
293.024
292.999
292.967
292.936
292.909
292.884
292.858
292.835
292.823
292.82
292.83
292.858
292.908
292.964
292.997
293.004
293.005
293.004
293.005
293.008
293.019
293.04
293.066
293.08
293.083
293.079
293.065
293.042
293.017
293.003
293
293
293
293
293
293
293
293
293
293
293
293
293
293
293
293
293
293
293
293
293
293
293
293
293
293
293
293
293
293
293
293
293
293
293
293
293
293
293
293
293
293
293
293
293
293
293
293
293
293
293
293
287.574
289.625
291.302
292.63
293.642
294.363
294.826
295.064
295.12
295.05
294.9
294.72
294.555
294.375
294.168
293.963
293.764
293.562
293.373
293.194
293.034
292.883
292.731
292.58
292.445
292.338
292.256
292.204
292.172
292.167
292.198
292.262
292.357
292.471
292.584
292.682
292.755
292.801
292.83
292.84
292.839
292.839
292.845
292.854
292.864
292.867
292.846
292.836
292.836
292.844
292.854
292.858
292.858
292.856
292.855
292.862
292.882
292.918
292.963
293.006
293.033
293.041
293.035
293.017
292.991
292.96
292.931
292.905
292.88
292.855
292.834
292.824
292.823
292.834
292.864
292.914
292.969
292.999
293.005
293.005
293.005
293.006
293.009
293.021
293.042
293.067
293.08
293.082
293.078
293.064
293.04
293.016
293.003
293
293
293
293
293
293
293
293
293
293
293
293
293
293
293
293
293
293
293
293
293
293
293
293
293
293
293
293
293
293
293
293
293
293
293
293
293
293
293
293
293
293
293
293
293
293
293
293
293
293
293
293
284.198
286.335
288.217
289.77
291.009
291.963
292.703
293.246
293.613
293.844
293.969
294.009
294.003
293.957
293.859
293.727
293.575
293.413
293.254
293.099
292.958
292.828
292.712
292.597
292.488
292.401
292.336
292.295
292.27
292.267
292.289
292.331
292.392
292.464
292.535
292.602
292.655
292.693
292.722
292.745
292.767
292.79
292.815
292.836
292.851
292.857
292.845
292.838
292.836
292.841
292.849
292.854
292.856
292.857
292.858
292.868
292.89
292.927
292.97
293.01
293.032
293.038
293.029
293.01
292.983
292.953
292.924
292.9
292.876
292.853
292.834
292.825
292.825
292.838
292.87
292.921
292.973
293
293.005
293.006
293.005
293.006
293.011
293.022
293.044
293.069
293.08
293.082
293.077
293.062
293.038
293.014
293.002
293
293
293
293
293
293
293
293
293
293
293
293
293
293
293
293
293
293
293
293
293
293
293
293
293
293
293
293
293
293
293
293
293
293
293
293
293
293
293
293
293
293
293
293
293
293
293
293
293
293
293
293
283.273
285.149
286.83
288.285
289.549
290.596
291.438
292.104
292.616
292.997
293.273
293.46
293.575
293.626
293.615
293.55
293.448
293.331
293.208
293.086
292.967
292.851
292.746
292.651
292.567
292.497
292.445
292.415
292.399
292.403
292.42
292.448
292.483
292.52
292.558
292.595
292.626
292.654
292.681
292.711
292.742
292.774
292.805
292.829
292.845
292.853
292.847
292.842
292.838
292.84
292.845
292.852
292.856
292.858
292.863
292.875
292.899
292.936
292.978
293.013
293.031
293.034
293.022
293.002
292.974
292.944
292.918
292.895
292.872
292.85
292.834
292.826
292.828
292.843
292.877
292.928
292.978
293.002
293.006
293.006
293.006
293.007
293.012
293.025
293.047
293.071
293.08
293.082
293.076
293.06
293.035
293.013
293.002
293
293
293
293
293
293
293
293
293
293
293
293
293
293
293
293
293
293
293
293
293
293
293
293
293
293
293
293
293
293
293
293
293
293
293
293
293
293
293
293
293
293
293
293
293
293
293
293
293
293
293
293
283.741
285.101
286.437
287.679
288.791
289.774
290.625
291.342
291.931
292.403
292.772
293.047
293.234
293.345
293.389
293.382
293.336
293.262
293.175
293.085
292.991
292.896
292.805
292.721
292.647
292.584
292.539
292.51
292.496
292.496
292.508
292.529
292.553
292.579
292.602
292.62
292.64
292.662
292.687
292.718
292.75
292.782
292.81
292.833
292.849
292.856
292.852
292.844
292.838
292.837
292.841
292.85
292.856
292.862
292.869
292.883
292.909
292.945
292.985
293.016
293.029
293.028
293.014
292.993
292.965
292.936
292.911
292.89
292.868
292.847
292.834
292.828
292.832
292.848
292.885
292.936
292.983
293.003
293.006
293.007
293.006
293.008
293.013
293.027
293.05
293.072
293.08
293.081
293.074
293.058
293.033
293.011
293.002
293
293
293
293
293
293
293
293
293
293
293
293
293
293
293
293
293
293
293
293
293
293
293
293
293
293
293
293
293
293
293
293
293
293
293
293
293
293
293
293
293
293
293
293
293
293
293
293
293
293
293
293
285.053
285.842
286.759
287.698
288.596
289.437
290.22
290.91
291.51
292.005
292.404
292.714
292.944
293.098
293.183
293.214
293.207
293.176
293.124
293.062
292.993
292.917
292.84
292.767
292.702
292.648
292.607
292.581
292.568
292.565
292.57
292.583
292.599
292.617
292.634
292.648
292.666
292.686
292.712
292.741
292.772
292.802
292.827
292.844
292.856
292.86
292.853
292.84
292.832
292.831
292.84
292.851
292.86
292.867
292.876
292.892
292.919
292.955
292.992
293.018
293.026
293.021
293.006
292.983
292.954
292.927
292.904
292.884
292.864
292.845
292.834
292.83
292.836
292.855
292.893
292.945
292.988
293.005
293.007
293.007
293.007
293.009
293.015
293.03
293.053
293.074
293.08
293.08
293.073
293.055
293.03
293.009
293.001
293
293
293
293
293
293
293
293
293
293
293
293
293
293
293
293
293
293
293
293
293
293
293
293
293
293
293
293
293
293
293
293
293
293
293
293
293
293
293
293
293
293
293
293
293
293
293
293
293
293
293
293
286.517
286.979
287.534
288.152
288.806
289.463
290.093
290.694
291.233
291.704
292.099
292.419
292.666
292.845
292.962
293.029
293.057
293.06
293.043
293.006
292.958
292.902
292.842
292.784
292.732
292.688
292.654
292.632
292.618
292.613
292.612
292.618
292.625
292.636
292.65
292.664
292.684
292.708
292.736
292.765
292.795
292.82
292.839
292.851
292.855
292.853
292.842
292.827
292.821
292.826
292.84
292.855
292.866
292.873
292.884
292.902
292.93
292.966
292.999
293.018
293.022
293.013
292.996
292.971
292.943
292.918
292.898
292.879
292.86
292.843
292.835
292.833
292.84
292.862
292.903
292.954
292.993
293.006
293.008
293.008
293.008
293.01
293.017
293.033
293.056
293.076
293.08
293.08
293.071
293.052
293.027
293.008
293.001
293
293
293
293
293
293
293
293
293
293
293
293
293
293
293
293
293
293
293
293
293
293
293
293
293
293
293
293
293
293
293
293
293
293
293
293
293
293
293
293
293
293
293
293
293
293
293
293
293
293
293
293
287.745
288.035
288.376
288.783
289.232
289.711
290.19
290.658
291.103
291.507
291.863
292.161
292.402
292.59
292.729
292.826
292.887
292.919
292.929
292.918
292.89
292.855
292.816
292.777
292.741
292.709
292.681
292.661
292.646
292.638
292.634
292.635
292.638
292.646
292.658
292.675
292.698
292.725
292.754
292.782
292.806
292.825
292.836
292.839
292.837
292.83
292.817
292.808
292.811
292.826
292.846
292.863
292.874
292.882
292.893
292.912
292.942
292.976
293.004
293.016
293.016
293.003
292.984
292.958
292.931
292.909
292.891
292.873
292.856
292.842
292.835
292.836
292.846
292.871
292.914
292.964
292.997
293.007
293.008
293.008
293.009
293.012
293.02
293.037
293.06
293.077
293.081
293.079
293.069
293.048
293.023
293.006
293.001
293
293
293
293
293
293
293
293
293
293
293
293
293
293
293
293
293
293
293
293
293
293
293
293
293
293
293
293
293
293
293
293
293
293
293
293
293
293
293
293
293
293
293
293
293
293
293
293
293
293
293
293
288.79
288.919
289.115
289.367
289.67
290.015
290.381
290.74
291.087
291.409
291.705
291.97
292.195
292.38
292.527
292.641
292.724
292.779
292.809
292.818
292.812
292.797
292.778
292.759
292.74
292.723
292.706
292.688
292.673
292.662
292.656
292.653
292.655
292.663
292.676
292.694
292.718
292.743
292.767
292.787
292.802
292.81
292.812
292.809
292.804
292.799
292.794
292.796
292.81
292.833
292.857
292.874
292.883
292.89
292.902
292.923
292.954
292.985
293.006
293.013
293.007
292.993
292.971
292.944
292.919
292.9
292.884
292.868
292.852
292.841
292.837
292.839
292.852
292.882
292.927
292.974
293.001
293.008
293.009
293.009
293.01
293.013
293.023
293.041
293.064
293.078
293.081
293.078
293.066
293.044
293.02
293.005
293
293
293
293
293
293
293
293
293
293
293
293
293
293
293
293
293
293
293
293
293
293
293
293
293
293
293
293
293
293
293
293
293
293
293
293
293
293
293
293
293
293
293
293
293
293
293
293
293
293
293
293
293
289.723
289.72
289.783
289.909
290.085
290.311
290.575
290.857
291.135
291.397
291.64
291.863
292.066
292.244
292.392
292.512
292.605
292.673
292.718
292.745
292.757
292.759
292.757
292.752
292.747
292.74
292.733
292.723
292.713
292.705
292.701
292.699
292.701
292.707
292.717
292.731
292.746
292.762
292.775
292.785
292.79
292.79
292.788
292.785
292.783
292.782
292.785
292.798
292.822
292.851
292.874
292.886
292.891
292.898
292.912
292.936
292.966
292.993
293.006
293.007
292.996
292.98
292.955
292.929
292.908
292.892
292.877
292.863
292.849
292.842
292.839
292.844
292.861
292.894
292.94
292.983
293.005
293.009
293.01
293.009
293.011
293.015
293.026
293.046
293.068
293.079
293.08
293.076
293.062
293.039
293.016
293.003
293
293
293
293
293
293
293
293
293
293
293
293
293
293
293
293
293
293
293
293
293
293
293
293
293
293
293
293
293
293
293
293
293
293
293
293
293
293
293
293
293
293
293
293
293
293
293
293
293
293
293
293
293
290.525
290.442
290.419
290.443
290.515
290.637
290.802
291.001
291.216
291.431
291.637
291.828
292.004
292.167
292.31
292.431
292.528
292.603
292.659
292.699
292.725
292.742
292.751
292.755
292.758
292.76
292.763
292.766
292.767
292.768
292.771
292.773
292.776
292.778
292.78
292.782
292.784
292.786
292.788
292.789
292.788
292.785
292.783
292.782
292.783
292.786
292.796
292.819
292.848
292.874
292.889
292.894
292.898
292.907
292.924
292.95
292.977
292.996
293.003
292.997
292.984
292.964
292.938
292.915
292.897
292.884
292.871
292.858
292.848
292.842
292.842
292.85
292.871
292.908
292.954
292.992
293.007
293.01
293.01
293.01
293.012
293.017
293.03
293.051
293.072
293.079
293.08
293.074
293.058
293.034
293.013
293.002
293
293
293
293
293
293
293
293
293
293
293
293
293
293
293
293
293
293
293
293
293
293
293
293
293
293
293
293
293
293
293
293
293
293
293
293
293
293
293
293
293
293
293
293
293
293
293
293
293
293
293
293
293
291.161
291.05
290.976
290.945
290.949
290.989
291.074
291.196
291.344
291.506
291.672
291.834
291.985
292.125
292.254
292.369
292.467
292.546
292.609
292.658
292.695
292.722
292.741
292.754
292.763
292.772
292.78
292.79
292.8
292.809
292.817
292.824
292.828
292.83
292.83
292.827
292.823
292.819
292.814
292.81
292.806
292.803
292.803
292.804
292.808
292.815
292.829
292.855
292.878
292.892
292.898
292.9
292.905
292.917
292.938
292.964
292.985
292.996
292.995
292.985
292.968
292.945
292.921
292.901
292.887
292.876
292.865
292.855
292.847
292.844
292.846
292.858
292.884
292.924
292.969
292.999
293.009
293.011
293.011
293.011
293.014
293.02
293.035
293.057
293.075
293.08
293.079
293.071
293.053
293.029
293.009
293.001
293
293
293
293
293
293
293
293
293
293
293
293
293
293
293
293
293
293
293
293
293
293
293
293
293
293
293
293
293
293
293
293
293
293
293
293
293
293
293
293
293
293
293
293
293
293
293
293
293
293
293
293
293
291.64
291.523
291.432
291.367
291.335
291.33
291.353
291.414
291.505
291.616
291.739
291.865
291.99
292.107
292.217
292.318
292.41
292.49
292.556
292.61
292.654
292.689
292.717
292.738
292.754
292.768
292.781
292.793
292.806
292.817
292.827
292.834
292.84
292.844
292.847
292.848
292.847
292.845
292.841
292.838
292.836
292.835
292.836
292.839
292.845
292.852
292.866
292.884
292.895
292.9
292.902
292.905
292.914
292.931
292.954
292.975
292.988
292.99
292.982
292.969
292.949
292.925
292.903
292.889
292.879
292.87
292.861
292.852
292.847
292.847
292.852
292.869
292.899
292.942
292.983
293.005
293.011
293.012
293.012
293.012
293.016
293.024
293.041
293.063
293.077
293.08
293.078
293.067
293.047
293.023
293.006
293.001
293
293
293
293
293
293
293
293
293
293
293
293
293
293
293
293
293
293
293
293
293
293
293
293
293
293
293
293
293
293
293
293
293
293
293
293
293
293
293
293
293
293
293
293
293
293
293
293
293
293
293
293
293
291.992
291.883
291.79
291.714
291.657
291.625
291.616
291.629
291.671
291.739
291.823
291.915
292.012
292.109
292.201
292.288
292.369
292.444
292.511
292.568
292.616
292.657
292.69
292.719
292.742
292.762
292.778
292.792
292.805
292.816
292.826
292.833
292.839
292.844
292.848
292.852
292.854
292.855
292.854
292.854
292.854
292.856
292.859
292.864
292.87
292.877
292.887
292.897
292.901
292.903
292.907
292.915
292.93
292.948
292.967
292.979
292.983
292.977
292.966
292.949
292.926
292.904
292.888
292.879
292.871
292.864
292.857
292.851
292.849
292.851
292.861
292.883
292.918
292.96
292.995
293.009
293.012
293.013
293.012
293.014
293.018
293.029
293.048
293.069
293.079
293.08
293.076
293.063
293.04
293.017
293.004
293
293
293
293
293
293
293
293
293
293
293
293
293
293
293
293
293
293
293
293
293
293
293
293
293
293
293
293
293
293
293
293
293
293
293
293
293
293
293
293
293
293
293
293
293
293
293
293
293
293
293
293
293
293
292.236
292.145
292.062
291.988
291.927
291.879
291.849
291.837
291.842
291.87
291.921
291.984
292.053
292.128
292.205
292.281
292.353
292.422
292.486
292.545
292.597
292.641
292.679
292.712
292.74
292.764
292.784
292.8
292.813
292.823
292.832
292.838
292.844
292.849
292.853
292.856
292.859
292.861
292.863
292.865
292.868
292.872
292.877
292.882
292.888
292.894
292.9
292.904
292.907
292.911
292.92
292.932
292.947
292.961
292.971
292.974
292.97
292.96
292.945
292.924
292.902
292.885
292.876
292.87
292.866
292.86
292.855
292.852
292.852
292.858
292.873
292.901
292.939
292.979
293.004
293.012
293.014
293.014
293.013
293.016
293.022
293.035
293.056
293.074
293.08
293.08
293.073
293.056
293.032
293.012
293.002
293
293
293
293
293
293
293
293
293
293
293
293
293
293
293
293
293
293
293
293
293
293
293
293
293
293
293
293
293
293
293
293
293
293
293
293
293
293
293
293
293
293
293
293
293
293
293
293
293
293
293
293
293
293
292.395
292.322
292.253
292.19
292.134
292.086
292.049
292.024
292.013
292.014
292.035
292.073
292.12
292.173
292.232
292.294
292.358
292.421
292.481
292.539
292.593
292.641
292.683
292.719
292.751
292.777
292.799
292.818
292.833
292.845
292.854
292.861
292.867
292.871
292.875
292.877
292.88
292.882
292.885
292.888
292.892
292.897
292.902
292.906
292.91
292.912
292.914
292.916
292.92
292.927
292.937
292.947
292.956
292.962
292.963
292.959
292.951
292.937
292.918
292.897
292.88
292.872
292.867
292.864
292.861
292.858
292.855
292.854
292.857
292.868
292.89
292.922
292.961
292.994
293.01
293.014
293.015
293.014
293.015
293.018
293.027
293.043
293.064
293.078
293.081
293.078
293.068
293.048
293.024
293.007
293.001
293
293
293
293
293
293
293
293
293
293
293
293
293
293
293
293
293
293
293
293
293
293
293
293
293
293
293
293
293
293
293
293
293
293
293
293
293
293
293
293
293
293
293
293
293
293
293
293
293
293
293
293
293
293
292.508
292.445
292.386
292.332
292.283
292.24
292.205
292.177
292.159
292.152
292.155
292.173
292.204
292.242
292.285
292.333
292.383
292.436
292.489
292.543
292.594
292.643
292.687
292.726
292.761
292.79
292.815
292.836
292.853
292.867
292.878
292.887
292.894
292.9
292.903
292.907
292.909
292.912
292.915
292.918
292.921
292.924
292.926
292.927
292.927
292.927
292.927
292.928
292.933
292.939
292.945
292.949
292.951
292.949
292.946
292.938
292.925
292.907
292.888
292.872
292.865
292.863
292.862
292.861
292.859
292.857
292.856
292.859
292.867
292.884
292.911
292.947
292.983
293.006
293.014
293.016
293.016
293.015
293.017
293.022
293.033
293.053
293.072
293.08
293.081
293.076
293.061
293.038
293.016
293.003
293
293
293
293
293
293
293
293
293
293
293
293
293
293
293
293
293
293
293
293
293
293
293
293
293
293
293
293
293
293
293
293
293
293
293
293
293
293
293
293
293
293
293
293
293
293
293
293
293
293
293
293
293
293
293
292.616
292.558
292.503
292.452
292.406
292.365
292.33
292.302
292.28
292.267
292.262
292.266
292.282
292.309
292.341
292.377
292.416
292.458
292.501
292.544
292.588
292.632
292.674
292.713
292.748
292.778
292.805
292.827
292.845
292.861
292.874
292.885
292.894
292.901
292.907
292.913
292.917
292.921
292.924
292.926
292.928
292.929
292.93
292.93
292.929
292.929
292.929
292.93
292.933
292.935
292.935
292.934
292.932
292.928
292.919
292.907
292.892
292.875
292.862
292.858
292.857
292.858
292.859
292.86
292.859
292.859
292.861
292.868
292.882
292.905
292.937
292.973
293.001
293.014
293.017
293.017
293.016
293.016
293.019
293.027
293.042
293.063
293.078
293.081
293.08
293.07
293.052
293.028
293.009
293.001
293
293
293
293
293
293
293
293
293
293
293
293
293
293
293
293
293
293
293
293
293
293
293
293
293
293
293
293
293
293
293
293
293
293
293
293
293
293
293
293
293
293
293
293
293
293
293
293
293
293
293
293
293
293
293
292.751
292.697
292.644
292.593
292.545
292.501
292.461
292.427
292.398
292.376
292.361
292.354
292.356
292.365
292.384
292.409
292.437
292.469
292.501
292.534
292.567
292.601
292.635
292.669
292.701
292.73
292.757
292.781
292.802
292.821
292.837
292.85
292.862
292.872
292.88
292.886
292.892
292.897
292.9
292.903
292.905
292.906
292.907
292.907
292.907
292.907
292.909
292.911
292.913
292.913
292.912
292.909
292.903
292.894
292.884
292.871
292.859
292.851
292.85
292.85
292.853
292.857
292.86
292.861
292.862
292.865
292.871
292.884
292.904
292.933
292.966
292.995
293.013
293.018
293.019
293.018
293.017
293.019
293.024
293.035
293.054
293.073
293.081
293.081
293.076
293.062
293.04
293.017
293.004
293
293
293
293
293
293
293
293
293
293
293
293
293
293
293
293
293
293
293
293
293
293
293
293
293
293
293
293
293
293
293
293
293
293
293
293
293
293
293
293
293
293
293
293
293
293
293
293
293
293
293
293
293
293
293
293
292.909
292.862
292.814
292.766
292.717
292.67
292.625
292.583
292.545
292.512
292.484
292.462
292.446
292.439
292.439
292.446
292.46
292.478
292.499
292.521
292.546
292.571
292.594
292.616
292.637
292.66
292.682
292.704
292.725
292.744
292.762
292.778
292.792
292.805
292.816
292.825
292.834
292.841
292.847
292.851
292.855
292.859
292.862
292.865
292.867
292.87
292.874
292.877
292.878
292.877
292.874
292.87
292.864
292.856
292.848
292.843
292.841
292.841
292.844
292.849
292.855
292.86
292.863
292.865
292.869
292.876
292.888
292.907
292.933
292.964
292.993
293.012
293.019
293.02
293.019
293.018
293.019
293.022
293.031
293.047
293.067
293.08
293.082
293.08
293.07
293.05
293.027
293.009
293.001
293
293
293
293
293
293
293
293
293
293
293
293
293
293
293
293
293
293
293
293
293
293
293
293
293
293
293
293
293
293
293
293
293
293
293
293
293
293
293
293
293
293
293
293
293
293
293
293
293
293
293
293
293
293
293
293
293.052
293.018
292.981
292.943
292.903
292.86
292.817
292.774
292.731
292.69
292.651
292.616
292.585
292.559
292.539
292.525
292.519
292.519
292.524
292.533
292.544
292.557
292.572
292.588
292.605
292.621
292.636
292.651
292.665
292.678
292.691
292.703
292.715
292.727
292.738
292.748
292.758
292.767
292.775
292.783
292.79
292.797
292.803
292.809
292.815
292.819
292.825
292.83
292.832
292.833
292.832
292.831
292.83
292.83
292.83
292.831
292.834
292.84
292.847
292.855
292.861
292.866
292.87
292.875
292.883
292.895
292.913
292.938
292.966
292.994
293.013
293.02
293.022
293.021
293.019
293.019
293.022
293.028
293.042
293.061
293.078
293.082
293.082
293.075
293.058
293.035
293.014
293.003
293
293
293
293
293
293
293
293
293
293
293
293
293
293
293
293
293
293
293
293
293
293
293
293
293
293
293
293
293
293
293
293
293
293
293
293
293
293
293
293
293
293
293
293
293
293
293
293
293
293
293
293
293
293
293
293
293
293.138
293.116
293.093
293.068
293.041
293.013
292.983
292.951
292.916
292.88
292.843
292.805
292.768
292.733
292.7
292.67
292.645
292.625
292.61
292.6
292.595
292.594
292.596
292.601
292.607
292.615
292.624
292.634
292.644
292.654
292.665
292.676
292.686
292.696
292.705
292.714
292.723
292.731
292.739
292.747
292.754
292.76
292.767
292.773
292.778
292.783
292.789
292.796
292.801
292.806
292.81
292.813
292.816
292.819
292.824
292.831
292.839
292.848
292.857
292.865
292.871
292.877
292.883
292.892
292.906
292.924
292.948
292.974
292.999
293.015
293.022
293.023
293.022
293.021
293.02
293.022
293.028
293.039
293.058
293.076
293.082
293.083
293.078
293.064
293.043
293.02
293.006
293.001
293
293
293
293
293
293
293
293
293
293
293
293
293
293
293
293
293
293
293
293
293
293
293
293
293
293
293
293
293
293
293
293
293
293
293
293
293
293
293
293
293
293
293
293
293
293
293
293
293
293
293
293
293
293
293
293
293
293.17
293.157
293.142
293.125
293.108
293.09
293.071
293.051
293.03
293.007
292.983
292.957
292.929
292.9
292.87
292.84
292.811
292.782
292.757
292.733
292.714
292.697
292.685
292.675
292.669
292.666
292.665
292.666
292.669
292.673
292.678
292.683
292.689
292.695
292.702
292.709
292.715
292.722
292.728
292.735
292.741
292.747
292.753
292.758
292.763
292.768
292.774
292.782
292.789
292.796
292.803
292.81
292.818
292.826
292.835
292.845
292.855
292.865
292.874
292.881
292.888
292.896
292.907
292.921
292.94
292.962
292.986
293.007
293.02
293.024
293.025
293.024
293.022
293.022
293.023
293.028
293.039
293.057
293.074
293.083
293.083
293.08
293.068
293.048
293.025
293.008
293.001
293
293
293
293
293
293
293
293
293
293
293
293
293
293
293
293
293
293
293
293
293
293
293
293
293
293
293
293
293
293
293
293
293
293
293
293
293
293
293
293
293
293
293
293
293
293
293
293
293
293
293
293
293
293
293
293
293
293
293.172
293.163
293.153
293.142
293.131
293.118
293.105
293.092
293.077
293.062
293.046
293.03
293.012
292.994
292.974
292.954
292.932
292.911
292.889
292.867
292.847
292.827
292.809
292.793
292.779
292.767
292.757
292.749
292.743
292.739
292.736
292.735
292.735
292.736
292.737
292.74
292.742
292.746
292.749
292.753
292.757
292.761
292.766
292.77
292.774
292.778
292.784
292.792
292.8
292.809
292.818
292.828
292.838
292.848
292.859
292.87
292.879
292.888
292.897
292.905
292.915
292.927
292.943
292.962
292.982
293.001
293.016
293.024
293.026
293.026
293.025
293.024
293.023
293.025
293.03
293.041
293.058
293.075
293.083
293.084
293.08
293.069
293.05
293.028
293.01
293.002
293
293
293
293
293
293
293
293
293
293
293
293
293
293
293
293
293
293
293
293
293
293
293
293
293
293
293
293
293
293
293
293
293
293
293
293
293
293
293
293
293
293
293
293
293
293
293
293
293
293
293
293
293
293
293
293
293
293
293
293.177
293.168
293.159
293.15
293.141
293.131
293.121
293.111
293.1
293.089
293.077
293.066
293.054
293.041
293.028
293.015
293.001
292.987
292.973
292.958
292.943
292.928
292.914
292.9
292.886
292.874
292.862
292.851
292.841
292.833
292.826
292.819
292.814
292.81
292.807
292.805
292.803
292.803
292.803
292.803
292.804
292.806
292.808
292.81
292.813
292.815
292.82
292.828
292.836
292.845
292.854
292.864
292.874
292.884
292.894
292.903
292.912
292.921
292.931
292.942
292.956
292.971
292.988
293.003
293.016
293.025
293.027
293.028
293.027
293.026
293.026
293.026
293.028
293.034
293.046
293.062
293.077
293.083
293.083
293.08
293.069
293.05
293.028
293.011
293.002
293
293
293
293
293
293
293
293
293
293
293
293
293
293
293
293
293
293
293
293
293
293
293
293
293
293
293
293
293
293
293
293
293
293
293
293
293
293
293
293
293
293
293
293
293
293
293
293
293
293
293
293
293
293
293
293
293
293
293
293
293.202
293.191
293.181
293.172
293.163
293.154
293.146
293.137
293.128
293.119
293.11
293.101
293.092
293.083
293.074
293.065
293.055
293.045
293.036
293.026
293.015
293.005
292.995
292.984
292.974
292.964
292.954
292.944
292.935
292.927
292.919
292.912
292.905
292.899
292.894
292.89
292.886
292.883
292.881
292.879
292.878
292.877
292.877
292.877
292.878
292.88
292.882
292.887
292.893
292.9
292.907
292.915
292.923
292.931
292.939
292.948
292.957
292.967
292.978
292.989
293.001
293.013
293.021
293.027
293.029
293.03
293.03
293.029
293.029
293.028
293.03
293.033
293.041
293.053
293.067
293.079
293.082
293.083
293.078
293.066
293.047
293.026
293.01
293.002
293
293
293
293
293
293
293
293
293
293
293
293
293
293
293
293
293
293
293
293
293
293
293
293
293
293
293
293
293
293
293
293
293
293
293
293
293
293
293
293
293
293
293
293
293
293
293
293
293
293
293
293
293
293
293
293
293
293
293
293
293
293.229
293.217
293.207
293.197
293.188
293.18
293.173
293.165
293.158
293.151
293.144
293.137
293.13
293.124
293.117
293.11
293.104
293.097
293.09
293.084
293.077
293.07
293.063
293.055
293.048
293.041
293.034
293.027
293.02
293.014
293.007
293.001
292.996
292.99
292.985
292.981
292.977
292.973
292.97
292.967
292.965
292.963
292.961
292.96
292.959
292.959
292.959
292.961
292.963
292.967
292.971
292.976
292.981
292.987
292.993
292.999
293.006
293.013
293.02
293.025
293.029
293.031
293.032
293.032
293.032
293.032
293.032
293.032
293.033
293.035
293.041
293.05
293.062
293.074
293.08
293.082
293.08
293.074
293.06
293.042
293.022
293.008
293.002
293
293
293
293
293
293
293
293
293
293
293
293
293
293
293
293
293
293
293
293
293
293
293
293
293
293
293
293
293
293
293
293
293
293
293
293
293
293
293
293
293
293
293
293
293
293
293
293
293
293
293
293
293
293
293
293
293
293
293
293
293
293
293.247
293.235
293.224
293.214
293.205
293.196
293.189
293.182
293.175
293.169
293.164
293.158
293.153
293.147
293.142
293.137
293.132
293.127
293.122
293.117
293.113
293.108
293.104
293.099
293.095
293.091
293.087
293.083
293.079
293.075
293.071
293.067
293.063
293.06
293.056
293.053
293.05
293.047
293.044
293.041
293.039
293.037
293.035
293.033
293.032
293.03
293.029
293.028
293.027
293.027
293.028
293.028
293.03
293.031
293.032
293.034
293.035
293.035
293.036
293.036
293.036
293.036
293.036
293.035
293.035
293.036
293.037
293.04
293.045
293.052
293.062
293.071
293.077
293.08
293.08
293.076
293.067
293.052
293.033
293.017
293.006
293.001
293
293
293
293
293
293
293
293
293
293
293
293
293
293
293
293
293
293
293
293
293
293
293
293
293
293
293
293
293
293
293
293
293
293
293
293
293
293
293
293
293
293
293
293
293
293
293
293
293
293
293
293
293
293
293
293
293
293
293
293
293
293
293
293.254
293.243
293.233
293.223
293.214
293.206
293.197
293.19
293.182
293.176
293.169
293.164
293.159
293.154
293.149
293.145
293.141
293.137
293.133
293.13
293.126
293.123
293.119
293.116
293.112
293.109
293.106
293.103
293.099
293.096
293.094
293.091
293.088
293.086
293.083
293.081
293.078
293.076
293.074
293.072
293.07
293.068
293.066
293.064
293.063
293.061
293.059
293.056
293.054
293.051
293.049
293.048
293.046
293.045
293.043
293.043
293.042
293.041
293.041
293.04
293.04
293.04
293.041
293.042
293.044
293.047
293.051
293.058
293.065
293.071
293.075
293.077
293.078
293.075
293.068
293.056
293.04
293.023
293.01
293.003
293.001
293
293
293
293
293
293
293
293
293
293
293
293
293
293
293
293
293
293
293
293
293
293
293
293
293
293
293
293
293
293
293
293
293
293
293
293
293
293
293
293
293
293
293
293
293
293
293
293
293
293
293
293
293
293
293
293
293
293
293
293
293
293
293
293
293.252
293.243
293.235
293.227
293.219
293.211
293.203
293.195
293.188
293.182
293.175
293.169
293.164
293.158
293.153
293.148
293.143
293.139
293.135
293.131
293.127
293.124
293.12
293.117
293.114
293.111
293.109
293.106
293.104
293.101
293.099
293.096
293.094
293.092
293.09
293.088
293.085
293.083
293.081
293.079
293.077
293.076
293.074
293.072
293.07
293.069
293.066
293.063
293.06
293.058
293.055
293.053
293.052
293.05
293.049
293.048
293.048
293.048
293.048
293.048
293.049
293.051
293.053
293.057
293.061
293.065
293.068
293.071
293.074
293.075
293.075
293.072
293.066
293.055
293.041
293.026
293.014
293.005
293.001
293
293
293
293
293
293
293
293
293
293
293
293
293
293
293
293
293
293
293
293
293
293
293
293
293
293
293
293
293
293
293
293
293
293
293
293
293
293
293
293
293
293
293
293
293
293
293
293
293
293
293
293
293
293
293
293
293
293
293
293
293
293
293
293
293
293
293.231
293.228
293.223
293.219
293.213
293.208
293.202
293.196
293.19
293.185
293.179
293.174
293.169
293.163
293.158
293.153
293.149
293.144
293.14
293.136
293.132
293.129
293.125
293.122
293.119
293.115
293.112
293.11
293.107
293.104
293.101
293.099
293.096
293.094
293.092
293.09
293.088
293.086
293.084
293.082
293.08
293.078
293.077
293.075
293.074
293.072
293.07
293.068
293.066
293.064
293.062
293.06
293.059
293.059
293.058
293.058
293.059
293.06
293.061
293.063
293.064
293.066
293.068
293.069
293.071
293.072
293.073
293.072
293.071
293.067
293.06
293.05
293.038
293.025
293.014
293.006
293.002
293
293
293
293
293
293
293
293
293
293
293
293
293
293
293
293
293
293
293
293
293
293
293
293
293
293
293
293
293
293
293
293
293
293
293
293
293
293
293
293
293
293
293
293
293
293
293
293
293
293
293
293
293
293
293
293
293
293
293
293
293
293
293
293
293
293
293
293
293.172
293.177
293.181
293.183
293.184
293.184
293.183
293.181
293.179
293.176
293.173
293.169
293.166
293.162
293.159
293.155
293.151
293.148
293.145
293.141
293.138
293.134
293.131
293.128
293.125
293.122
293.119
293.116
293.113
293.111
293.108
293.106
293.104
293.101
293.099
293.097
293.095
293.093
293.091
293.09
293.088
293.087
293.085
293.084
293.082
293.081
293.079
293.077
293.076
293.074
293.073
293.072
293.071
293.071
293.071
293.07
293.07
293.07
293.071
293.071
293.071
293.072
293.072
293.071
293.07
293.068
293.064
293.058
293.051
293.042
293.031
293.02
293.012
293.005
293.002
293.001
293
293
293
293
293
293
293
293
293
293
293
293
293
293
293
293
293
293
293
293
293
293
293
293
293
293
293
293
293
293
293
293
293
293
293
293
293
293
293
293
293
293
293
293
293
293
293
293
293
293
293
293
293
293
293
293
293
293
293
293
293
293
293
293
293
293
293
293
293
293.084
293.094
293.103
293.111
293.118
293.124
293.129
293.133
293.136
293.139
293.14
293.141
293.142
293.141
293.141
293.14
293.139
293.137
293.136
293.134
293.132
293.13
293.128
293.126
293.124
293.122
293.12
293.118
293.116
293.114
293.112
293.11
293.108
293.106
293.105
293.103
293.101
293.1
293.098
293.097
293.095
293.094
293.092
293.091
293.09
293.089
293.087
293.085
293.083
293.081
293.08
293.079
293.078
293.077
293.076
293.075
293.074
293.073
293.071
293.07
293.068
293.065
293.062
293.058
293.052
293.046
293.038
293.03
293.021
293.014
293.008
293.004
293.001
293
293
293
293
293
293
293
293
293
293
293
293
293
293
293
293
293
293
293
293
293
293
293
293
293
293
293
293
293
293
293
293
293
293
293
293
293
293
293
293
293
293
293
293
293
293
293
293
293
293
293
293
293
293
293
293
293
293
293
293
293
293
293
293
293
293
293
293
293
293
293
293
293.02
293.025
293.031
293.037
293.043
293.049
293.055
293.061
293.067
293.072
293.077
293.082
293.086
293.09
293.093
293.095
293.098
293.1
293.101
293.102
293.103
293.104
293.104
293.104
293.104
293.104
293.103
293.103
293.102
293.101
293.1
293.099
293.098
293.097
293.096
293.095
293.094
293.093
293.092
293.091
293.09
293.089
293.088
293.087
293.086
293.085
293.083
293.082
293.08
293.078
293.076
293.074
293.072
293.07
293.068
293.065
293.063
293.06
293.056
293.052
293.047
293.042
293.036
293.029
293.023
293.017
293.011
293.007
293.004
293.002
293.001
293
293
293
293
293
293
293
293
293
293
293
293
293
293
293
293
293
293
293
293
293
293
293
293
293
293
293
293
293
293
293
293
293
293
293
293
293
293
293
293
293
293
293
293
293
293
293
293
293
293
293
293
293
293
293
293
293
293
293
293
293
293
293
293
293
293
293
293
293
293
293
293
293
293
293.002
293.003
293.004
293.005
293.006
293.008
293.01
293.013
293.015
293.018
293.021
293.024
293.027
293.031
293.034
293.037
293.04
293.043
293.046
293.048
293.051
293.053
293.055
293.057
293.059
293.06
293.062
293.063
293.064
293.065
293.065
293.066
293.066
293.066
293.067
293.067
293.067
293.066
293.066
293.066
293.065
293.065
293.065
293.064
293.063
293.063
293.061
293.06
293.058
293.056
293.054
293.051
293.048
293.045
293.042
293.038
293.034
293.03
293.026
293.022
293.018
293.013
293.01
293.007
293.004
293.002
293.001
293.001
293
293
293
293
293
293
293
293
293
293
293
293
293
293
293
293
293
293
293
293
293
293
293
293
293
293
293
293
293
293
293
293
293
293
293
293
293
293
293
293
293
293
293
293
293
293
293
293
293
293
293
293
293
293
293
293
293
293
293
293
293
293
293
293
293
293
293
293
293
293
293
293
293
293
293
293
293
293
293
293
293
293
293
293.001
293.001
293.001
293.002
293.002
293.003
293.003
293.004
293.005
293.006
293.007
293.008
293.009
293.01
293.011
293.012
293.014
293.015
293.016
293.017
293.018
293.02
293.021
293.021
293.022
293.023
293.024
293.025
293.025
293.026
293.026
293.026
293.027
293.027
293.027
293.027
293.027
293.027
293.027
293.026
293.026
293.025
293.024
293.022
293.021
293.019
293.017
293.015
293.013
293.011
293.009
293.007
293.005
293.004
293.003
293.002
293.001
293.001
293
293
293
293
293
293
293
293
293
293
293
293
293
293
293
293
293
293
293
293
293
293
293
293
293
293
293
293
293
293
293
293
293
293
293
293
293
293
293
293
293
293
293
293
293
293
293
293
293
293
293
293
293
293
293
293
293
293
293
293
293
293
293
293
293
293
293
293
293
293
293
293
293
293
293
293
293
293
293
293
293
293
293
293
293
293
293
293
293
293
293
293
293
293
293
293
293
293
293
293.001
293.001
293.001
293.001
293.001
293.001
293.002
293.002
293.002
293.002
293.002
293.003
293.003
293.003
293.003
293.003
293.004
293.004
293.004
293.004
293.004
293.004
293.004
293.004
293.004
293.004
293.004
293.004
293.004
293.004
293.004
293.003
293.003
293.003
293.002
293.002
293.001
293.001
293.001
293
293
293
293
293
293
293
293
293
293
293
293
293
293
293
293
293
293
293
293
293
293
293
293
293
293
293
293
293
293
293
293
293
293
293
293
293
293
293
293
293
293
293
293
293
293
293
293
293
293
293
293
293
293
293
293
293
293
293
293
293
293
293
293
293
293
293
293
293
293
293
293
293
293
293
293
293
293
293
293
293
293
293
293
293
293
293
293
293
293
293
293
293
293
293
293
293
293
293
293
293
293
293
293
293
293
293
293
293
293
293
293
293
293
293
293
293
293
293
293
293
293
293
293
293
293
293
293
293
293
293
293
293
293
293
293
293
293
293
293
293
293
293
293
293
293
293
293
293
293
293
293
293
293
293
293
293
293
293
293
293
293
293
293
293
293
293
293
293
293
293
293
293
293
293
293
293
293
293
293
293
293
293
293
293
293
293
293
293
293
293
293
293
293
293
293
293
293
293
293
293
293
293
293
293
293
293
293
293
293
293
293
293
293
293
293
293
293
293
293
293
293
293
293
293
293
293
293
293
293
293
293
293
293
293
293
293
293
293
293
293
293
293
293
293
293
293
293
293
293
293
293
293
293
293
293
293
293
293
293
293
293
293
293
293
293
293
293
293
293
293
293
293
293
293
293
293
293
293
293
293
293
293
293
293
293
293
293
293
293
293
293
293
293
293
293
293
293
293
293
293
293
293
293
293
293
293
293
293
293
293
293
293
293
293
293
293
293
293
293
293
293
293
293
293
293
293
293
293
293
293
293
293
293
293
293
293
293
293
293
293
293
293
293
293
293
293
293
293
293
293
293
293
293
293
293
293
293
293
293
293
293
293
293
293
293
293
293
293
293
293
293
293
293
293
293
293
293
293
293
293
293
293
293
293
293
293
293
293
293
293
293
293
293
293
293
293
293
293
293
293
293
293
293
293
293
293
293
293
293
293
293
293
293
293
293
293
293
293
293
293
293
293
293
293
293
293
293
293
293
293
293
293
293
293
293
293
293
293
293
293
293
293
293
293
293
293
293
293
293
293
293
293
293
293
293
293
293
293
293
293
293
293
293
293
293
293
293
293
293
293
293
293
293
293
293
293
293
293
293
293
293
293
293
293
293
293
293
293
293
293
293
293
293
293
293
293
293
293
293
293
293
293
293
293
293
293
293
293
293
293
293
293
293
293
293
293
293
293
293
293
293
293
293
293
293
293
293
293
293
293
293
293
293
293
293
293
293
293
293
293
293
293
293
293
293
293
293
293
293
293
293
293
293
293
293
293
293
293
293
293
293
293
293
293
293
293
293
293
293
293
293
293
293
293
293
293
293
293
293
293
293
293
293
293
293
293
293
293
293
293
293
293
293
293
293
293
293
293
293
293
293
293
293
293
293
293
293
293
293
293
293
293
293
293
293
293
293
293
293
293
293
293
293
293
293
293
293
293
293
293
293
293
293
293
293
293
293
293
293
293
293
293
293
293
293
293
293
293
293
293
293
293
293
293
293
293
293
293
293
293
293
293
293
293
293
293
293
293
293
293
293
293
293
293
293
293
293
293
293
293
293
293
293
293
293
293
293
293
293
293
293
293
293
293
293
293
293
293
293
293
293
293
293
293
293
293
293
293
293
293
293
293
293
293
293
293
293
293
293
293.006
293.024
293.051
293.074
293.085
293.086
293.081
293.059
293.03
293.01
293.002
292.999
293
293.002
293.001
292.989
292.941
292.877
292.828
292.806
292.802
292.812
292.836
292.868
292.902
292.935
292.971
293.008
293.042
293.065
293.076
293.067
293.035
292.982
292.922
292.876
292.846
292.825
292.808
292.803
292.806
292.819
292.86
292.959
293.391
295.338
301.474
293
293
293
293
293
293
293
293
293
293
293
293
293
293
293
293
293
293
293
293
293
293
293
293
293
293
293
293
293
293
293
293
293
293
293
293
293
293
293
293
293
293
293
293
293
293
293
293
293
293
293
293
293.005
293.023
293.05
293.073
293.084
293.086
293.081
293.059
293.031
293.011
293.003
293
293.001
293.002
293.001
292.989
292.943
292.88
292.832
292.809
292.805
292.814
292.837
292.868
292.901
292.933
292.967
293.004
293.037
293.059
293.07
293.063
293.033
292.982
292.926
292.88
292.85
292.829
292.814
292.809
292.81
292.819
292.858
292.963
293.414
295.098
300.189
310.24
293
293
293
293
293
293
293
293
293
293
293
293
293
293
293
293
293
293
293
293
293
293
293
293
293
293
293
293
293
293
293
293
293
293
293
293
293
293
293
293
293
293
293
293
293
293
293
293
293
293
293
293
293.005
293.023
293.049
293.072
293.083
293.085
293.08
293.059
293.031
293.012
293.003
293.001
293.001
293.003
293.002
292.99
292.945
292.883
292.835
292.812
292.807
292.816
292.837
292.867
292.899
292.93
292.963
292.999
293.032
293.055
293.067
293.06
293.032
292.983
292.928
292.882
292.852
292.832
292.819
292.815
292.819
292.832
292.874
292.979
293.335
294.354
296.115
299.506
302.679
307.547
312.365
316.334
319.306
321.259
322.47
323.15
323.293
293
293
293
293
293
293
293
293
293
293
293
293
293
293
293
293
293
293
293
293
293
293
293
293
293
293
293
293
293
293
293
293
293
293
293
293
293
293
293
293
293
293
293
293
293
293
293
293
293
293
293
293
293.005
293.022
293.049
293.071
293.083
293.085
293.08
293.06
293.032
293.013
293.004
293.002
293.002
293.003
293.002
292.991
292.948
292.886
292.838
292.815
292.809
292.818
292.837
292.866
292.897
292.927
292.96
292.995
293.028
293.05
293.063
293.057
293.032
292.985
292.931
292.885
292.855
292.836
292.825
292.824
292.831
292.849
292.881
292.959
293.201
293.704
294.166
295.264
296.415
298.818
301.519
304.361
306.9
308.902
310.316
311.206
311.532
311.62
311.617
311.492
311.317
311.026
310.717
310.481
310.402
310.596
311.138
312.065
312.912
313.846
314.819
315.331
315.421
315.443
315.477
315.462
315.283
314.933
314.541
314.153
313.752
313.274
312.985
312.993
313.208
313.716
314.537
315.578
316.473
316.865
293
293
293
293
293
293
293
293
293
293
293
293
293
293
293
293
293
293
293
293
293
293
293
293
293
293
293
293
293
293
293
293
293
293
293
293
293
293
293
293
293
293
293
293
293
293
293
293
293
293
293
293
293.005
293.021
293.048
293.07
293.082
293.084
293.08
293.061
293.033
293.014
293.005
293.002
293.002
293.003
293.002
292.992
292.95
292.889
292.841
292.817
292.811
292.819
292.837
292.865
292.895
292.924
292.956
292.99
293.023
293.046
293.059
293.055
293.032
292.988
292.935
292.889
292.857
292.839
292.831
292.832
292.842
292.862
292.888
292.936
293.032
293.171
293.26
293.731
294.2
295.125
296.293
297.767
299.161
300.438
301.435
302.139
302.498
302.689
302.77
302.723
302.579
302.353
302.118
301.911
301.791
301.86
302.173
302.82
303.593
304.45
305.226
305.653
305.869
306.077
306.218
306.248
306.132
305.92
305.708
305.571
305.526
305.625
306.019
306.761
307.769
309.046
310.708
312.55
314.2
315.296
315.816
315.642
293
293
293
293
293
293
293
293
293
293
293
293
293
293
293
293
293
293
293
293
293
293
293
293
293
293
293
293
293
293
293
293
293
293
293
293
293
293
293
293
293
293
293
293
293
293
293
293
293
293
293
293
293.004
293.02
293.046
293.069
293.081
293.084
293.08
293.062
293.035
293.015
293.006
293.003
293.003
293.004
293.003
292.993
292.953
292.893
292.845
292.82
292.814
292.82
292.836
292.864
292.893
292.921
292.952
292.985
293.017
293.041
293.055
293.052
293.032
292.991
292.939
292.892
292.86
292.843
292.837
292.841
292.852
292.869
292.885
292.906
292.93
292.963
292.982
293.226
293.458
293.808
294.216
294.834
295.475
296.125
296.639
297.028
297.251
297.371
297.397
297.298
297.106
296.857
296.619
296.425
296.317
296.33
296.487
296.863
297.363
297.914
298.392
298.768
299.053
299.345
299.591
299.75
299.854
299.939
300.063
300.314
300.685
301.238
301.98
302.988
304.346
305.948
307.708
309.567
311.348
312.803
313.619
313.632
313.009
293
293
293
293
293
293
293
293
293
293
293
293
293
293
293
293
293
293
293
293
293
293
293
293
293
293
293
293
293
293
293
293
293
293
293
293
293
293
293
293
293
293
293
293
293
293
293
293
293
293
293
293
293.004
293.019
293.045
293.068
293.081
293.084
293.08
293.063
293.036
293.016
293.007
293.003
293.003
293.004
293.003
292.995
292.956
292.898
292.849
292.823
292.816
292.821
292.836
292.862
292.89
292.917
292.947
292.98
293.012
293.035
293.051
293.05
293.033
292.994
292.944
292.897
292.864
292.847
292.843
292.847
292.857
292.871
292.876
292.874
292.866
292.873
292.888
293.016
293.119
293.262
293.446
293.686
293.936
294.216
294.46
294.66
294.767
294.797
294.735
294.58
294.37
294.139
293.928
293.758
293.65
293.604
293.619
293.786
294.064
294.403
294.739
295.076
295.402
295.724
296.008
296.264
296.519
296.794
297.111
297.467
297.949
298.58
299.372
300.399
301.69
303.198
304.731
306.129
307.312
308.223
308.823
309.278
309.666
293
293
293
293
293
293
293
293
293
293
293
293
293
293
293
293
293
293
293
293
293
293
293
293
293
293
293
293
293
293
293
293
293
293
293
293
293
293
293
293
293
293
293
293
293
293
293
293
293
293
293
293
293.004
293.018
293.044
293.067
293.08
293.083
293.08
293.064
293.038
293.017
293.007
293.004
293.004
293.005
293.004
292.996
292.96
292.903
292.853
292.826
292.818
292.822
292.835
292.86
292.887
292.914
292.942
292.974
293.005
293.03
293.046
293.047
293.033
292.998
292.95
292.903
292.869
292.852
292.847
292.852
292.86
292.868
292.867
292.858
292.847
292.85
292.862
292.92
292.956
293.009
293.085
293.19
293.301
293.412
293.505
293.566
293.572
293.513
293.383
293.208
293.02
292.839
292.689
292.576
292.517
292.503
292.537
292.657
292.82
293.014
293.243
293.514
293.81
294.115
294.409
294.681
294.953
295.242
295.544
295.875
296.3
296.811
297.49
298.383
299.38
300.36
301.229
301.936
302.431
302.623
302.609
302.584
302.463
293
293
293
293
293
293
293
293
293
293
293
293
293
293
293
293
293
293
293
293
293
293
293
293
293
293
293
293
293
293
293
293
293
293
293
293
293
293
293
293
293
293
293
293
293
293
293
293
293
293
293
293
293.003
293.017
293.042
293.065
293.079
293.083
293.08
293.066
293.04
293.019
293.008
293.005
293.004
293.005
293.004
292.997
292.964
292.908
292.858
292.83
292.82
292.823
292.835
292.858
292.884
292.909
292.936
292.967
292.999
293.024
293.041
293.044
293.033
293.002
292.956
292.91
292.875
292.856
292.851
292.855
292.859
292.863
292.859
292.848
292.839
292.841
292.852
292.884
292.891
292.899
292.917
292.947
292.988
293.035
293.067
293.068
293.021
292.925
292.793
292.644
292.504
292.383
292.292
292.237
292.224
292.242
292.283
292.356
292.467
292.633
292.833
293.054
293.274
293.497
293.727
293.944
294.166
294.39
294.635
294.927
295.269
295.638
296.082
296.599
297.112
297.526
297.735
297.716
297.403
296.813
296.076
295.11
293.785
293
293
293
293
293
293
293
293
293
293
293
293
293
293
293
293
293
293
293
293
293
293
293
293
293
293
293
293
293
293
293
293
293
293
293
293
293
293
293
293
293
293
293
293
293
293
293
293
293
293
293
293
293.003
293.016
293.04
293.064
293.078
293.082
293.08
293.067
293.042
293.021
293.009
293.006
293.005
293.005
293.005
292.999
292.969
292.914
292.864
292.834
292.823
292.824
292.834
292.855
292.88
292.905
292.931
292.96
292.991
293.017
293.035
293.041
293.033
293.006
292.963
292.918
292.882
292.862
292.854
292.856
292.858
292.859
292.854
292.845
292.836
292.836
292.846
292.867
292.863
292.853
292.844
292.84
292.841
292.841
292.83
292.801
292.755
292.683
292.586
292.473
292.359
292.264
292.2
292.169
292.174
292.206
292.257
292.34
292.449
292.587
292.74
292.892
293.043
293.201
293.377
293.567
293.77
293.974
294.178
294.385
294.562
294.725
294.903
295.053
295.123
295.07
294.836
294.379
293.665
292.661
291.339
289.667
287.617
293
293
293
293
293
293
293
293
293
293
293
293
293
293
293
293
293
293
293
293
293
293
293
293
293
293
293
293
293
293
293
293
293
293
293
293
293
293
293
293
293
293
293
293
293
293
293
293
293
293
293
293
293.002
293.014
293.038
293.062
293.077
293.082
293.08
293.069
293.044
293.022
293.011
293.006
293.005
293.006
293.005
293
292.973
292.921
292.87
292.838
292.825
292.825
292.834
292.853
292.876
292.9
292.924
292.952
292.983
293.01
293.029
293.038
293.032
293.01
292.97
292.926
292.89
292.868
292.858
292.857
292.856
292.854
292.849
292.841
292.836
292.838
292.845
292.857
292.851
292.835
292.814
292.79
292.767
292.746
292.723
292.694
292.656
292.602
292.536
292.465
292.394
292.333
292.291
292.27
292.273
292.298
292.338
292.403
292.491
292.602
292.718
292.834
292.963
293.104
293.258
293.42
293.583
293.735
293.867
293.964
294.008
294.013
293.971
293.845
293.613
293.246
292.705
291.969
291.02
289.788
288.24
286.362
284.227
293
293
293
293
293
293
293
293
293
293
293
293
293
293
293
293
293
293
293
293
293
293
293
293
293
293
293
293
293
293
293
293
293
293
293
293
293
293
293
293
293
293
293
293
293
293
293
293
293
293
293
293
293.002
293.013
293.035
293.06
293.076
293.082
293.08
293.071
293.047
293.025
293.012
293.007
293.006
293.006
293.006
293.002
292.978
292.928
292.877
292.843
292.828
292.826
292.834
292.85
292.872
292.895
292.918
292.944
292.974
293.002
293.022
293.033
293.031
293.013
292.978
292.936
292.899
292.875
292.863
292.858
292.856
292.852
292.845
292.84
292.838
292.842
292.847
292.853
292.845
292.829
292.804
292.774
292.742
292.711
292.682
292.655
292.627
292.595
292.559
292.521
292.485
292.45
292.422
292.405
292.402
292.417
292.448
292.499
292.569
292.654
292.75
292.856
292.972
293.09
293.213
293.336
293.454
293.556
293.62
293.63
293.579
293.462
293.274
292.997
292.613
292.101
291.435
290.596
289.552
288.292
286.842
285.164
283.289
293
293
293
293
293
293
293
293
293
293
293
293
293
293
293
293
293
293
293
293
293
293
293
293
293
293
293
293
293
293
293
293
293
293
293
293
293
293
293
293
293
293
293
293
293
293
293
293
293
293
293
293
293.002
293.011
293.033
293.058
293.075
293.081
293.08
293.072
293.05
293.027
293.013
293.008
293.006
293.007
293.006
293.003
292.983
292.937
292.885
292.848
292.832
292.828
292.834
292.847
292.868
292.89
292.911
292.936
292.965
292.993
293.014
293.028
293.029
293.016
292.985
292.945
292.909
292.883
292.868
292.862
292.856
292.85
292.841
292.837
292.838
292.845
292.852
292.856
292.849
292.833
292.81
292.782
292.75
292.718
292.688
292.662
292.641
292.62
292.603
292.58
292.555
292.531
292.51
292.499
292.498
292.512
292.541
292.587
292.649
292.723
292.808
292.899
292.994
293.089
293.179
293.267
293.341
293.387
293.393
293.349
293.237
293.049
292.773
292.402
291.928
291.338
290.622
289.772
288.792
287.683
286.444
285.115
283.761
293
293
293
293
293
293
293
293
293
293
293
293
293
293
293
293
293
293
293
293
293
293
293
293
293
293
293
293
293
293
293
293
293
293
293
293
293
293
293
293
293
293
293
293
293
293
293
293
293
293
293
293
293.001
293.009
293.03
293.055
293.073
293.08
293.08
293.074
293.053
293.03
293.015
293.009
293.007
293.007
293.007
293.005
292.988
292.945
292.893
292.855
292.836
292.83
292.834
292.845
292.864
292.884
292.904
292.927
292.954
292.982
293.006
293.021
293.026
293.018
292.992
292.955
292.919
292.892
292.875
292.867
292.86
292.851
292.84
292.831
292.832
292.841
292.853
292.86
292.856
292.845
292.827
292.802
292.773
292.741
292.712
292.687
292.666
292.649
292.635
292.618
292.6
292.584
292.571
292.567
292.569
292.583
292.61
292.65
292.704
292.769
292.842
292.92
292.996
293.065
293.127
293.18
293.211
293.218
293.187
293.101
292.947
292.716
292.405
292.004
291.507
290.907
290.217
289.436
288.597
287.702
286.767
285.857
285.075
293
293
293
293
293
293
293
293
293
293
293
293
293
293
293
293
293
293
293
293
293
293
293
293
293
293
293
293
293
293
293
293
293
293
293
293
293
293
293
293
293
293
293
293
293
293
293
293
293
293
293
293
293.001
293.008
293.027
293.052
293.071
293.08
293.08
293.076
293.056
293.033
293.017
293.01
293.008
293.008
293.008
293.006
292.993
292.955
292.903
292.862
292.84
292.833
292.835
292.843
292.86
292.879
292.897
292.918
292.943
292.971
292.996
293.013
293.022
293.018
292.999
292.965
292.93
292.901
292.883
292.873
292.866
292.855
292.84
292.826
292.821
292.827
292.842
292.853
292.855
292.851
292.839
292.82
292.795
292.766
292.736
292.708
292.685
292.664
292.65
292.637
292.626
292.619
292.613
292.614
292.619
292.633
292.656
292.69
292.734
292.786
292.844
292.905
292.961
293.009
293.046
293.063
293.06
293.032
292.965
292.848
292.668
292.42
292.099
291.703
291.231
290.692
290.092
289.463
288.809
288.158
287.545
286.994
286.539
293
293
293
293
293
293
293
293
293
293
293
293
293
293
293
293
293
293
293
293
293
293
293
293
293
293
293
293
293
293
293
293
293
293
293
293
293
293
293
293
293
293
293
293
293
293
293
293
293
293
293
293
293.001
293.006
293.023
293.048
293.069
293.079
293.081
293.077
293.06
293.037
293.02
293.012
293.009
293.008
293.008
293.007
292.997
292.964
292.915
292.871
292.846
292.836
292.835
292.842
292.856
292.873
292.891
292.909
292.931
292.958
292.984
293.003
293.016
293.016
293.004
292.976
292.941
292.912
292.892
292.882
292.874
292.863
292.846
292.826
292.811
292.808
292.817
292.83
292.837
292.84
292.836
292.825
292.807
292.782
292.754
292.726
292.699
292.676
292.659
292.647
292.639
292.635
292.635
292.639
292.647
292.662
292.683
292.71
292.742
292.778
292.818
292.857
292.892
292.92
292.932
292.922
292.891
292.829
292.732
292.593
292.404
292.162
291.864
291.507
291.102
290.657
290.19
289.713
289.236
288.791
288.388
288.051
287.776
293
293
293
293
293
293
293
293
293
293
293
293
293
293
293
293
293
293
293
293
293
293
293
293
293
293
293
293
293
293
293
293
293
293
293
293
293
293
293
293
293
293
293
293
293
293
293
293
293
293
293
293
293
293.005
293.02
293.044
293.066
293.078
293.081
293.078
293.064
293.041
293.022
293.013
293.01
293.009
293.009
293.008
293.001
292.974
292.927
292.882
292.852
292.839
292.837
292.841
292.852
292.868
292.884
292.9
292.919
292.944
292.971
292.993
293.007
293.013
293.006
292.985
292.953
292.923
292.902
292.89
292.883
292.874
292.857
292.833
292.81
292.796
292.794
292.799
292.804
292.809
292.812
292.81
292.802
292.787
292.767
292.743
292.718
292.695
292.676
292.663
292.656
292.654
292.657
292.663
292.674
292.689
292.707
292.723
292.741
292.76
292.779
292.799
292.814
292.821
292.811
292.781
292.726
292.644
292.53
292.382
292.197
291.971
291.706
291.41
291.087
290.741
290.383
290.018
289.675
289.375
289.127
288.94
288.819
293
293
293
293
293
293
293
293
293
293
293
293
293
293
293
293
293
293
293
293
293
293
293
293
293
293
293
293
293
293
293
293
293
293
293
293
293
293
293
293
293
293
293
293
293
293
293
293
293
293
293
293
293
293.003
293.016
293.04
293.062
293.076
293.08
293.079
293.068
293.046
293.026
293.015
293.011
293.009
293.01
293.009
293.005
292.983
292.94
292.894
292.861
292.844
292.839
292.841
292.849
292.863
292.877
292.891
292.908
292.929
292.955
292.979
292.996
293.007
293.006
292.992
292.966
292.936
292.912
292.898
292.891
292.886
292.874
292.851
292.822
292.798
292.785
292.782
292.783
292.785
292.788
292.79
292.79
292.785
292.776
292.762
292.747
292.731
292.718
292.708
292.702
292.699
292.701
292.706
292.714
292.724
292.734
292.741
292.748
292.753
292.758
292.761
292.759
292.747
292.72
292.675
292.607
292.514
292.395
292.246
292.068
291.864
291.641
291.398
291.135
290.859
290.577
290.315
290.091
289.916
289.797
289.741
289.743
293
293
293
293
293
293
293
293
293
293
293
293
293
293
293
293
293
293
293
293
293
293
293
293
293
293
293
293
293
293
293
293
293
293
293
293
293
293
293
293
293
293
293
293
293
293
293
293
293
293
293
293
293
293.002
293.013
293.034
293.058
293.074
293.08
293.079
293.072
293.051
293.03
293.017
293.012
293.01
293.01
293.01
293.007
292.992
292.954
292.908
292.871
292.85
292.842
292.842
292.848
292.858
292.871
292.884
292.897
292.915
292.938
292.964
292.984
292.997
293.003
292.996
292.977
292.949
292.924
292.906
292.898
292.894
292.889
292.874
292.848
292.819
292.796
292.786
292.783
292.782
292.783
292.785
292.788
292.789
292.788
292.787
292.784
292.782
292.78
292.779
292.777
292.774
292.771
292.769
292.768
292.766
292.763
292.761
292.758
292.756
292.751
292.743
292.726
292.7
292.661
292.605
292.53
292.433
292.312
292.169
292.006
291.829
291.639
291.432
291.217
291.003
290.805
290.641
290.521
290.453
290.434
290.456
290.526
293
293
293
293
293
293
293
293
293
293
293
293
293
293
293
293
293
293
293
293
293
293
293
293
293
293
293
293
293
293
293
293
293
293
293
293
293
293
293
293
293
293
293
293
293
293
293
293
293
293
293
293
293
293.001
293.009
293.029
293.053
293.071
293.079
293.08
293.075
293.057
293.035
293.02
293.014
293.011
293.011
293.011
293.009
292.999
292.969
292.924
292.884
292.858
292.846
292.844
292.847
292.854
292.865
292.876
292.887
292.901
292.92
292.945
292.968
292.985
292.995
292.996
292.985
292.964
292.938
292.917
292.905
292.9
292.897
292.892
292.878
292.855
292.829
292.815
292.808
292.804
292.803
292.803
292.806
292.81
292.814
292.819
292.824
292.827
292.83
292.831
292.829
292.824
292.817
292.809
292.8
292.79
292.78
292.772
292.764
292.755
292.742
292.723
292.696
292.659
292.61
292.548
292.468
292.371
292.256
292.126
291.986
291.835
291.673
291.508
291.346
291.199
291.078
290.994
290.956
290.956
290.986
291.05
291.155
293
293
293
293
293
293
293
293
293
293
293
293
293
293
293
293
293
293
293
293
293
293
293
293
293
293
293
293
293
293
293
293
293
293
293
293
293
293
293
293
293
293
293
293
293
293
293
293
293
293
293
293
293
293.001
293.006
293.023
293.047
293.068
293.078
293.08
293.077
293.063
293.041
293.024
293.016
293.012
293.012
293.012
293.011
293.005
292.983
292.942
292.9
292.869
292.852
292.847
292.847
292.852
292.861
292.87
292.879
292.888
292.903
292.925
292.949
292.969
292.982
292.99
292.988
292.975
292.954
292.931
292.914
292.905
292.901
292.9
292.895
292.884
292.866
292.852
292.845
292.839
292.836
292.835
292.836
292.838
292.842
292.845
292.847
292.848
292.847
292.844
292.84
292.834
292.827
292.817
292.806
292.794
292.781
292.768
292.755
292.739
292.718
292.69
292.655
292.612
292.557
292.491
292.412
292.32
292.218
292.108
291.991
291.867
291.74
291.618
291.507
291.416
291.357
291.335
291.343
291.374
291.432
291.519
291.634
293
293
293
293
293
293
293
293
293
293
293
293
293
293
293
293
293
293
293
293
293
293
293
293
293
293
293
293
293
293
293
293
293
293
293
293
293
293
293
293
293
293
293
293
293
293
293
293
293
293
293
293
293
293
293.004
293.017
293.04
293.063
293.076
293.08
293.079
293.069
293.048
293.029
293.018
293.014
293.012
293.013
293.012
293.009
292.995
292.96
292.918
292.883
292.861
292.851
292.848
292.851
292.857
292.864
292.871
292.878
292.888
292.904
292.926
292.949
292.966
292.977
292.983
292.979
292.967
292.948
292.929
292.915
292.907
292.903
292.901
292.897
292.887
292.877
292.87
292.864
292.859
292.856
292.854
292.854
292.854
292.855
292.854
292.852
292.848
292.844
292.839
292.833
292.826
292.817
292.805
292.792
292.778
292.762
292.743
292.719
292.691
292.657
292.617
292.569
292.512
292.445
292.37
292.289
292.202
292.11
292.013
291.917
291.825
291.741
291.673
291.632
291.62
291.63
291.662
291.714
291.787
291.879
291.987
293
293
293
293
293
293
293
293
293
293
293
293
293
293
293
293
293
293
293
293
293
293
293
293
293
293
293
293
293
293
293
293
293
293
293
293
293
293
293
293
293
293
293
293
293
293
293
293
293
293
293
293
293
293
293.002
293.012
293.032
293.056
293.073
293.08
293.08
293.074
293.056
293.035
293.022
293.016
293.013
293.014
293.014
293.012
293.004
292.979
292.939
292.901
292.873
292.858
292.852
292.852
292.855
292.86
292.865
292.87
292.876
292.885
292.902
292.924
292.945
292.96
292.969
292.974
292.97
292.961
292.947
292.932
292.919
292.911
292.907
292.904
292.9
292.894
292.888
292.882
292.876
292.871
292.867
292.865
292.863
292.861
292.859
292.856
292.853
292.848
292.844
292.838
292.832
292.823
292.813
292.8
292.784
292.764
292.74
292.712
292.68
292.642
292.597
292.545
292.487
292.423
292.354
292.281
292.206
292.129
292.054
291.985
291.923
291.872
291.844
291.84
291.852
291.881
291.927
291.987
292.059
292.142
292.233
293
293
293
293
293
293
293
293
293
293
293
293
293
293
293
293
293
293
293
293
293
293
293
293
293
293
293
293
293
293
293
293
293
293
293
293
293
293
293
293
293
293
293
293
293
293
293
293
293
293
293
293
293
293
293.001
293.007
293.024
293.048
293.068
293.078
293.081
293.078
293.064
293.043
293.027
293.018
293.015
293.014
293.015
293.014
293.01
292.994
292.962
292.923
292.89
292.868
292.857
292.854
292.855
292.858
292.861
292.864
292.867
292.871
292.88
292.897
292.918
292.937
292.951
292.959
292.963
292.962
292.956
292.946
292.937
292.927
292.92
292.916
292.914
292.912
292.909
292.906
292.901
292.897
292.892
292.888
292.885
292.882
292.88
292.877
292.874
292.871
292.867
292.861
292.854
292.845
292.833
292.818
292.8
292.777
292.751
292.72
292.683
292.641
292.593
292.539
292.482
292.421
292.358
292.295
292.233
292.175
292.122
292.075
292.036
292.016
292.014
292.025
292.05
292.086
292.133
292.188
292.251
292.32
292.393
293
293
293
293
293
293
293
293
293
293
293
293
293
293
293
293
293
293
293
293
293
293
293
293
293
293
293
293
293
293
293
293
293
293
293
293
293
293
293
293
293
293
293
293
293
293
293
293
293
293
293
293
293
293
293
293.003
293.016
293.039
293.061
293.076
293.081
293.08
293.072
293.052
293.033
293.022
293.017
293.015
293.016
293.016
293.014
293.006
292.983
292.947
292.912
292.884
292.867
292.859
292.856
292.857
292.859
292.861
292.862
292.863
292.865
292.872
292.888
292.907
292.925
292.937
292.945
292.949
292.951
292.949
292.945
292.939
292.933
292.928
292.927
292.927
292.927
292.927
292.925
292.924
292.921
292.918
292.915
292.912
292.909
292.906
292.903
292.899
292.894
292.887
292.878
292.867
292.853
292.836
292.815
292.79
292.761
292.727
292.687
292.643
292.594
292.543
292.49
292.436
292.384
292.334
292.286
292.243
292.205
292.174
292.156
292.153
292.16
292.177
292.204
292.239
292.282
292.33
292.384
292.443
292.506
293
293
293
293
293
293
293
293
293
293
293
293
293
293
293
293
293
293
293
293
293
293
293
293
293
293
293
293
293
293
293
293
293
293
293
293
293
293
293
293
293
293
293
293
293
293
293
293
293
293
293
293
293
293
293
293.001
293.009
293.028
293.052
293.071
293.08
293.081
293.078
293.063
293.042
293.027
293.019
293.016
293.016
293.017
293.017
293.014
293
292.973
292.938
292.906
292.882
292.868
292.861
292.859
292.859
292.86
292.859
292.858
292.857
292.858
292.862
292.875
292.891
292.907
292.919
292.928
292.932
292.934
292.935
292.935
292.933
292.93
292.929
292.929
292.929
292.93
292.93
292.929
292.928
292.926
292.924
292.921
292.917
292.913
292.907
292.901
292.894
292.885
292.874
292.861
292.845
292.827
292.805
292.778
292.748
292.713
292.674
292.632
292.588
292.545
292.501
292.458
292.417
292.378
292.341
292.309
292.282
292.266
292.262
292.266
292.279
292.301
292.329
292.364
292.405
292.451
292.502
292.557
292.616
293
293
293
293
293
293
293
293
293
293
293
293
293
293
293
293
293
293
293
293
293
293
293
293
293
293
293
293
293
293
293
293
293
293
293
293
293
293
293
293
293
293
293
293
293
293
293
293
293
293
293
293
293
293
293
293
293.004
293.017
293.04
293.062
293.076
293.082
293.081
293.073
293.054
293.035
293.024
293.019
293.017
293.018
293.019
293.018
293.013
292.995
292.966
292.933
292.904
292.884
292.871
292.865
292.862
292.861
292.86
292.857
292.853
292.85
292.85
292.851
292.859
292.871
292.884
292.894
292.903
292.908
292.912
292.913
292.913
292.911
292.909
292.907
292.907
292.907
292.906
292.906
292.905
292.903
292.9
292.897
292.892
292.886
292.88
292.871
292.862
292.85
292.836
292.821
292.802
292.781
292.757
292.73
292.701
292.669
292.635
292.601
292.567
292.534
292.501
292.469
292.437
292.409
292.384
292.365
292.355
292.354
292.36
292.375
292.398
292.426
292.46
292.5
292.544
292.592
292.643
292.697
292.751
293
293
293
293
293
293
293
293
293
293
293
293
293
293
293
293
293
293
293
293
293
293
293
293
293
293
293
293
293
293
293
293
293
293
293
293
293
293
293
293
293
293
293
293
293
293
293
293
293
293
293
293
293
293
293
293
293.001
293.009
293.027
293.051
293.07
293.08
293.082
293.08
293.067
293.047
293.031
293.022
293.019
293.018
293.019
293.02
293.019
293.012
292.993
292.964
292.933
292.907
292.888
292.876
292.869
292.865
292.863
292.86
292.855
292.849
292.844
292.841
292.841
292.843
292.848
292.856
292.864
292.87
292.874
292.877
292.878
292.877
292.874
292.87
292.867
292.865
292.862
292.859
292.855
292.851
292.846
292.841
292.834
292.825
292.816
292.805
292.792
292.778
292.762
292.744
292.725
292.704
292.682
292.659
292.637
292.616
292.594
292.571
292.546
292.521
292.498
292.478
292.459
292.446
292.439
292.438
292.445
292.461
292.483
292.511
292.544
292.582
292.624
292.67
292.717
292.765
292.814
292.863
292.91
293
293
293
293
293
293
293
293
293
293
293
293
293
293
293
293
293
293
293
293
293
293
293
293
293
293
293
293
293
293
293
293
293
293
293
293
293
293
293
293
293
293
293
293
293
293
293
293
293
293
293
293
293
293
293
293
293
293.003
293.015
293.036
293.059
293.075
293.082
293.082
293.078
293.061
293.042
293.028
293.022
293.019
293.019
293.021
293.022
293.02
293.013
292.994
292.966
292.938
292.913
292.895
292.883
292.875
292.87
292.866
292.861
292.854
292.847
292.84
292.834
292.831
292.83
292.83
292.83
292.831
292.832
292.832
292.832
292.83
292.825
292.819
292.814
292.809
292.803
292.797
292.79
292.783
292.775
292.767
292.758
292.748
292.738
292.727
292.715
292.703
292.691
292.678
292.665
292.651
292.636
292.621
292.605
292.587
292.571
292.556
292.544
292.532
292.523
292.518
292.518
292.524
292.538
292.558
292.584
292.615
292.65
292.689
292.731
292.773
292.817
292.86
292.902
292.943
292.982
293.018
293.052
293
293
293
293
293
293
293
293
293
293
293
293
293
293
293
293
293
293
293
293
293
293
293
293
293
293
293
293
293
293
293
293
293
293
293
293
293
293
293
293
293
293
293
293
293
293
293
293
293
293
293
293
293
293
293
293
293
293.001
293.006
293.02
293.043
293.064
293.078
293.083
293.083
293.076
293.058
293.039
293.028
293.022
293.02
293.021
293.022
293.023
293.022
293.015
292.998
292.974
292.948
292.924
292.906
292.893
292.884
292.877
292.871
292.865
292.857
292.848
292.839
292.831
292.824
292.819
292.816
292.813
292.81
292.806
292.801
292.796
292.789
292.783
292.778
292.772
292.767
292.76
292.753
292.746
292.739
292.731
292.723
292.714
292.705
292.696
292.686
292.675
292.665
292.654
292.643
292.633
292.624
292.615
292.607
292.601
292.596
292.593
292.594
292.599
292.609
292.624
292.644
292.669
292.699
292.732
292.768
292.805
292.842
292.879
292.916
292.95
292.983
293.013
293.041
293.068
293.093
293.116
293.139
293
293
293
293
293
293
293
293
293
293
293
293
293
293
293
293
293
293
293
293
293
293
293
293
293
293
293
293
293
293
293
293
293
293
293
293
293
293
293
293
293
293
293
293
293
293
293
293
293
293
293
293
293
293
293
293
293
293
293.001
293.008
293.025
293.048
293.068
293.08
293.083
293.083
293.074
293.056
293.039
293.028
293.023
293.022
293.022
293.024
293.025
293.024
293.02
293.006
292.986
292.962
292.94
292.921
292.907
292.896
292.888
292.881
292.874
292.865
292.855
292.845
292.835
292.826
292.817
292.81
292.803
292.796
292.789
292.781
292.774
292.767
292.763
292.758
292.752
292.747
292.741
292.734
292.728
292.722
292.715
292.708
292.702
292.695
292.689
292.683
292.677
292.672
292.668
292.666
292.664
292.665
292.668
292.675
292.684
292.697
292.713
292.733
292.756
292.782
292.81
292.84
292.87
292.9
292.929
292.957
292.983
293.007
293.03
293.051
293.071
293.09
293.108
293.125
293.142
293.157
293.17
293
293
293
293
293
293
293
293
293
293
293
293
293
293
293
293
293
293
293
293
293
293
293
293
293
293
293
293
293
293
293
293
293
293
293
293
293
293
293
293
293
293
293
293
293
293
293
293
293
293
293
293
293
293
293
293
293
293
293
293.002
293.01
293.028
293.05
293.069
293.08
293.084
293.083
293.075
293.058
293.041
293.03
293.025
293.023
293.024
293.025
293.026
293.026
293.024
293.016
293.001
292.982
292.962
292.943
292.927
292.915
292.905
292.896
292.888
292.879
292.87
292.859
292.848
292.838
292.827
292.818
292.809
292.8
292.792
292.783
292.777
292.773
292.769
292.765
292.761
292.757
292.753
292.749
292.745
292.742
292.739
292.737
292.735
292.734
292.734
292.736
292.738
292.742
292.748
292.756
292.766
292.778
292.792
292.809
292.827
292.846
292.867
292.888
292.91
292.932
292.953
292.974
292.993
293.012
293.029
293.046
293.062
293.077
293.091
293.105
293.118
293.131
293.142
293.153
293.163
293.172
293
293
293
293
293
293
293
293
293
293
293
293
293
293
293
293
293
293
293
293
293
293
293
293
293
293
293
293
293
293
293
293
293
293
293
293
293
293
293
293
293
293
293
293
293
293
293
293
293
293
293
293
293
293
293
293
293
293
293
293
293.002
293.011
293.028
293.05
293.069
293.08
293.083
293.083
293.077
293.062
293.046
293.034
293.028
293.026
293.026
293.026
293.027
293.028
293.027
293.025
293.016
293.003
292.987
292.971
292.955
292.942
292.931
292.921
292.912
292.903
292.894
292.884
292.874
292.864
292.854
292.845
292.836
292.827
292.82
292.815
292.812
292.81
292.807
292.805
292.804
292.803
292.802
292.802
292.803
292.804
292.806
292.809
292.814
292.819
292.825
292.832
292.841
292.85
292.861
292.873
292.886
292.899
292.913
292.928
292.943
292.958
292.972
292.987
293.001
293.015
293.028
293.041
293.053
293.065
293.077
293.089
293.1
293.11
293.121
293.131
293.14
293.15
293.159
293.168
293.177
293
293
293
293
293
293
293
293
293
293
293
293
293
293
293
293
293
293
293
293
293
293
293
293
293
293
293
293
293
293
293
293
293
293
293
293
293
293
293
293
293
293
293
293
293
293
293
293
293
293
293
293
293
293
293
293
293
293
293
293
293
293.002
293.01
293.027
293.048
293.066
293.078
293.083
293.083
293.079
293.067
293.053
293.041
293.033
293.03
293.028
293.029
293.029
293.03
293.03
293.029
293.027
293.021
293.012
293.001
292.989
292.977
292.966
292.956
292.947
292.939
292.931
292.923
292.915
292.907
292.9
292.893
292.887
292.882
292.879
292.878
292.877
292.877
292.877
292.877
292.878
292.88
292.882
292.885
292.889
292.893
292.899
292.904
292.911
292.918
292.926
292.935
292.944
292.953
292.963
292.974
292.984
292.994
293.005
293.015
293.025
293.035
293.045
293.055
293.064
293.074
293.083
293.092
293.101
293.11
293.119
293.128
293.137
293.145
293.154
293.163
293.172
293.181
293.191
293.201
293
293
293
293
293
293
293
293
293
293
293
293
293
293
293
293
293
293
293
293
293
293
293
293
293
293
293
293
293
293
293
293
293
293
293
293
293
293
293
293
293
293
293
293
293
293
293
293
293
293
293
293
293
293
293
293
293
293
293
293
293
293
293.002
293.008
293.023
293.042
293.061
293.074
293.081
293.082
293.08
293.074
293.062
293.05
293.041
293.035
293.033
293.032
293.032
293.032
293.032
293.032
293.032
293.031
293.029
293.025
293.02
293.013
293.006
292.999
292.993
292.986
292.981
292.975
292.971
292.966
292.963
292.96
292.959
292.959
292.959
292.96
292.961
292.962
292.964
292.966
292.969
292.972
292.976
292.98
292.985
292.99
292.995
293.001
293.007
293.013
293.02
293.027
293.034
293.041
293.048
293.055
293.062
293.069
293.076
293.083
293.09
293.097
293.103
293.11
293.117
293.123
293.13
293.137
293.144
293.151
293.158
293.165
293.172
293.18
293.188
293.197
293.207
293.217
293.229
293
293
293
293
293
293
293
293
293
293
293
293
293
293
293
293
293
293
293
293
293
293
293
293
293
293
293
293
293
293
293
293
293
293
293
293
293
293
293
293
293
293
293
293
293
293
293
293
293
293
293
293
293
293
293
293
293
293
293
293
293
293
293
293.001
293.006
293.017
293.034
293.052
293.067
293.076
293.08
293.08
293.077
293.071
293.062
293.052
293.045
293.04
293.037
293.036
293.035
293.035
293.036
293.036
293.036
293.036
293.036
293.035
293.035
293.034
293.032
293.031
293.029
293.028
293.027
293.027
293.027
293.027
293.029
293.03
293.031
293.033
293.034
293.036
293.039
293.041
293.044
293.046
293.049
293.053
293.056
293.06
293.063
293.067
293.071
293.075
293.079
293.083
293.087
293.091
293.095
293.099
293.104
293.108
293.113
293.117
293.122
293.127
293.132
293.137
293.142
293.147
293.153
293.158
293.163
293.169
293.175
293.182
293.188
293.196
293.204
293.214
293.224
293.235
293.247
293
293
293
293
293
293
293
293
293
293
293
293
293
293
293
293
293
293
293
293
293
293
293
293
293
293
293
293
293
293
293
293
293
293
293
293
293
293
293
293
293
293
293
293
293
293
293
293
293
293
293
293
293
293
293
293
293
293
293
293
293
293
293
293
293.001
293.003
293.011
293.024
293.04
293.056
293.068
293.075
293.078
293.077
293.075
293.071
293.065
293.058
293.051
293.047
293.044
293.042
293.041
293.04
293.04
293.04
293.041
293.041
293.042
293.043
293.043
293.045
293.046
293.048
293.049
293.051
293.054
293.056
293.059
293.061
293.063
293.064
293.066
293.068
293.07
293.072
293.074
293.076
293.078
293.081
293.083
293.085
293.088
293.091
293.094
293.096
293.099
293.102
293.106
293.109
293.112
293.116
293.119
293.123
293.126
293.13
293.133
293.137
293.141
293.145
293.149
293.154
293.159
293.164
293.169
293.176
293.182
293.19
293.197
293.206
293.214
293.224
293.233
293.243
293.254
293
293
293
293
293
293
293
293
293
293
293
293
293
293
293
293
293
293
293
293
293
293
293
293
293
293
293
293
293
293
293
293
293
293
293
293
293
293
293
293
293
293
293
293
293
293
293
293
293
293
293
293
293
293
293
293
293
293
293
293
293
293
293
293
293
293
293.001
293.006
293.014
293.027
293.042
293.056
293.066
293.072
293.075
293.075
293.074
293.072
293.069
293.065
293.061
293.057
293.053
293.051
293.049
293.048
293.047
293.048
293.048
293.048
293.049
293.05
293.052
293.053
293.055
293.058
293.06
293.063
293.066
293.069
293.07
293.072
293.074
293.076
293.077
293.079
293.081
293.083
293.085
293.088
293.09
293.092
293.094
293.096
293.099
293.101
293.104
293.106
293.109
293.111
293.114
293.117
293.12
293.124
293.127
293.131
293.135
293.139
293.143
293.148
293.153
293.158
293.164
293.169
293.175
293.182
293.188
293.196
293.203
293.211
293.219
293.227
293.235
293.243
293.252
293
293
293
293
293
293
293
293
293
293
293
293
293
293
293
293
293
293
293
293
293
293
293
293
293
293
293
293
293
293
293
293
293
293
293
293
293
293
293
293
293
293
293
293
293
293
293
293
293
293
293
293
293
293
293
293
293
293
293
293
293
293
293
293
293
293
293
293
293.002
293.006
293.014
293.026
293.039
293.051
293.06
293.067
293.071
293.073
293.073
293.072
293.071
293.069
293.068
293.066
293.064
293.063
293.061
293.06
293.059
293.058
293.058
293.059
293.059
293.06
293.062
293.064
293.066
293.068
293.07
293.072
293.074
293.075
293.077
293.078
293.08
293.082
293.084
293.086
293.088
293.09
293.092
293.094
293.097
293.099
293.101
293.104
293.107
293.11
293.113
293.116
293.119
293.122
293.125
293.129
293.132
293.136
293.14
293.144
293.149
293.154
293.158
293.163
293.169
293.174
293.18
293.185
293.191
293.196
293.202
293.208
293.213
293.219
293.224
293.228
293.231
293
293
293
293
293
293
293
293
293
293
293
293
293
293
293
293
293
293
293
293
293
293
293
293
293
293
293
293
293
293
293
293
293
293
293
293
293
293
293
293
293
293
293
293
293
293
293
293
293
293
293
293
293
293
293
293
293
293
293
293
293
293
293
293
293
293
293
293
293
293.001
293.002
293.006
293.012
293.021
293.031
293.042
293.051
293.059
293.064
293.068
293.07
293.071
293.072
293.072
293.072
293.071
293.071
293.071
293.07
293.07
293.071
293.071
293.071
293.072
293.073
293.074
293.076
293.077
293.08
293.081
293.082
293.084
293.085
293.087
293.088
293.09
293.091
293.093
293.095
293.097
293.099
293.101
293.104
293.106
293.108
293.111
293.113
293.116
293.119
293.122
293.125
293.128
293.131
293.135
293.138
293.141
293.145
293.148
293.152
293.155
293.159
293.162
293.166
293.17
293.173
293.176
293.179
293.181
293.183
293.184
293.185
293.184
293.182
293.178
293.173
293
293
293
293
293
293
293
293
293
293
293
293
293
293
293
293
293
293
293
293
293
293
293
293
293
293
293
293
293
293
293
293
293
293
293
293
293
293
293
293
293
293
293
293
293
293
293
293
293
293
293
293
293
293
293
293
293
293
293
293
293
293
293
293
293
293
293
293
293
293
293
293
293.001
293.004
293.008
293.014
293.022
293.03
293.039
293.046
293.053
293.058
293.062
293.066
293.068
293.07
293.072
293.073
293.074
293.075
293.076
293.077
293.078
293.079
293.08
293.082
293.083
293.085
293.087
293.089
293.09
293.091
293.092
293.094
293.095
293.097
293.098
293.1
293.101
293.103
293.105
293.106
293.108
293.11
293.112
293.114
293.116
293.118
293.12
293.122
293.124
293.126
293.128
293.13
293.132
293.134
293.136
293.138
293.139
293.141
293.142
293.142
293.142
293.142
293.141
293.139
293.137
293.134
293.13
293.125
293.119
293.112
293.104
293.095
293.086
293
293
293
293
293
293
293
293
293
293
293
293
293
293
293
293
293
293
293
293
293
293
293
293
293
293
293
293
293
293
293
293
293
293
293
293
293
293
293
293
293
293
293
293
293
293
293
293
293
293
293
293
293
293
293
293
293
293
293
293
293
293
293
293
293
293
293
293
293
293
293
293
293
293
293.001
293.002
293.004
293.007
293.012
293.017
293.023
293.03
293.036
293.042
293.047
293.052
293.056
293.06
293.063
293.066
293.068
293.07
293.072
293.074
293.076
293.078
293.08
293.082
293.084
293.085
293.086
293.087
293.088
293.089
293.09
293.091
293.092
293.094
293.095
293.096
293.097
293.098
293.099
293.1
293.101
293.102
293.102
293.103
293.104
293.104
293.105
293.105
293.105
293.104
293.104
293.103
293.102
293.1
293.099
293.096
293.094
293.09
293.087
293.083
293.078
293.073
293.068
293.062
293.056
293.05
293.044
293.038
293.032
293.026
293.021
293
293
293
293
293
293
293
293
293
293
293
293
293
293
293
293
293
293
293
293
293
293
293
293
293
293
293
293
293
293
293
293
293
293
293
293
293
293
293
293
293
293
293
293
293
293
293
293
293
293
293
293
293
293
293
293
293
293
293
293
293
293
293
293
293
293
293
293
293
293
293
293
293
293
293
293
293
293.001
293.001
293.003
293.004
293.007
293.01
293.014
293.018
293.022
293.027
293.031
293.035
293.039
293.042
293.046
293.049
293.052
293.054
293.056
293.058
293.06
293.062
293.063
293.064
293.064
293.065
293.066
293.066
293.066
293.067
293.067
293.067
293.067
293.067
293.067
293.067
293.067
293.066
293.065
293.065
293.064
293.062
293.061
293.06
293.058
293.056
293.054
293.052
293.049
293.047
293.044
293.041
293.038
293.035
293.031
293.028
293.025
293.022
293.019
293.016
293.013
293.011
293.009
293.007
293.005
293.004
293.003
293.002
293
293
293
293
293
293
293
293
293
293
293
293
293
293
293
293
293
293
293
293
293
293
293
293
293
293
293
293
293
293
293
293
293
293
293
293
293
293
293
293
293
293
293
293
293
293
293
293
293
293
293
293
293
293
293
293
293
293
293
293
293
293
293
293
293
293
293
293
293
293
293
293
293
293
293
293
293
293
293
293
293
293.001
293.001
293.002
293.003
293.004
293.005
293.007
293.009
293.011
293.013
293.015
293.017
293.019
293.021
293.023
293.024
293.025
293.026
293.027
293.027
293.027
293.028
293.028
293.028
293.027
293.027
293.027
293.027
293.026
293.026
293.025
293.025
293.024
293.023
293.022
293.021
293.02
293.019
293.018
293.017
293.015
293.014
293.013
293.012
293.01
293.009
293.008
293.007
293.006
293.005
293.004
293.003
293.003
293.002
293.002
293.001
293.001
293.001
293
293
293
293
293
293
293
293
293
293
293
293
293
293
293
293
293
293
293
293
293
293
293
293
293
293
293
293
293
293
293
293
293
293
293
293
293
293
293
293
293
293
293
293
293
293
293
293
293
293
293
293
293
293
293
293
293
293
293
293
293
293
293
293
293
293
293
293
293
293
293
293
293
293
293
293
293
293
293
293
293
293
293
293
293
293
293
293
293
293
293
293
293
293.001
293.001
293.001
293.001
293.002
293.002
293.003
293.003
293.004
293.004
293.004
293.004
293.005
293.005
293.005
293.005
293.005
293.005
293.004
293.004
293.004
293.004
293.004
293.004
293.004
293.003
293.003
293.003
293.003
293.002
293.002
293.002
293.002
293.002
293.001
293.001
293.001
293.001
293.001
293.001
293
293
293
293
293
293
293
293
293
293
293
293
293
293
293
293
293
293
293
293
293
293
293
293
293
293
293
293
293
293
293
293
293
293
293
293
293
293
293
293
293
293
293
293
293
293
293
293
293
293
293
293
293
293
293
293
293
293
293
293
293
293
293
293
293
293
293
293
293
293
293
293
293
293
293
293
293
293
293
293
293
293
293
293
293
293
293
293
293
293
293
293
293
293
293
293
293
293
293
293
293
293
293
293
293
293
293
293
293
293
293
293
293
293
293
293
293
293
293
293
293
293
293
293
293
293
293
293
293
293
293
293
293
293
293
293
293
293
293
293
293
293
293
293
293
293
293
293
293
293
293
293
293
293
293
293
293
293
293
293
293
293
293
293
293
293
293
293
293
293
293
293
293
293
293
293
293
293
293
293
293
293
293
293
293
293
293
293
293
293
293
293
293
293
293
293
293
293
293
293
293
293
293
293
293
293
293
293
293
293
293
293
293
293
293
293
293
293
293
293
293
293
293
293
293
293
293
293
293
293
293
293
293
293
293
293
293
293
293
293
293
293
293
293
293
293
293
293
293
293
293
293
293
293
293
293
293
293
293
293
293
293
293
293
293
293
293
293
293
293
293
293
293
293
293
293
293
293
293
293
293
293
293
293
293
293
293
293
293
293
293
293
293
293
293
293
293
293
293
293
293
293
293
293
293
293
293
293
293
293
293
293
293
293
293
293
293
293
293
293
293
293
293
293
293
293
293
293
293
293
293
293
293
293
293
293
293
293
293
293
293
293
293
293
293
293
293
293
293
293
293
293
293
293
293
293
293
293
293
293
293
293
293
293
293
293
293
293
293
293
293
293
293
293
293
293
293
293
293
293
293
293
293
293
293
293
293
293
293
293
293
293
293
293
293
293
293
293
293
293
293
293
293
293
293
293
293
293
293
293
293
293
293
293
293
293
293
293
293
293
293
293
293
293
293
293
293
293
293
293
293
293
293
293
293
293
293
293
293
293
293
293
293
293
293
293
293
293
293
293
293
293
293
293
293
293
293
293
293
293
293
293
293
293
293
293
293
293
293
293
293
293
293
293
293
293
293
293
293
293
293
293
293
293
293
293
293
293
293
293
293
293
293
293
293
293
293
293
293
293
293
293
293
293
293
293
293
293
293
293
293
293
293
293
293
293
293
293
293
293
293
293
293
293
293
293
293
293
293
293
293
293
293
293
293
293
293
293
293
293
293
293
293
293
293
293
293
293
293
293
293
293
293
293
293
293
293
293
293
293
293
293
293
293
293
293
293
293
293
293
293
293
293
293
293
293
293
293
293
293
293
293
293
293
293
293
293
293
293
293
293
293
293
293
293
293
293
293
)
;

boundaryField
{
    FreestreamLeft
    {
        type            totalTemperature;
        gamma           1.4;
        T0              uniform 293;
        value           uniform 293;
    }
    FreestreamTop
    {
        type            totalTemperature;
        gamma           1.4;
        T0              uniform 293;
        value           uniform 293;
    }
    Inlet
    {
        type            totalTemperature;
        gamma           1.4;
        T0              nonuniform List<scalar> 0();
        value           nonuniform List<scalar> 0();
    }
    Outlet
    {
        type            zeroGradient;
    }
    Wall
    {
        type            zeroGradient;
    }
    Wedge1
    {
        type            wedge;
    }
    Wedge2
    {
        type            wedge;
    }
    procBoundary2to1
    {
        type            processor;
        value           nonuniform List<scalar> 
190
(
329.974
329.974
317.007
333.443
323.288
333.458
333.256
332.731
331.694
329.809
327.065
322.741
317.007
319.352
316.565
320.342
320.802
321.092
321.551
322.055
322.548
323.025
323.537
324.077
324.632
325.103
325.522
325.783
325.832
325.763
325.781
325.796
325.691
325.109
324.185
323.59
322.752
321.631
320.852
320.542
320.592
321.028
321.775
322.454
322.863
323.069
323.288
315.129
314.516
316.565
314.516
311.165
309.457
302.125
292.068
285.245
281.936
281.436
282.501
284.334
286.071
287.524
288.759
289.809
290.66
291.307
291.778
292.111
292.332
292.472
292.574
292.676
292.805
292.954
293.083
293.159
293.183
293.181
293.187
293.214
293.242
293.26
293.265
293.26
293.233
293.165
293.075
293.016
293.001
293
293
293
293
293
293
329.897
329.897
317.008
317.008
322.708
327.039
329.797
331.709
332.736
333.25
333.448
333.426
323.268
323.268
323.107
322.894
322.452
321.762
321.078
320.648
320.594
320.928
321.693
322.798
323.632
324.211
325.13
325.713
325.81
325.797
325.777
325.842
325.793
325.52
325.104
324.633
324.07
323.55
323.035
322.501
321.991
321.489
321.038
320.738
320.278
319.304
316.545
316.545
315.112
314.489
314.489
311.13
309.441
302.149
292.113
285.294
281.975
281.461
282.528
284.368
286.117
287.566
288.784
289.81
290.652
291.297
291.771
292.106
292.329
292.47
292.573
292.676
292.806
292.955
293.084
293.159
293.183
293.181
293.187
293.213
293.242
293.26
293.265
293.26
293.233
293.167
293.076
293.017
293.001
293
293
293
293
293
293
)
;
    }
}


// ************************************************************************* //
