/*--------------------------------*- C++ -*----------------------------------*\
| =========                 |                                                 |
| \\      /  F ield         | OpenFOAM: The Open Source CFD Toolbox           |
|  \\    /   O peration     | Version:  2406                                  |
|   \\  /    A nd           | Website:  www.openfoam.com                      |
|    \\/     M anipulation  |                                                 |
\*---------------------------------------------------------------------------*/
FoamFile
{
    version     2.0;
    format      ascii;
    arch        "LSB;label=32;scalar=64";
    class       volScalarField;
    location    "0.055";
    object      T;
}
// * * * * * * * * * * * * * * * * * * * * * * * * * * * * * * * * * * * * * //

dimensions      [0 0 0 1 0 0 0];

internalField   nonuniform List<scalar> 
14020
(
427.554
427.554
427.556
427.561
427.562
427.564
427.565
427.565
427.565
427.565
427.569
427.573
427.578
427.583
427.588
427.59
427.589
427.586
427.581
427.575
427.568
427.561
427.552
427.542
427.529
427.511
427.486
427.451
427.406
427.352
427.292
427.232
427.18
427.147
427.136
427.136
427.14
427.146
427.154
427.166
427.183
427.205
427.232
427.261
427.291
427.319
427.341
427.358
427.368
427.375
427.378
427.38
427.381
427.383
427.385
427.39
427.396
427.403
427.409
427.414
427.418
427.421
427.422
427.422
427.422
427.422
427.422
427.425
427.427
427.43
427.433
427.437
427.44
427.442
427.443
427.444
427.443
427.442
427.441
427.441
427.441
427.441
427.441
427.44
427.439
427.437
427.434
427.433
427.432
427.433
427.434
427.436
427.439
427.441
427.443
427.445
427.446
427.447
427.447
427.446
427.446
427.445
427.445
427.444
427.444
427.443
427.441
427.44
427.438
427.437
427.435
427.434
427.433
427.433
427.433
427.433
427.433
427.433
427.432
427.43
427.428
427.426
427.423
427.42
427.418
427.416
427.414
427.412
427.411
427.409
427.407
427.405
427.402
427.4
427.397
427.395
427.393
427.392
427.39
427.389
427.387
427.385
427.383
427.381
427.378
427.375
427.373
427.37
427.369
427.367
427.365
427.364
427.362
427.36
427.358
427.355
427.353
427.35
427.348
427.346
427.344
427.342
427.34
427.337
427.335
427.332
427.329
427.326
427.323
427.32
427.317
427.315
427.313
427.31
427.308
427.305
427.302
427.299
427.295
427.292
427.288
427.285
427.282
427.278
427.275
427.272
427.268
427.265
427.261
427.257
427.254
427.25
427.247
427.243
427.24
427.237
427.234
427.23
427.226
427.223
427.219
427.215
427.211
427.207
427.203
427.2
427.196
427.193
427.189
427.186
427.182
427.179
427.175
427.172
427.169
427.165
427.163
427.16
427.158
427.155
427.142
427.068
426.553
424.954
422.226
418.818
414.952
410.928
406.571
402.045
395.142
427.554
427.554
427.556
427.561
427.562
427.564
427.565
427.565
427.565
427.565
427.569
427.573
427.578
427.583
427.588
427.59
427.589
427.586
427.581
427.575
427.568
427.56
427.552
427.542
427.529
427.511
427.485
427.45
427.406
427.352
427.292
427.232
427.18
427.146
427.135
427.136
427.14
427.146
427.154
427.166
427.183
427.205
427.232
427.261
427.291
427.319
427.341
427.358
427.368
427.374
427.378
427.38
427.381
427.383
427.385
427.39
427.396
427.403
427.409
427.414
427.418
427.421
427.422
427.422
427.422
427.422
427.422
427.425
427.427
427.43
427.433
427.437
427.44
427.442
427.443
427.444
427.443
427.442
427.441
427.441
427.441
427.441
427.441
427.44
427.439
427.437
427.434
427.433
427.432
427.433
427.434
427.436
427.439
427.441
427.443
427.445
427.446
427.447
427.447
427.446
427.446
427.445
427.445
427.444
427.444
427.443
427.441
427.44
427.438
427.437
427.435
427.434
427.433
427.433
427.433
427.433
427.433
427.433
427.432
427.43
427.428
427.426
427.423
427.42
427.418
427.416
427.414
427.412
427.411
427.409
427.407
427.405
427.402
427.4
427.397
427.395
427.393
427.392
427.39
427.389
427.387
427.385
427.383
427.381
427.378
427.375
427.373
427.37
427.369
427.367
427.365
427.364
427.362
427.36
427.358
427.355
427.353
427.35
427.348
427.346
427.344
427.342
427.34
427.337
427.335
427.332
427.329
427.326
427.323
427.32
427.317
427.315
427.313
427.31
427.308
427.305
427.302
427.299
427.295
427.292
427.288
427.285
427.282
427.278
427.275
427.272
427.268
427.265
427.261
427.257
427.254
427.25
427.247
427.243
427.24
427.237
427.234
427.23
427.226
427.223
427.219
427.215
427.211
427.207
427.203
427.2
427.196
427.193
427.189
427.186
427.182
427.179
427.175
427.172
427.169
427.165
427.163
427.16
427.158
427.155
427.142
427.07
426.564
424.976
422.241
418.82
414.93
410.876
406.49
401.969
395.206
427.554
427.554
427.556
427.561
427.562
427.564
427.565
427.565
427.565
427.565
427.569
427.573
427.578
427.583
427.588
427.59
427.589
427.586
427.581
427.575
427.568
427.56
427.552
427.542
427.529
427.511
427.485
427.45
427.405
427.351
427.291
427.231
427.18
427.146
427.135
427.135
427.14
427.146
427.153
427.166
427.183
427.205
427.232
427.262
427.291
427.319
427.342
427.358
427.368
427.374
427.378
427.38
427.381
427.383
427.385
427.39
427.396
427.403
427.409
427.414
427.418
427.421
427.422
427.422
427.422
427.422
427.422
427.425
427.427
427.43
427.433
427.437
427.44
427.442
427.443
427.444
427.443
427.442
427.441
427.441
427.441
427.441
427.441
427.44
427.439
427.437
427.434
427.433
427.432
427.433
427.434
427.436
427.438
427.441
427.443
427.445
427.446
427.447
427.447
427.446
427.446
427.445
427.445
427.444
427.444
427.443
427.441
427.44
427.438
427.437
427.435
427.434
427.433
427.433
427.433
427.433
427.433
427.433
427.432
427.431
427.428
427.426
427.423
427.42
427.418
427.416
427.414
427.412
427.411
427.409
427.407
427.405
427.402
427.4
427.397
427.395
427.393
427.392
427.39
427.389
427.387
427.385
427.383
427.381
427.378
427.375
427.373
427.37
427.369
427.367
427.365
427.364
427.362
427.36
427.358
427.355
427.353
427.35
427.348
427.346
427.344
427.342
427.34
427.337
427.335
427.332
427.329
427.326
427.323
427.32
427.317
427.315
427.313
427.31
427.308
427.305
427.302
427.299
427.295
427.292
427.288
427.285
427.282
427.278
427.275
427.272
427.268
427.265
427.261
427.257
427.254
427.25
427.247
427.243
427.24
427.237
427.234
427.23
427.226
427.223
427.219
427.215
427.211
427.207
427.203
427.2
427.196
427.193
427.189
427.186
427.182
427.179
427.175
427.172
427.169
427.165
427.163
427.16
427.157
427.155
427.142
427.073
426.582
425.002
422.245
418.791
414.861
410.805
406.42
401.937
395.359
427.554
427.554
427.556
427.561
427.562
427.564
427.565
427.566
427.565
427.566
427.569
427.573
427.578
427.583
427.587
427.59
427.59
427.586
427.581
427.575
427.568
427.56
427.552
427.542
427.528
427.51
427.485
427.45
427.405
427.35
427.29
427.23
427.178
427.145
427.134
427.134
427.139
427.145
427.153
427.165
427.182
427.205
427.232
427.262
427.292
427.319
427.342
427.358
427.368
427.374
427.378
427.38
427.381
427.382
427.385
427.39
427.396
427.403
427.409
427.414
427.418
427.421
427.422
427.422
427.422
427.422
427.422
427.425
427.427
427.43
427.433
427.437
427.44
427.442
427.443
427.444
427.443
427.442
427.441
427.441
427.441
427.441
427.441
427.44
427.439
427.437
427.434
427.433
427.432
427.433
427.434
427.436
427.438
427.441
427.443
427.445
427.446
427.447
427.447
427.446
427.446
427.445
427.445
427.444
427.444
427.443
427.441
427.44
427.438
427.437
427.435
427.434
427.433
427.433
427.433
427.433
427.433
427.433
427.432
427.431
427.428
427.426
427.423
427.42
427.418
427.416
427.414
427.412
427.411
427.409
427.407
427.405
427.402
427.4
427.397
427.395
427.393
427.392
427.39
427.389
427.387
427.385
427.383
427.381
427.378
427.375
427.373
427.37
427.369
427.367
427.365
427.364
427.362
427.36
427.358
427.355
427.353
427.35
427.348
427.346
427.344
427.342
427.34
427.337
427.335
427.332
427.329
427.326
427.323
427.32
427.317
427.315
427.313
427.31
427.308
427.305
427.302
427.299
427.295
427.292
427.288
427.285
427.282
427.278
427.275
427.272
427.268
427.265
427.261
427.257
427.254
427.25
427.247
427.243
427.24
427.237
427.234
427.23
427.226
427.223
427.219
427.215
427.211
427.207
427.203
427.2
427.196
427.193
427.189
427.186
427.182
427.179
427.175
427.172
427.169
427.165
427.163
427.16
427.157
427.155
427.143
427.078
426.606
425.031
422.239
418.738
414.777
410.731
406.358
401.936
395.526
427.554
427.554
427.556
427.561
427.562
427.564
427.565
427.566
427.565
427.566
427.569
427.573
427.578
427.582
427.587
427.59
427.589
427.586
427.581
427.575
427.568
427.56
427.552
427.541
427.528
427.51
427.484
427.449
427.404
427.35
427.289
427.229
427.177
427.144
427.133
427.133
427.137
427.144
427.152
427.164
427.182
427.205
427.232
427.263
427.293
427.32
427.342
427.358
427.368
427.374
427.377
427.379
427.38
427.382
427.385
427.389
427.396
427.403
427.409
427.414
427.418
427.421
427.422
427.422
427.422
427.422
427.422
427.425
427.427
427.43
427.433
427.437
427.44
427.442
427.443
427.444
427.443
427.442
427.441
427.441
427.441
427.441
427.441
427.44
427.439
427.437
427.434
427.433
427.432
427.433
427.434
427.436
427.438
427.441
427.443
427.445
427.446
427.447
427.447
427.446
427.446
427.445
427.445
427.444
427.444
427.443
427.441
427.44
427.438
427.437
427.435
427.434
427.433
427.433
427.433
427.433
427.433
427.433
427.432
427.431
427.428
427.426
427.423
427.42
427.418
427.416
427.414
427.412
427.411
427.409
427.407
427.405
427.402
427.4
427.397
427.395
427.393
427.392
427.39
427.389
427.387
427.385
427.383
427.381
427.378
427.375
427.373
427.37
427.369
427.367
427.365
427.364
427.362
427.36
427.358
427.355
427.353
427.35
427.348
427.346
427.344
427.342
427.34
427.337
427.335
427.332
427.329
427.326
427.323
427.32
427.317
427.315
427.313
427.31
427.308
427.305
427.302
427.299
427.295
427.292
427.288
427.285
427.282
427.278
427.275
427.272
427.268
427.265
427.261
427.257
427.254
427.25
427.247
427.243
427.24
427.237
427.234
427.23
427.226
427.223
427.219
427.215
427.211
427.207
427.203
427.2
427.196
427.193
427.189
427.186
427.182
427.179
427.175
427.172
427.169
427.165
427.163
427.16
427.157
427.155
427.144
427.083
426.632
425.062
422.225
418.67
414.679
410.657
406.302
401.956
395.698
427.554
427.554
427.556
427.561
427.562
427.564
427.565
427.566
427.565
427.566
427.569
427.573
427.578
427.582
427.587
427.59
427.589
427.586
427.581
427.575
427.568
427.56
427.551
427.541
427.528
427.51
427.484
427.448
427.403
427.349
427.288
427.227
427.175
427.142
427.131
427.131
427.136
427.143
427.15
427.163
427.181
427.205
427.233
427.264
427.294
427.321
427.343
427.358
427.368
427.373
427.376
427.378
427.38
427.381
427.384
427.389
427.395
427.403
427.409
427.414
427.418
427.421
427.422
427.422
427.422
427.422
427.422
427.424
427.427
427.43
427.433
427.437
427.44
427.442
427.443
427.444
427.443
427.442
427.441
427.441
427.441
427.441
427.441
427.44
427.439
427.437
427.434
427.433
427.432
427.433
427.434
427.436
427.438
427.441
427.443
427.445
427.446
427.447
427.447
427.446
427.446
427.445
427.445
427.444
427.444
427.443
427.441
427.44
427.438
427.437
427.435
427.434
427.433
427.433
427.433
427.433
427.433
427.433
427.432
427.431
427.428
427.426
427.423
427.42
427.418
427.416
427.414
427.412
427.411
427.409
427.407
427.405
427.402
427.4
427.397
427.395
427.393
427.392
427.39
427.389
427.387
427.385
427.383
427.381
427.378
427.375
427.373
427.37
427.369
427.367
427.365
427.364
427.362
427.36
427.358
427.355
427.353
427.35
427.348
427.346
427.344
427.342
427.34
427.337
427.335
427.332
427.329
427.326
427.323
427.32
427.317
427.315
427.313
427.31
427.308
427.305
427.302
427.299
427.295
427.292
427.288
427.285
427.282
427.278
427.275
427.272
427.268
427.265
427.261
427.257
427.254
427.25
427.247
427.243
427.24
427.237
427.234
427.23
427.226
427.223
427.219
427.215
427.211
427.207
427.203
427.2
427.196
427.193
427.189
427.186
427.182
427.179
427.175
427.172
427.169
427.165
427.162
427.16
427.157
427.155
427.144
427.089
426.659
425.091
422.206
418.598
414.579
410.585
406.25
402.005
395.849
427.554
427.554
427.556
427.56
427.562
427.564
427.565
427.566
427.565
427.566
427.569
427.573
427.578
427.582
427.587
427.589
427.589
427.586
427.581
427.575
427.568
427.56
427.551
427.541
427.528
427.51
427.483
427.448
427.402
427.348
427.287
427.226
427.173
427.14
427.129
427.129
427.134
427.141
427.149
427.162
427.181
427.205
427.233
427.264
427.295
427.322
427.344
427.359
427.368
427.373
427.376
427.378
427.379
427.381
427.384
427.389
427.395
427.403
427.409
427.415
427.418
427.421
427.422
427.422
427.422
427.422
427.422
427.424
427.427
427.43
427.433
427.437
427.44
427.442
427.444
427.444
427.443
427.442
427.441
427.441
427.441
427.441
427.441
427.44
427.439
427.437
427.434
427.433
427.432
427.433
427.434
427.436
427.438
427.441
427.443
427.445
427.446
427.447
427.447
427.446
427.446
427.445
427.445
427.444
427.444
427.443
427.441
427.44
427.438
427.437
427.435
427.434
427.433
427.433
427.433
427.433
427.433
427.433
427.432
427.431
427.428
427.426
427.423
427.42
427.418
427.416
427.414
427.412
427.411
427.409
427.407
427.405
427.402
427.4
427.397
427.395
427.393
427.392
427.39
427.389
427.387
427.385
427.383
427.38
427.378
427.375
427.373
427.37
427.369
427.367
427.365
427.364
427.362
427.36
427.358
427.355
427.353
427.35
427.348
427.346
427.344
427.342
427.34
427.337
427.335
427.332
427.329
427.326
427.323
427.32
427.317
427.315
427.313
427.31
427.308
427.305
427.302
427.299
427.295
427.292
427.288
427.285
427.282
427.278
427.275
427.272
427.268
427.265
427.261
427.257
427.254
427.25
427.247
427.243
427.24
427.237
427.234
427.23
427.226
427.223
427.219
427.215
427.211
427.207
427.203
427.2
427.196
427.193
427.189
427.186
427.182
427.179
427.175
427.172
427.169
427.165
427.162
427.16
427.157
427.155
427.145
427.093
426.682
425.116
422.187
418.535
414.49
410.531
406.22
402.071
395.97
427.554
427.554
427.556
427.56
427.562
427.564
427.565
427.566
427.565
427.565
427.569
427.573
427.578
427.582
427.587
427.589
427.589
427.586
427.581
427.575
427.568
427.559
427.551
427.541
427.529
427.51
427.483
427.448
427.403
427.348
427.287
427.225
427.172
427.138
427.127
427.128
427.132
427.14
427.148
427.161
427.18
427.205
427.234
427.265
427.296
427.323
427.344
427.359
427.367
427.372
427.375
427.377
427.378
427.38
427.383
427.388
427.395
427.403
427.409
427.415
427.418
427.421
427.422
427.422
427.422
427.422
427.422
427.424
427.427
427.43
427.434
427.437
427.44
427.442
427.444
427.444
427.443
427.442
427.441
427.441
427.441
427.441
427.441
427.44
427.439
427.437
427.434
427.433
427.432
427.433
427.434
427.436
427.438
427.441
427.443
427.445
427.446
427.447
427.447
427.446
427.446
427.445
427.445
427.444
427.444
427.443
427.441
427.44
427.438
427.437
427.435
427.434
427.433
427.433
427.433
427.433
427.433
427.433
427.432
427.431
427.428
427.426
427.423
427.42
427.418
427.416
427.414
427.412
427.411
427.409
427.407
427.405
427.402
427.4
427.397
427.395
427.393
427.392
427.39
427.389
427.387
427.385
427.383
427.38
427.378
427.375
427.373
427.37
427.369
427.367
427.365
427.364
427.362
427.36
427.358
427.355
427.353
427.35
427.348
427.346
427.344
427.342
427.34
427.337
427.335
427.332
427.329
427.326
427.323
427.32
427.317
427.315
427.313
427.31
427.308
427.305
427.302
427.299
427.295
427.292
427.288
427.285
427.282
427.278
427.275
427.272
427.268
427.265
427.261
427.257
427.254
427.25
427.247
427.243
427.24
427.237
427.234
427.23
427.226
427.223
427.219
427.215
427.211
427.207
427.203
427.2
427.196
427.193
427.189
427.186
427.182
427.179
427.175
427.172
427.169
427.165
427.162
427.159
427.157
427.155
427.146
427.096
426.698
425.133
422.173
418.49
414.429
410.488
406.195
402.135
396.04
427.554
427.554
427.556
427.56
427.562
427.564
427.565
427.566
427.565
427.565
427.569
427.573
427.578
427.583
427.587
427.59
427.59
427.587
427.582
427.576
427.568
427.559
427.551
427.541
427.529
427.509
427.482
427.447
427.402
427.347
427.286
427.223
427.17
427.137
427.126
427.127
427.131
427.139
427.148
427.161
427.181
427.205
427.234
427.266
427.297
427.324
427.345
427.359
427.367
427.372
427.375
427.377
427.378
427.38
427.383
427.388
427.395
427.403
427.409
427.415
427.418
427.421
427.422
427.422
427.422
427.422
427.422
427.424
427.427
427.43
427.434
427.437
427.44
427.442
427.444
427.444
427.443
427.442
427.441
427.441
427.441
427.441
427.441
427.44
427.439
427.437
427.434
427.433
427.432
427.433
427.434
427.436
427.438
427.441
427.443
427.445
427.446
427.447
427.447
427.446
427.446
427.445
427.445
427.444
427.444
427.443
427.441
427.44
427.438
427.437
427.435
427.434
427.433
427.433
427.433
427.433
427.433
427.433
427.432
427.431
427.428
427.426
427.423
427.42
427.418
427.416
427.414
427.412
427.411
427.409
427.407
427.405
427.402
427.4
427.397
427.395
427.393
427.392
427.39
427.389
427.387
427.385
427.383
427.38
427.378
427.375
427.373
427.37
427.369
427.367
427.365
427.364
427.362
427.36
427.358
427.355
427.353
427.35
427.348
427.346
427.344
427.342
427.34
427.337
427.335
427.332
427.329
427.326
427.323
427.32
427.317
427.315
427.313
427.31
427.308
427.305
427.302
427.299
427.295
427.292
427.288
427.285
427.282
427.278
427.275
427.272
427.268
427.265
427.261
427.257
427.254
427.25
427.247
427.243
427.24
427.237
427.234
427.23
427.226
427.223
427.219
427.215
427.211
427.207
427.203
427.2
427.196
427.193
427.189
427.186
427.182
427.179
427.175
427.172
427.169
427.165
427.162
427.159
427.157
427.155
427.147
427.098
426.706
425.14
422.16
418.461
414.398
410.464
406.183
402.199
396.08
293
293
293
293
293
293
293
293
293
293
293
293
293
293
293
293
293
293
293
293
293
293
293
293
293
293
293
293
293
293
293
293
293
293
293
293
293
293
293
293
293
293
293
293
293
293
293
293
293
293
293
293
293
293
293
293
293
293
293
293
293
293
293
293
293
293
293
293
293
293
293
293
293
293
293
293
293
293
293
293
293
293
293
293
293
293
293
293
293.003
293.168
295.169
301.342
307.463
309.566
308.559
304.843
301.536
299.43
297.982
297.598
293
293
293
293
293
293
293
293
293
293
293
293
293
293
293
293
293
293
293
293
293
293
293
293
293
293
293
293
293
293
293
293
293
293
293
293
293
293
293
293
293
293
293
293
293
293
293
293
293
293
293
293
293
293
293
293
293
293
293
293
293
293
293
293
293
293
293
293
293
293
293
293
293
293
293
293
293
293
293
293
293
293
293
293
293
293
293
293
293
293
293.014
293.413
296.246
302.315
307.086
308.417
306.644
303.692
301.411
299.186
293
293
293
293
293
293
293
293
293
293
293
293
293
293
293
293
293
293
293
293
293
293
293
293
293
293
293
293
293
293
293
293
293
293
293
293
293
293
293
293
293
293
293
293
293
293
293
293
293
293
293
293
293
293
293
293
293
293
293
293
293
293
293
293
293
293
293
293
293
293
293
293
293
293
293
293
293
293
293
293
293
293
293
293
293
293
293
293
293
293
293
293
293
293
293
293
293
293
293
293
293
293
293
293
293
293
293
293
293
293
293
293
293
293
293
293
293
293
293
293
293
293
293
293
293
293
293
293
293
293
293
293
293
293
293
293
293
293
293
293
293
293
293
293
293
293
293
293
293
293
293
293
293
293
293
293
293
293
293
293
293
293
293
293
293
293
293
293
293
293
293
293
293
293
293
293
293
293
293
293
293
293
293
293
293
293
293
293
293
293
293
293
293
293
293
293
293
293
293
293
293
293
293
293
293
293
293
293
293
293
293
293
293
293
293
293
293
293
293
293
293
293
293
293
293
293
293
293
293
293
293
293
293
293
293
293
293
293
293
293
293
293
293
293
293
293
293
293
293
293
293
293
293
293
293
293
293
293
293
293
293
293
293
293
293
293
293
293
293
293
293
293
293
293
293
293
293
293
293
293
293
293
293
293
293
293
293
293
293
293
293
293
293
293
293
293
293
293
293
293
293
293
293
293
293
293
293
293
293
293
293
293
293
293
293
293
293
293
293
293
293
293
293
293
293
293
293
293
293
293
293
293
293
293
293
293
293
293
293
293
293
293
293
293
293
293
293
293
293
293
293
293
293
293
293
293
293
293
293
293
293
293
293
293
293
293
293
293
293
293
293
293
293
293
293
293
293
293
293
293
293
293
293
293
293
293
293
293
293
293
293
293
293
293
293
293
293
293
293
293
293
293
293
293
293
293
293
293
293
293
293
293
293
293
293
293
293
293
293
293
293
293
293
293
293
293
293
293
293
293
293
293
293
293
293
293
293
293
293
293
293
293
293
293
293
293
293
293
293
293
293
293
293
293
293
293
293
293
293
293
293
293
293
293
293
293
293
293
293
293
293
293
293
293
293
293
293
293
293
293
293
293
293
293
293
293
293
293
293
293
293
293
293
293
293
293
293
293
293
293
293
293
293
293
293
293
293
293
293
293
293
293
293
293
293
293
293
293
293
293
293
293
293
293
293
293
293
293
293
293
293
293
293
293
293
293
293
293
293
293
293
293
293
293
293
293
293
293
293
293
293
293
293
293
293
293
293
293
293
293
293
293
293
293
293
293
293
293
293
293
293
293
293
293
293
293
293
293
293
293
293
293
293
293
293
293
293
293
293
293
293
293
293
293
293
293
293
293
293
293
293
293
293
293
293
293
293
293
293
293
293
293
293
293
293
293
293
293
293
293
293
293
293
293
293
293
293
293
293
293
293
293
293
293
293
293
293
293
293
293
293
293
293
293
293
293
293
293
293
293
293
293
293
293
293
293
293
293
293
293
293
293
293
293
293
293
293
293
293
293
293
293
293
293
293
293
293
293
293
293
293
293
293
293
293
293
293
293
293
293
293
293
293
293
293
293
293
293
293
293
293
293
293
293
293
293
293
293
293
293
293
293
293
293
293
293
293
293
293
293
293
293
293
293
293
293
293
293
293
293
293
293
293
293
293
293
293
293
293
293
293
293
293
293
293
293
293
293
293
293
293
293
293
293
293
293
293
293
293
293
293
293
293
293
293
293
293
293
293
293
293
293
293
293
293
293
293
293
293
293
293
293
293
293
293
293
293
293
293
293
293
293
293
293
293
293
293
293
293
293
293
293
293
293
293
293
293
293
293
293
293
293
293
293
293
293
293
293
293
293
293
293
293
293
293
293
293
293
293
293
293
293
293
293
293
293
293
293
293
293
293
293
293
293
293
293
293
293
293
293
293
293
293
293
293
293
293
293
293
293
293
293
293
293
293
293
293
293
293
293
293
293
293
293
293
293
293
293
293
293
293
293
293
293
293
293
293
293
293
293
293
293
293
293
293
293
293
293
293
293
293
293
293
293
293
293
293
293
293
293
293
293
293
293
293
293
293
293
293
293
293
293
293
293
293
293
293
293
293
293
293
293
293
293
293
293
293
293
293
293
293
293
293
293
293
293
293
293
293
293
293
293
293
293
293
293
293
293
293
293
293
293
293
293
293
293
293
293
293
293
293
293
293
293
293
293
293
293
293
293
293
293
293
293
293
293
293
293
293
293
293
293
293
293
293
293
293
293
293
293
293
293
293
293
293
293
293
293
293
293
293
293
293
293
293
293
293
293
293
293
293
293
293
293
293
293
293
293
293
293
293
293
293
293
293
293
293
293
293
293
293
293
293
293
293
293
293
293
293
293
293
293
293
293
293
293
293
293
293
293
293
293
293
293
293
293
293
293
293
293
293
293
293
293
293
293
293
293
293
293
293
293
293
293
293
293
293
293
293
293
293
293
293
293
293
293
293
293
293
293
293
293
293
293
293
293
293
293
293
293
293
293
293
293
293
293
293
293
293
293
293
293
293
293
293
293
293
293
293
293
293
293
293
293
293
293
293
293
293
293
293
293
293
293
293
293
293
293
293
293
293
293
293
293
293
293
293
293
293
293
293
293
293
293
293
293
293
293
293
293
293
293
293
293
293
293
293
293
293
293
293
293
293
293
293
293
293
293
293
293
293
293
293
293
293
293
293
293
293
293
293
293
293
293
293
293
293
293
293
293
293
293
293
293
293
293
293
293
293
293
293
293
293
293
293
293
293
293
293
293
293
293
293
293
293
293
293
293
293
293
293
293
293
293
293
293
293
293
293
293
293
293
293
293
293
293
293
293
293
293
293
293
293
293
293
293
293
293
293
293
293
293
293
293
293
293
293
293
293
293
293
293
293
293
293
293
293
293
293
293
293
293
293
293
293
293
293
293
293
293
293
293
293
293
293
293
293
293
293
293
293
293
293
293
293
293
293
293
293
293
293
293
293
293
293
293
293
293
293
293
293
293
293
293
293
293
293
293
293
293
293
293
293
293
293
293
293
293
293
293
293
293
293
293
293
293
293
293
293
293
293
293
293
293
293
293
293
293
293
293
293
293
293
293
293
293
293
293
293
293
293
293
293
293
293
293
293
293
293
293
293
293
293
293
293
293
293
293
293
293
293
293
293
293
293
293
293
293
293
293
293
293
293
293
293
293
293
293
293
293
293
293
293
293
293
293
293
293
293
293
293
293
293
293
293
293
293
293
293
293
293
293
293
293
293
293
293
293
293
293
293
293
293
293
293
293
293
293
293
293
293
293
293
293
293
293
293
293
293
293
293
293
293
293
293
293
293
293
293
293
293
293
293
293
293
293
293
293
293
293
293
293
293
293
293
293
293
293
293
293
293
293
293
293
293
293
293
293
293
293
293
293
293
293
293
293
293
293
293
293
293
293
293
293
293
293
293
293
293
293
293
293
293
293
293
293
293
293
293
293
293
293
293
293
293
293
293
293
293
293
293
293
293
293
293
293
293
293
293
293
293
293
293
293
293
293
293
293
293
293
293
293
293
293
293
293
293
293
293
293
293
293
293
293
293
293
293
293
293
293
293
293
293
293
293
293
293
293
293
293
293
293
293
293
293
293
293
293
293
293
293
293
293
293
293
293
293
293
293
293
293
293
293
293
293
293
293
293
293
293
293
293
293
293
293
293
293
293
293
293
293
293
293
293
293
293
293
293
293
293
293
293
293
293
293
293
293
293
293
293
293
293
293
293
293
293
293
293
293
293
293
293
293
293
293
293
293
293
293
293
293
293
293
293
293
293
293
293
293
293
293
293
293
293
293
293
293
293
293
293
293
293
293
293
293
293
293
293
293
293
293
293
293
293
293
293
293
293
293
293
293
293
293
293
293
293
293
293
293
293
293
293
293
293
293
293
293
293
293
293
293
293
293
293
293
293
293
293
293
293
293
293
293
293
293
293
293
293
293
293
293
293
293
293
293
293
293
293
293
293
293
293
293
293
293
293
293
293
293
293
293
293
293
293
293
293
293
293
293
293
293
293
293
293
293
293
293
293
293
293
293
293
293
293
293
293
293
293
293
293
293
293
293
293
293
293
293
293
293
293
293
293
293
293
293
293
293
293
293
293
293
293
293
293
293
293
293
293
293
293
293
293
293
293
293
293
293
293
293
293
293
293
293
293
293
293
293
293
293
293
293
293
293
293
293
293
293
293
293
293
293
293
293
293
293
293
293
293
293
293
293
293
293
293
293
293
293
293
293
293
293
293
293
293
293
293
293
293
293
293
293
293
293
293
293
293
293
293
293
293
293
293
293
293
293
293
293
293
293
293
293
293
293
293
293
293
293
293
293
293
293
293
293
293
293
293
293
293
293
293
293
293
293
293
293
293
293
293
293
293
293
293
293
293
293
293
293
293
293
293
293
293
293
293
293
293
293
293
293
293
293
293
293
293
293
293
293
293
293
293
293
293
293
293
293
293
293
293
293
293
293
293
293
293
293
293
293
293
293
293
293
293
293
293
293
293
293
293
293
293
293
293
293
293
293
293
293
293
293
293
293
293
293
293
293
293
293
293
293
293
293
293
293
293
293
293
293
293
293
293
293
293
293
293
293
293
293
293
293
293
293
293
293
293
293
293
293
293
293
293
293
293
293
293
293
293
293
293
293
293
293
293
293
293
293
293
293
293
293
293
293
293
293
293
293
293
293
293
293
293
293
293
293
293
293
293
293
293
293
293
293
293
293
293
293
293
293
293
293
293
293
293
293
293
293
293
293
293
293
293
293
293
293
293
293
293
293
293
293
293
293
293
293
293
293
293
293
293
293
293
293
293
293
293
293
293
293
293
293
293
293
293
293
293
293
293
293
293
293
293
293
293
293
293
293
293
293
293
293
293
293
293
293
293
293
293
293
293
293
293
293
293
293
293
293
293
293
293
293
293
293
293
293
293
293
293
293
293
293
293
293
293
293
293
293
293
293
293
293
293
293
293
293
293
293
293
293
293
293
293
293
293
293
293
293
293
293
293
293
293
293
293
293
293
293
293
293
293
293
293
293
293
293
293
293
293
293
293
293
293
293
293
293
293
293
293
293
293
293
293
293
293
293
293
293
293
293
293
293
293
293
293
293
293
293
293
293
293
293
293
293
293
293
293
293
293
293
293
293
293
293
293
293
293
293
293
293
293
293
293
293
293
293
293
293
293
293
293
293
293
293
293
293
293
293
293
293
293
293
293
293
293
293
293
293
293
293
293
293
293
293
293
293
293
293
293
293
293
293
293
293
293
293
293
293
293
293
293
293
293
293
293
293
293
293
293
293
293
293
293
293
293
293
293
293
293
293
293
293
293
293
293
293
293
293
293
293
293
293
293
293
293
293
293
293
293
293
293
293
293
293
293
293
293
293
293
293
293
293
293
293
293
293
293
293
293
293
293
293
293
293
293
293
293
293
293
293
293
293
293
293
293
293
293
293
293
293
293
293
293
293
293
293
293
293
293
293
293
293
293
293
293
293
293
293
293
293
293
293
293
293
293
293
293
293
293
293
293
293
293
293
293
293
293
293
293
293
293
293
293
293
293
293
293
293
293
293
293
293
293
293
293
293
293
293
293
293
293
293
293
293
293
293
293
293
293
293
293
293
293
293
293
293
293
293
293
293
293
293
293
293
293
293
293
293
293
293
293
293
293
293
293
293
293
293
293
293
293
293
293
293
293
293
293
293
293
293
293
293
293
293
293
293
293
293
293
293
293
293
293
293
293
293
293
293
293
293
293
293
293
293
293
293
293
293
293
293
293
293
293
293
293
293
293
293
293
293
293
293
293
293
293
293
293
293
293
293
293
293
293
293
293
293
293
293
293
293
293
293
293
293
293
293
293
293
293
293
293
293
293
293
293
293
293
293
293
293
293
293
293
293
293
293
293
293
293
293
293
293
293
293
293
293
293
293
293
293
293
293
293
293
293
293
293
293
293
293
293
293
293
293
293
293
293
293
293
293
293
293
293
293
293
293
293
293
293
293
293
293
293
293
293
293
293
293
293
293
293
293
293
293
293
293
293
293
293
293
293
293
293
293
293
293
293
293
293
293
293
293
293
293
293
293
293
293
293
293
293
293
293
293
293
293
293
293
293
293
293
293
293
293
293
293
293
293
293
293
293
293
293
293
293
293
293
293
293
293
293
293
293
293
293
293
293
293
293
293
293
293
293
293
293
293
293
293.007
293.341
296.565
305.219
315.641
326.781
339.183
345.381
346.494
344.29
254.392
235.665
280.589
335.137
375.598
293
293
293
293
293
293
293
293
293
293
293
293
293
293
293
293
293
293
293
293
293
293
293
293
293
293
293
293
293
293
293
293
293
293
293
293
293
293
293
293
293
293
293
293
293
293
293
293
293
293
293
293
293
293
293
293
293
293
293
293
293
293
293
293
293
293
293
293
293
293
293
293
293
293
293
293
293
293
293
293
293
293
293
293.007
293.334
296.531
305.234
315.708
326.911
339.27
345.703
347.328
347.085
258.953
240.499
284.841
334.922
374.959
293
293
293
293
293
293
293
293
293
293
293
293
293
293
293
293
293
293
293
293
293
293
293
293
293
293
293
293
293
293
293
293
293
293
293
293
293
293
293
293
293
293
293
293
293
293
293
293
293
293
293
293
293
293
293
293
293
293
293
293
293
293
293
293
293
293
293
293
293
293
293
293
293
293
293
293
293
293
293
293
293
293
293
293.006
293.317
296.437
305.09
315.484
326.338
338.232
344.854
347.25
347.528
261.877
237.989
279.643
331.986
373.637
293
293
293
293
293
293
293
293
293
293
293
293
293
293
293
293
293
293
293
293
293
293
293
293
293
293
293
293
293
293
293
293
293
293
293
293
293
293
293
293
293
293
293
293
293
293
293
293
293
293
293
293
293
293
293
293
293
293
293
293
293
293
293
293
293
293
293
293
293
293
293
293
293
293
293
293
293
293
293
293
293
293
293
293.005
293.294
296.302
304.891
315.248
325.767
337.306
344.277
347.559
349.044
267.593
237.285
274.013
327.271
371.555
293
293
293
293
293
293
293
293
293
293
293
293
293
293
293
293
293
293
293
293
293
293
293
293
293
293
293
293
293
293
293
293
293
293
293
293
293
293
293
293
293
293
293
293
293
293
293
293
293
293
293
293
293
293
293
293
293
293
293
293
293
293
293
293
293
293
293
293
293
293
293
293
293
293
293
293
293
293
293
293
293
293
293
293.005
293.265
296.128
304.613
314.891
324.966
336.211
343.805
348.162
350.961
276.519
238.169
266.085
320.28
368.322
293
293
293
293
293
293
293
293
293
293
293
293
293
293
293
293
293
293
293
293
293
293
293
293
293
293
293
293
293
293
293
293
293
293
293
293
293
293
293
293
293
293
293
293
293
293
293
293
293
293
293
293
293
293
293
293
293
293
293
293
293
293
293
293
293
293
293
293
293
293
293
293
293
293
293
293
293
293
293
293
293
293
293
293.004
293.234
295.919
304.254
314.452
324.059
334.925
343.259
348.916
352.797
287.532
241.208
257.554
310.492
363.236
293
293
293
293
293
293
293
293
293
293
293
293
293
293
293
293
293
293
293
293
293
293
293
293
293
293
293
293
293
293
293
293
293
293
293
293
293
293
293
293
293
293
293
293
293
293
293
293
293
293
293
293
293
293
293
293
293
293
293
293
293
293
293
293
293
293
293
293
293
293
293
293
293
293
293
293
293
293
293
293
293
293
293
293.003
293.2
295.68
303.814
313.919
323.029
333.515
342.658
349.379
353.451
297.493
249.28
251.497
297.771
355.406
293
293
293
293
293
293
293
293
293
293
293
293
293
293
293
293
293
293
293
293
293
293
293
293
293
293
293
293
293
293
293
293
293
293
293
293
293
293
293
293
293
293
293
293
293
293
293
293
293
293
293
293
293
293
293
293
293
293
293
293
293
293
293
293
293
293
293
293
293
293
293
293
293
293
293
293
293
293
293
293
293
293
293
293.002
293.166
295.418
303.291
313.294
321.952
332.03
341.818
349.131
352.684
305.64
260.142
255.955
285.734
343.716
293
293
293
293
293
293
293
293
293
293
293
293
293
293
293
293
293
293
293
293
293
293
293
293
293
293
293
293
293
293
293
293
293
293
293
293
293
293
293
293
293
293
293
293
293
293
293
293
293
293
293
293
293
293
293
293
293
293
293
293
293
293
293
293
293
293
293
293
293
293
293
293
293
293
293
293
293
293
293
293
293
293
293
293.002
293.133
295.138
302.69
312.582
320.837
330.442
340.607
347.924
350.69
312.711
273.368
267.1
281.129
327.838
293
293
293
293
293
293
293
293
293
293
293
293
293
293
293
293
293
293
293
293
293
293
293
293
293
293
293
293
293
293
293
293
293
293
293
293
293
293
293
293
293
293
293
293
293
293
293
293
293
293
293
293
293
293
293
293
293
293
293
293
293
293
293
293
293
293
293
293
293
293
293
293
293
293
293
293
293
293
293
293
293
293
293
293.001
293.098
294.792
301.868
311.63
319.509
328.509
338.705
345.832
347.648
315.875
285.818
283.339
290.17
299.116
293
293
293
293
293
293
293
293
293
293
293
293
293
293
293
293
293
293
293
293
293
293
293
293
293
293
293
293
293
293
293
293
293
293
293
293
293
293
293
293
293
293
293
293
293
293
293
293
293
293
293
293
293
293
293
293
293
293
293
293
293
293
293
293
293
293
293
293
293
293
293
293
293
293
293
293
293
293
293
293
293
293
293
293.001
293.064
294.397
300.818
310.433
317.982
326.086
335.873
343.282
345.172
319.165
296.877
296.514
301.872
307.575
293
293
293
293
293
293
293
293
293
293
293
293
293
293
293
293
293
293
293
293
293
293
293
293
293
293
293
293
293
293
293
293
293
293
293
293
293
293
293
293
293
293
293
293
293
293
293
293
293
293
293
293
293
293
293
293
293
293
293
293
293
293
293
293
293
293
293
293
293
293
293
293
293
293
293
293
293
293
293
293
293
293
293
293
293.038
294.027
299.679
309.125
316.49
323.5
332.148
339.98
342.711
322.525
306.713
308.146
312.616
316.088
293
293
293
293
293
293
293
293
293
293
293
293
293
293
293
293
293
293
293
293
293
293
293
293
293
293
293
293
293
293
293
293
293
293
293
293
293
293
293
293
293
293
293
293
293
293
293
293
293
293
293
293
293
293
293
293
293
293
293
293
293
293
293
293
293
293
293
293
293
293
293
293
293
293
293
293
293
293
293
293
293
293
293
293
293.02
293.702
298.482
307.696
315.079
320.97
327.655
334.826
338.254
324.545
315.094
317.054
320.433
322.551
293
293
293
293
293
293
293
293
293
293
293
293
293
293
293
293
293
293
293
293
293
293
293
293
293
293
293
293
293
293
293
293
293
293
293
293
293
293
293
293
293
293
293
293
293
293
293
293
293
293
293
293
293
293
293
293
293
293
293
293
293
293
293
293
293
293
293
293
293
293
293
293
293
293
293
293
293
293
293
293
293
293
293
293
293.009
293.44
297.274
306.108
313.737
318.789
323.228
327.99
331.157
323.499
317.565
321.362
324.627
326.366
293
293
293
293
293
293
293
293
293
293
293
293
293
293
293
293
293
293
293
293
293
293
293
293
293
293
293
293
293
293
293
293
293
293
293
293
293
293
293
293
293
293
293
293
293
293
293
293
293
293
293
293
293
293
293
293
293
293
293
293
293
293
293
293
293
293
293
293
293
293
293
293
293
293
293
293
293
293
293
293
293
293
293
293
293.004
293.248
296.12
304.337
312.366
316.964
319.648
321.449
323.057
318.171
313.69
316.184
318.931
320.707
293
293
293
293
293
293
293
293
293
293
293
293
293
293
293
293
293
293
293
293
293
293
293
293
293
293
293
293
293
293
293
293
293
293
293
293
293
293
293
293
293
293
293
293
293
293
293
293
293
293
293
293
293
293
293
293
293
293
293
293
293
293
293
293
293
293
293
293
293
293
293
293
293
293
293
293
293
293
293
293
293
293
293
293
293.001
293.122
295.095
302.387
310.801
315.327
316.88
316.254
314.659
310.135
306.366
306.678
308.043
309.093
293
293
293
293
293
293
293
293
293
293
293
293
293
293
293
293
293
293
293
293
293
293
293
293
293
293
293
293
293
293
293
293
293
293
293
293
293
293
293
293
293
293
293
293
293
293
293
293
293
293
293
293
293
293
293
293
293
293
293
293
293
293
293
293
293
293
293
293
293
293
293
293
293
293
293
293
293
293
293
293
293
293
293
293
293
293.051
294.262
300.304
308.888
313.662
314.785
313.333
309.2
303.658
300.148
298.287
298.351
299.002
293
293
293
293
293
293
293
293
293
293
293
293
293
293
293
293
293
293
293
293
293
293
293
293
293
293
293
293
293
293
293
293
293
293
293
293
293
293
293
293
293
293
293
293
293
293
293
293
293
293
293
293
293
293
293
293
293
293
293
293
293
293
293
293
293
293
293
293
293
293
293
293
293
293
293
293
293
293
293
293
293
293
293
293
293
293.017
293.658
298.205
306.607
312.009
313.285
311.758
307.014
301.555
296.98
294.98
294.796
294.965
293
293
293
293
293
293
293
293
293
293
293
293
293
293
293
293
293
293
293
293
293
293
293
293
293
293
293
293
293
293
293
293
293
293
293
293
293
293
293
293
293
293
293
293
293
293
293
293
293
293
293
293
293
293
293
293
293
293
293
293
293
293
293
293
293
293
293
293
293
293
293
293
293
293
293
293
293
293
293
293
293
293
293
293
293
293.005
293.284
296.278
303.974
310.257
312.129
310.98
306.582
301.569
297.267
295.086
294.618
294.486
293
293
293
293
293
293
293
293
293
293
293
293
293
293
293
293
293
293
293
293
293
293
293
293
293
293
293
293
293
293
293
293
293
293
293
293
293
293
293
293
293
293
293
293
293
293
293
293
293
293
293
293
293
293
293
293
293
293
293
293
293
293
293
293
293
293
293
293
293
293
293
293
293
293
293
293
293
293
293
293
293
293
293
293
293
293.001
293.094
294.737
301.08
308.224
311.051
310.535
306.801
302.106
298.476
296.194
295.451
295.096
293
293
293
293
293
293
293
293
293
293
293
293
293
293
293
293
293
293
293
293
293
293
293
293
293
293
293
293
293
293
293
293
293
293
293
293
293
293
293
293
293
293
293
293
293
293
293
293
293
293
293
293
293
293
293
293
293
293
293
293
293
293
293
293
293
293
293
293
293
293
293
293
293
293
293
293
293
293
293
293
293
293
293
293
293
293
293
293
293.021
293.703
298.123
305.675
309.936
310.288
307.542
302.93
299.819
297.65
296.627
296.52
395.142
402.045
406.571
410.927
414.952
418.818
422.226
424.954
426.553
427.068
427.142
427.155
427.158
427.16
427.163
427.165
427.169
427.172
427.175
427.179
427.182
427.186
427.189
427.193
427.196
427.2
427.203
427.207
427.211
427.215
427.219
427.223
427.226
427.23
427.234
427.237
427.24
427.243
427.247
427.25
427.254
427.257
427.261
427.265
427.268
427.272
427.275
427.278
427.282
427.285
427.288
427.292
427.295
427.299
427.302
427.305
427.308
427.31
427.313
427.315
427.317
427.32
427.323
427.326
427.329
427.332
427.335
427.337
427.34
427.342
427.344
427.346
427.348
427.35
427.353
427.355
427.358
427.36
427.362
427.364
427.365
427.367
427.369
427.37
427.373
427.375
427.378
427.381
427.383
427.385
427.387
427.389
427.39
427.392
427.393
427.395
427.397
427.4
427.402
427.405
427.407
427.409
427.411
427.412
427.414
427.416
427.418
427.42
427.423
427.426
427.428
427.43
427.432
427.433
427.433
427.433
427.433
427.433
427.433
427.434
427.435
427.437
427.438
427.44
427.441
427.443
427.444
427.444
427.445
427.445
427.446
427.446
427.447
427.447
427.446
427.445
427.443
427.441
427.439
427.436
427.434
427.433
427.432
427.433
427.434
427.437
427.439
427.44
427.441
427.441
427.441
427.441
427.441
427.442
427.443
427.444
427.443
427.442
427.44
427.437
427.433
427.43
427.427
427.425
427.422
427.422
427.422
427.422
427.422
427.421
427.418
427.414
427.409
427.403
427.396
427.39
427.385
427.383
427.381
427.38
427.378
427.375
427.368
427.358
427.341
427.319
427.291
427.261
427.232
427.205
427.183
427.166
427.154
427.146
427.14
427.136
427.136
427.147
427.18
427.232
427.292
427.352
427.406
427.451
427.486
427.511
427.529
427.542
427.552
427.561
427.568
427.575
427.581
427.586
427.589
427.59
427.588
427.583
427.578
427.573
427.569
427.565
427.565
427.565
427.565
427.564
427.562
427.561
427.556
427.554
427.554
395.206
401.969
406.49
410.875
414.93
418.82
422.241
424.976
426.564
427.07
427.142
427.155
427.158
427.16
427.163
427.165
427.169
427.172
427.175
427.179
427.182
427.186
427.189
427.193
427.196
427.2
427.203
427.207
427.211
427.215
427.219
427.223
427.226
427.23
427.234
427.237
427.24
427.243
427.247
427.25
427.254
427.257
427.261
427.265
427.268
427.272
427.275
427.278
427.282
427.285
427.288
427.292
427.295
427.299
427.302
427.305
427.308
427.31
427.313
427.315
427.317
427.32
427.323
427.326
427.329
427.332
427.335
427.337
427.34
427.342
427.344
427.346
427.348
427.35
427.353
427.355
427.358
427.36
427.362
427.364
427.365
427.367
427.369
427.37
427.373
427.375
427.378
427.381
427.383
427.385
427.387
427.389
427.39
427.392
427.393
427.395
427.397
427.4
427.402
427.405
427.407
427.409
427.411
427.412
427.414
427.416
427.418
427.42
427.423
427.426
427.428
427.43
427.432
427.433
427.433
427.433
427.433
427.433
427.433
427.434
427.435
427.437
427.438
427.44
427.441
427.443
427.444
427.444
427.445
427.445
427.446
427.446
427.447
427.447
427.446
427.445
427.443
427.441
427.439
427.436
427.434
427.433
427.432
427.433
427.434
427.437
427.439
427.44
427.441
427.441
427.441
427.441
427.441
427.442
427.443
427.444
427.443
427.442
427.44
427.437
427.433
427.43
427.427
427.425
427.422
427.422
427.422
427.422
427.422
427.421
427.418
427.414
427.409
427.403
427.396
427.39
427.385
427.383
427.381
427.38
427.378
427.374
427.368
427.358
427.341
427.319
427.291
427.261
427.232
427.205
427.183
427.166
427.154
427.146
427.14
427.136
427.135
427.146
427.18
427.231
427.292
427.352
427.406
427.45
427.485
427.511
427.529
427.542
427.552
427.56
427.568
427.575
427.581
427.586
427.589
427.59
427.588
427.583
427.578
427.573
427.569
427.565
427.565
427.565
427.565
427.564
427.562
427.561
427.556
427.554
427.554
395.359
401.937
406.42
410.805
414.861
418.791
422.245
425.002
426.582
427.073
427.142
427.155
427.157
427.16
427.163
427.165
427.169
427.172
427.175
427.179
427.182
427.186
427.189
427.193
427.196
427.2
427.203
427.207
427.211
427.215
427.219
427.223
427.226
427.23
427.234
427.237
427.24
427.243
427.247
427.25
427.254
427.257
427.261
427.265
427.268
427.272
427.275
427.278
427.282
427.285
427.288
427.292
427.295
427.299
427.302
427.305
427.308
427.31
427.313
427.315
427.317
427.32
427.323
427.326
427.329
427.332
427.335
427.337
427.34
427.342
427.344
427.346
427.348
427.35
427.353
427.355
427.358
427.36
427.362
427.364
427.365
427.367
427.369
427.37
427.373
427.375
427.378
427.381
427.383
427.385
427.387
427.389
427.39
427.392
427.393
427.395
427.397
427.4
427.402
427.405
427.407
427.409
427.411
427.412
427.414
427.416
427.418
427.42
427.423
427.426
427.428
427.431
427.432
427.433
427.433
427.433
427.433
427.433
427.433
427.434
427.435
427.437
427.438
427.44
427.441
427.443
427.444
427.444
427.445
427.445
427.446
427.446
427.447
427.447
427.446
427.445
427.443
427.441
427.438
427.436
427.434
427.433
427.432
427.433
427.434
427.437
427.439
427.44
427.441
427.441
427.441
427.441
427.441
427.442
427.443
427.444
427.443
427.442
427.44
427.437
427.433
427.43
427.427
427.425
427.422
427.422
427.422
427.422
427.422
427.421
427.418
427.414
427.409
427.403
427.396
427.39
427.385
427.383
427.381
427.38
427.378
427.374
427.368
427.358
427.342
427.319
427.292
427.262
427.232
427.205
427.183
427.166
427.153
427.146
427.14
427.135
427.135
427.146
427.18
427.231
427.291
427.351
427.405
427.45
427.485
427.511
427.529
427.542
427.552
427.56
427.568
427.575
427.581
427.586
427.589
427.59
427.588
427.583
427.578
427.573
427.569
427.565
427.565
427.565
427.565
427.564
427.562
427.561
427.556
427.554
427.554
395.526
401.936
406.358
410.731
414.777
418.738
422.239
425.031
426.606
427.078
427.143
427.155
427.157
427.16
427.163
427.165
427.169
427.172
427.175
427.179
427.182
427.186
427.189
427.193
427.196
427.2
427.203
427.207
427.211
427.215
427.219
427.223
427.226
427.23
427.234
427.237
427.24
427.243
427.247
427.25
427.254
427.257
427.261
427.265
427.268
427.272
427.275
427.278
427.282
427.285
427.288
427.292
427.295
427.299
427.302
427.305
427.308
427.31
427.313
427.315
427.317
427.32
427.323
427.326
427.329
427.332
427.335
427.337
427.34
427.342
427.344
427.346
427.348
427.35
427.353
427.355
427.358
427.36
427.362
427.364
427.365
427.367
427.369
427.37
427.373
427.375
427.378
427.381
427.383
427.385
427.387
427.389
427.39
427.392
427.393
427.395
427.397
427.4
427.402
427.405
427.407
427.409
427.411
427.412
427.414
427.416
427.418
427.42
427.423
427.426
427.428
427.431
427.432
427.433
427.433
427.433
427.433
427.433
427.433
427.434
427.435
427.437
427.438
427.44
427.441
427.443
427.444
427.444
427.445
427.445
427.446
427.446
427.447
427.447
427.446
427.445
427.443
427.441
427.438
427.436
427.434
427.433
427.432
427.433
427.434
427.437
427.439
427.44
427.441
427.441
427.441
427.441
427.441
427.442
427.443
427.444
427.443
427.442
427.44
427.437
427.433
427.43
427.427
427.425
427.422
427.422
427.422
427.422
427.422
427.421
427.418
427.414
427.409
427.403
427.396
427.389
427.385
427.382
427.381
427.38
427.378
427.374
427.368
427.358
427.342
427.319
427.292
427.262
427.232
427.205
427.182
427.165
427.153
427.145
427.139
427.134
427.134
427.145
427.178
427.23
427.29
427.351
427.405
427.45
427.485
427.51
427.528
427.542
427.552
427.56
427.568
427.575
427.581
427.586
427.59
427.59
427.587
427.583
427.578
427.573
427.569
427.566
427.565
427.566
427.565
427.564
427.562
427.561
427.556
427.554
427.554
395.698
401.956
406.302
410.657
414.679
418.67
422.225
425.062
426.632
427.083
427.144
427.155
427.157
427.16
427.163
427.165
427.169
427.172
427.175
427.179
427.182
427.186
427.189
427.193
427.196
427.2
427.203
427.207
427.211
427.215
427.219
427.223
427.226
427.23
427.234
427.237
427.24
427.243
427.247
427.25
427.254
427.257
427.261
427.265
427.268
427.272
427.275
427.278
427.282
427.285
427.288
427.292
427.295
427.299
427.302
427.305
427.308
427.31
427.313
427.315
427.317
427.32
427.323
427.326
427.329
427.332
427.335
427.337
427.34
427.342
427.344
427.346
427.348
427.35
427.353
427.355
427.358
427.36
427.362
427.364
427.365
427.367
427.369
427.37
427.373
427.375
427.378
427.381
427.383
427.385
427.387
427.389
427.39
427.392
427.393
427.395
427.397
427.4
427.402
427.405
427.407
427.409
427.411
427.412
427.414
427.416
427.418
427.42
427.423
427.426
427.428
427.431
427.432
427.433
427.433
427.433
427.433
427.433
427.433
427.434
427.435
427.437
427.438
427.44
427.441
427.443
427.444
427.444
427.445
427.445
427.446
427.446
427.447
427.447
427.446
427.445
427.443
427.441
427.438
427.436
427.434
427.433
427.432
427.433
427.434
427.437
427.439
427.44
427.441
427.441
427.441
427.441
427.441
427.442
427.443
427.444
427.443
427.442
427.44
427.437
427.433
427.43
427.427
427.425
427.422
427.422
427.422
427.422
427.422
427.421
427.418
427.414
427.409
427.403
427.396
427.389
427.385
427.382
427.38
427.379
427.377
427.374
427.368
427.358
427.342
427.32
427.293
427.263
427.232
427.205
427.182
427.164
427.152
427.144
427.137
427.133
427.133
427.144
427.177
427.229
427.289
427.35
427.404
427.449
427.484
427.51
427.528
427.541
427.552
427.56
427.568
427.575
427.581
427.586
427.589
427.59
427.587
427.582
427.578
427.573
427.569
427.566
427.565
427.566
427.565
427.564
427.562
427.561
427.556
427.554
427.554
395.848
402.005
406.25
410.585
414.579
418.598
422.206
425.091
426.659
427.089
427.144
427.155
427.157
427.16
427.162
427.165
427.169
427.172
427.175
427.179
427.182
427.186
427.189
427.193
427.196
427.2
427.203
427.207
427.211
427.215
427.219
427.223
427.226
427.23
427.234
427.237
427.24
427.243
427.247
427.25
427.254
427.257
427.261
427.265
427.268
427.272
427.275
427.278
427.282
427.285
427.288
427.292
427.295
427.299
427.302
427.305
427.308
427.31
427.313
427.315
427.317
427.32
427.323
427.326
427.329
427.332
427.335
427.337
427.34
427.342
427.344
427.346
427.348
427.35
427.353
427.355
427.358
427.36
427.362
427.364
427.365
427.367
427.369
427.37
427.373
427.375
427.378
427.381
427.383
427.385
427.387
427.389
427.39
427.392
427.393
427.395
427.397
427.4
427.402
427.405
427.407
427.409
427.411
427.412
427.414
427.416
427.418
427.42
427.423
427.426
427.428
427.431
427.432
427.433
427.433
427.433
427.433
427.433
427.433
427.434
427.435
427.437
427.438
427.44
427.441
427.443
427.444
427.444
427.445
427.445
427.446
427.446
427.447
427.447
427.446
427.445
427.443
427.441
427.438
427.436
427.434
427.433
427.432
427.433
427.434
427.437
427.439
427.44
427.441
427.441
427.441
427.441
427.441
427.442
427.443
427.444
427.443
427.442
427.44
427.437
427.433
427.43
427.427
427.424
427.422
427.422
427.422
427.422
427.422
427.421
427.418
427.414
427.409
427.403
427.395
427.389
427.384
427.381
427.38
427.378
427.376
427.373
427.368
427.358
427.343
427.321
427.294
427.264
427.233
427.205
427.181
427.163
427.15
427.143
427.136
427.131
427.131
427.142
427.175
427.227
427.288
427.349
427.403
427.448
427.484
427.51
427.528
427.541
427.551
427.56
427.568
427.575
427.581
427.586
427.589
427.59
427.587
427.582
427.578
427.573
427.569
427.566
427.565
427.566
427.565
427.564
427.562
427.561
427.556
427.554
427.554
395.97
402.071
406.22
410.531
414.49
418.535
422.187
425.116
426.682
427.093
427.145
427.155
427.157
427.16
427.162
427.165
427.169
427.172
427.175
427.179
427.182
427.186
427.189
427.193
427.196
427.2
427.203
427.207
427.211
427.215
427.219
427.223
427.226
427.23
427.234
427.237
427.24
427.243
427.247
427.25
427.254
427.257
427.261
427.265
427.268
427.272
427.275
427.278
427.282
427.285
427.288
427.292
427.295
427.299
427.302
427.305
427.308
427.31
427.313
427.315
427.317
427.32
427.323
427.326
427.329
427.332
427.335
427.337
427.34
427.342
427.344
427.346
427.348
427.35
427.353
427.355
427.358
427.36
427.362
427.364
427.365
427.367
427.369
427.37
427.373
427.375
427.378
427.38
427.383
427.385
427.387
427.389
427.39
427.392
427.393
427.395
427.397
427.4
427.402
427.405
427.407
427.409
427.411
427.412
427.414
427.416
427.418
427.42
427.423
427.426
427.428
427.431
427.432
427.433
427.433
427.433
427.433
427.433
427.433
427.434
427.435
427.437
427.438
427.44
427.441
427.443
427.444
427.444
427.445
427.445
427.446
427.446
427.447
427.447
427.446
427.445
427.443
427.441
427.438
427.436
427.434
427.433
427.432
427.433
427.434
427.437
427.439
427.44
427.441
427.441
427.441
427.441
427.441
427.442
427.443
427.444
427.444
427.442
427.44
427.437
427.433
427.43
427.427
427.424
427.422
427.422
427.422
427.422
427.422
427.421
427.418
427.415
427.409
427.403
427.395
427.389
427.384
427.381
427.379
427.378
427.376
427.373
427.368
427.359
427.344
427.322
427.295
427.264
427.233
427.205
427.181
427.162
427.149
427.141
427.134
427.129
427.129
427.14
427.173
427.226
427.287
427.348
427.402
427.448
427.483
427.51
427.528
427.541
427.551
427.56
427.568
427.575
427.581
427.586
427.589
427.589
427.587
427.582
427.578
427.573
427.569
427.566
427.565
427.566
427.565
427.564
427.562
427.56
427.556
427.554
427.554
396.04
402.135
406.195
410.488
414.429
418.49
422.173
425.133
426.698
427.096
427.146
427.155
427.157
427.159
427.162
427.165
427.169
427.172
427.175
427.179
427.182
427.186
427.189
427.193
427.196
427.2
427.203
427.207
427.211
427.215
427.219
427.223
427.226
427.23
427.234
427.237
427.24
427.243
427.247
427.25
427.254
427.257
427.261
427.265
427.268
427.272
427.275
427.278
427.282
427.285
427.288
427.292
427.295
427.299
427.302
427.305
427.308
427.31
427.313
427.315
427.317
427.32
427.323
427.326
427.329
427.332
427.335
427.337
427.34
427.342
427.344
427.346
427.348
427.35
427.353
427.355
427.358
427.36
427.362
427.364
427.365
427.367
427.369
427.37
427.373
427.375
427.378
427.38
427.383
427.385
427.387
427.389
427.39
427.392
427.393
427.395
427.397
427.4
427.402
427.405
427.407
427.409
427.411
427.412
427.414
427.416
427.418
427.42
427.423
427.426
427.428
427.431
427.432
427.433
427.433
427.433
427.433
427.433
427.433
427.434
427.435
427.437
427.438
427.44
427.441
427.443
427.444
427.444
427.445
427.445
427.446
427.446
427.447
427.447
427.446
427.445
427.443
427.441
427.438
427.436
427.434
427.433
427.432
427.433
427.434
427.437
427.439
427.44
427.441
427.441
427.441
427.441
427.441
427.442
427.443
427.444
427.444
427.442
427.44
427.437
427.434
427.43
427.427
427.424
427.422
427.422
427.422
427.422
427.422
427.421
427.418
427.415
427.409
427.403
427.395
427.388
427.383
427.38
427.378
427.377
427.375
427.372
427.367
427.359
427.344
427.323
427.296
427.265
427.234
427.205
427.18
427.161
427.148
427.14
427.132
427.128
427.127
427.138
427.172
427.225
427.287
427.348
427.403
427.448
427.483
427.51
427.529
427.541
427.551
427.559
427.568
427.575
427.581
427.586
427.589
427.589
427.587
427.582
427.578
427.573
427.569
427.565
427.565
427.566
427.565
427.564
427.562
427.56
427.556
427.554
427.554
396.08
402.199
406.183
410.464
414.398
418.461
422.16
425.14
426.706
427.098
427.147
427.155
427.157
427.159
427.162
427.165
427.169
427.172
427.175
427.179
427.182
427.186
427.189
427.193
427.196
427.2
427.203
427.207
427.211
427.215
427.219
427.223
427.226
427.23
427.234
427.237
427.24
427.243
427.247
427.25
427.254
427.257
427.261
427.265
427.268
427.272
427.275
427.278
427.282
427.285
427.288
427.292
427.295
427.299
427.302
427.305
427.308
427.31
427.313
427.315
427.317
427.32
427.323
427.326
427.329
427.332
427.335
427.337
427.34
427.342
427.344
427.346
427.348
427.35
427.353
427.355
427.358
427.36
427.362
427.364
427.365
427.367
427.369
427.37
427.373
427.375
427.378
427.38
427.383
427.385
427.387
427.389
427.39
427.392
427.393
427.395
427.397
427.4
427.402
427.405
427.407
427.409
427.411
427.412
427.414
427.416
427.418
427.42
427.423
427.426
427.428
427.431
427.432
427.433
427.433
427.433
427.433
427.433
427.433
427.434
427.435
427.437
427.438
427.44
427.441
427.443
427.444
427.444
427.445
427.445
427.446
427.446
427.447
427.447
427.446
427.445
427.443
427.441
427.438
427.436
427.434
427.433
427.432
427.433
427.434
427.437
427.439
427.44
427.441
427.441
427.441
427.441
427.441
427.442
427.443
427.444
427.444
427.442
427.44
427.437
427.434
427.43
427.427
427.424
427.422
427.422
427.422
427.422
427.422
427.421
427.418
427.415
427.409
427.403
427.395
427.388
427.383
427.38
427.378
427.377
427.375
427.372
427.367
427.359
427.345
427.324
427.297
427.266
427.234
427.205
427.181
427.161
427.148
427.139
427.131
427.127
427.126
427.137
427.17
427.223
427.286
427.347
427.402
427.447
427.482
427.509
427.529
427.541
427.551
427.559
427.568
427.576
427.582
427.587
427.59
427.59
427.587
427.583
427.578
427.573
427.569
427.565
427.565
427.566
427.565
427.564
427.562
427.56
427.556
427.554
427.554
297.597
297.98
299.428
301.533
304.841
308.557
309.568
307.47
301.358
295.18
293.171
293.003
293
293
293
293
293
293
293
293
293
293
293
293
293
293
293
293
293
293
293
293
293
293
293
293
293
293
293
293
293
293
293
293
293
293
293
293
293
293
293
293
293
293
293
293
293
293
293
293
293
293
293
293
293
293
293
293
293
293
293
293
293
293
293
293
293
293
293
293
293
293
293
293
293
293
293
293
293
293
293
293
293
293
293
293
293
293
293
293
299.184
301.409
303.69
306.642
308.417
307.092
302.332
296.262
293.418
293.014
293
293
293
293
293
293
293
293
293
293
293
293
293
293
293
293
293
293
293
293
293
293
293
293
293
293
293
293
293
293
293
293
293
293
293
293
293
293
293
293
293
293
293
293
293
293
293
293
293
293
293
293
293
293
293
293
293
293
293
293
293
293
293
293
293
293
293
293
293
293
293
293
293
293
293
293
293
293
293
293
293
293
293
293
293
293
293
293
293
293
293
293
293
293
293
293
293
293
293
293
293
293
293
293
293
293
293
293
293
293
293
293
293
293
293
293
293
293
293
293
293
293
293
293
293
293
293
293
293
293
293
293
293
293
293
293
293
293
293
293
293
293
293
293
293
293
293
293
293
293
293
293
293
293
293
293
293
293
293
293
293
293
293
293
293
293
293
293
293
293
293
293
293
293
293
293
293
293
293
293
293
293
293
293
293
293
293
293
293
293
293
293
293
293
293
293
293
293
293
293
293
293
293
293
293
293
293
293
293
293
293
293
293
293
293
293
293
293
293
293
293
293
293
293
293
293
293
293
293
293
293
293
293
293
293
293
293
293
293
293
293
293
293
293
293
293
293
293
293
293
293
293
293
293
293
293
293
293
293
293
293
293
293
293
293
293
293
293
293
293
293
293
293
293
293
293
293
293
293
293
293
293
293
293
293
293
293
293
293
293
293
293
293
293
293
293
293
293
293
293
293
293
293
293
293
293
293
293
293
293
293
293
293
293
293
293
293
293
293
293
293
293
293
293
293
293
293
293
293
293
293
293
293
293
293
293
293
293
293
293
293
293
293
293
293
293
293
293
293
293
293
293
293
293
293
293
293
293
293
293
293
293
293
293
293
293
293
293
293
293
293
293
293
293
293
293
293
293
293
293
293
293
293
293
293
293
293
293
293
293
293
293
293
293
293
293
293
293
293
293
293
293
293
293
293
293
293
293
293
293
293
293
293
293
293
293
293
293
293
293
293
293
293
293
293
293
293
293
293
293
293
293
293
293
293
293
293
293
293
293
293
293
293
293
293
293
293
293
293
293
293
293
293
293
293
293
293
293
293
293
293
293
293
293
293
293
293
293
293
293
293
293
293
293
293
293
293
293
293
293
293
293
293
293
293
293
293
293
293
293
293
293
293
293
293
293
293
293
293
293
293
293
293
293
293
293
293
293
293
293
293
293
293
293
293
293
293
293
293
293
293
293
293
293
293
293
293
293
293
293
293
293
293
293
293
293
293
293
293
293
293
293
293
293
293
293
293
293
293
293
293
293
293
293
293
293
293
293
293
293
293
293
293
293
293
293
293
293
293
293
293
293
293
293
293
293
293
293
293
293
293
293
293
293
293
293
293
293
293
293
293
293
293
293
293
293
293
293
293
293
293
293
293
293
293
293
293
293
293
293
293
293
293
293
293
293
293
293
293
293
293
293
293
293
293
293
293
293
293
293
293
293
293
293
293
293
293
293
293
293
293
293
293
293
293
293
293
293
293
293
293
293
293
293
293
293
293
293
293
293
293
293
293
293
293
293
293
293
293
293
293
293
293
293
293
293
293
293
293
293
293
293
293
293
293
293
293
293
293
293
293
293
293
293
293
293
293
293
293
293
293
293
293
293
293
293
293
293
293
293
293
293
293
293
293
293
293
293
293
293
293
293
293
293
293
293
293
293
293
293
293
293
293
293
293
293
293
293
293
293
293
293
293
293
293
293
293
293
293
293
293
293
293
293
293
293
293
293
293
293
293
293
293
293
293
293
293
293
293
293
293
293
293
293
293
293
293
293
293
293
293
293
293
293
293
293
293
293
293
293
293
293
293
293
293
293
293
293
293
293
293
293
293
293
293
293
293
293
293
293
293
293
293
293
293
293
293
293
293
293
293
293
293
293
293
293
293
293
293
293
293
293
293
293
293
293
293
293
293
293
293
293
293
293
293
293
293
293
293
293
293
293
293
293
293
293
293
293
293
293
293
293
293
293
293
293
293
293
293
293
293
293
293
293
293
293
293
293
293
293
293
293
293
293
293
293
293
293
293
293
293
293
293
293
293
293
293
293
293
293
293
293
293
293
293
293
293
293
293
293
293
293
293
293
293
293
293
293
293
293
293
293
293
293
293
293
293
293
293
293
293
293
293
293
293
293
293
293
293
293
293
293
293
293
293
293
293
293
293
293
293
293
293
293
293
293
293
293
293
293
293
293
293
293
293
293
293
293
293
293
293
293
293
293
293
293
293
293
293
293
293
293
293
293
293
293
293
293
293
293
293
293
293
293
293
293
293
293
293
293
293
293
293
293
293
293
293
293
293
293
293
293
293
293
293
293
293
293
293
293
293
293
293
293
293
293
293
293
293
293
293
293
293
293
293
293
293
293
293
293
293
293
293
293
293
293
293
293
293
293
293
293
293
293
293
293
293
293
293
293
293
293
293
293
293
293
293
293
293
293
293
293
293
293
293
293
293
293
293
293
293
293
293
293
293
293
293
293
293
293
293
293
293
293
293
293
293
293
293
293
293
293
293
293
293
293
293
293
293
293
293
293
293
293
293
293
293
293
293
293
293
293
293
293
293
293
293
293
293
293
293
293
293
293
293
293
293
293
293
293
293
293
293
293
293
293
293
293
293
293
293
293
293
293
293
293
293
293
293
293
293
293
293
293
293
293
293
293
293
293
293
293
293
293
293
293
293
293
293
293
293
293
293
293
293
293
293
293
293
293
293
293
293
293
293
293
293
293
293
293
293
293
293
293
293
293
293
293
293
293
293
293
293
293
293
293
293
293
293
293
293
293
293
293
293
293
293
293
293
293
293
293
293
293
293
293
293
293
293
293
293
293
293
293
293
293
293
293
293
293
293
293
293
293
293
293
293
293
293
293
293
293
293
293
293
293
293
293
293
293
293
293
293
293
293
293
293
293
293
293
293
293
293
293
293
293
293
293
293
293
293
293
293
293
293
293
293
293
293
293
293
293
293
293
293
293
293
293
293
293
293
293
293
293
293
293
293
293
293
293
293
293
293
293
293
293
293
293
293
293
293
293
293
293
293
293
293
293
293
293
293
293
293
293
293
293
293
293
293
293
293
293
293
293
293
293
293
293
293
293
293
293
293
293
293
293
293
293
293
293
293
293
293
293
293
293
293
293
293
293
293
293
293
293
293
293
293
293
293
293
293
293
293
293
293
293
293
293
293
293
293
293
293
293
293
293
293
293
293
293
293
293
293
293
293
293
293
293
293
293
293
293
293
293
293
293
293
293
293
293
293
293
293
293
293
293
293
293
293
293
293
293
293
293
293
293
293
293
293
293
293
293
293
293
293
293
293
293
293
293
293
293
293
293
293
293
293
293
293
293
293
293
293
293
293
293
293
293
293
293
293
293
293
293
293
293
293
293
293
293
293
293
293
293
293
293
293
293
293
293
293
293
293
293
293
293
293
293
293
293
293
293
293
293
293
293
293
293
293
293
293
293
293
293
293
293
293
293
293
293
293
293
293
293
293
293
293
293
293
293
293
293
293
293
293
293
293
293
293
293
293
293
293
293
293
293
293
293
293
293
293
293
293
293
293
293
293
293
293
293
293
293
293
293
293
293
293
293
293
293
293
293
293
293
293
293
293
293
293
293
293
293
293
293
293
293
293
293
293
293
293
293
293
293
293
293
293
293
293
293
293
293
293
293
293
293
293
293
293
293
293
293
293
293
293
293
293
293
293
293
293
293
293
293
293
293
293
293
293
293
293
293
293
293
293
293
293
293
293
293
293
293
293
293
293
293
293
293
293
293
293
293
293
293
293
293
293
293
293
293
293
293
293
293
293
293
293
293
293
293
293
293
293
293
293
293
293
293
293
293
293
293
293
293
293
293
293
293
293
293
293
293
293
293
293
293
293
293
293
293
293
293
293
293
293
293
293
293
293
293
293
293
293
293
293
293
293
293
293
293
293
293
293
293
293
293
293
293
293
293
293
293
293
293
293
293
293
293
293
293
293
293
293
293
293
293
293
293
293
293
293
293
293
293
293
293
293
293
293
293
293
293
293
293
293
293
293
293
293
293
293
293
293
293
293
293
293
293
293
293
293
293
293
293
293
293
293
293
293
293
293
293
293
293
293
293
293
293
293
293
293
293
293
293
293
293
293
293
293
293
293
293
293
293
293
293
293
293
293
293
293
293
293
293
293
293
293
293
293
293
293
293
293
293
293
293
293
293
293
293
293
293
293
293
293
293
293
293
293
293
293
293
293
293
293
293
293
293
293
293
293
293
293
293
293
293
293
293
293
293
293
293
293
293
293
293
293
293
293
293
293
293
293
293
293
293
293
293
293
293
293
293
293
293
293
293
293
293
293
293
293
293
293
293
293
293
293
293
293
293
293
293
293
293
293
293
293
293
293
293
293
293
293
293
293
293
293
293
293
293
293
293
293
293
293
293
293
293
293
293
293
293
293
293
293
293
293
293
293
293
293
293
293
293
293
293
293
293
293
293
293
293
293
293
293
293
293
293
293
293
293
293
293
293
293
293
293
293
293
293
293
293
293
293
293
293
293
293
293
293
293
293
293
293
293
293
293
293
293
293
293
293
293
293
293
293
293
293
293
293
293
293
293
293
293
293
293
293
293
293
293
293
293
293
293
293
293
293
293
293
293
293
293
293
293
293
293
293
293
293
293
293
293
293
293
293
293
293
293
293
293
293
293
293
293
293
293
293
293
293
293
293
293
293
293
293
293
293
293
293
293
293
293
293
293
293
293
293
293
293
293
293
293
293
293
293
293
293
293
293
293
293
293
293
293
293
293
293
293
293
293
293
293
293
293
293
293
293
293
293
293
293
293
293
293
293
293
293
293
293
293
293
293
293
293
293
293
293
293
293
293
293
293
293
293
293
293
293
293
293
293
293
293
293
293
293
293
293
293
293
293
293
293
293
293
293
293
293
293
293
293
293
293
293
293
293
293
293
293
293
293
293
293
293
293
293
293
293
293
293
293
293
293
293
293
293
293
293
293
293
293
293
293
293
293
293
293
293
293
293
293
293
293
293
293
293
293
293
293
293
293
293
293
293
293
293
293
293
293
293
293
293
293
293
293
293
293
293
293
293
293
293
293
293
293
293
293
293
293
293
293
293
293
293
293
293
293
293
293
293
293
293
293
293
293
293
293
293
293
293
293
293
293
293
293
293
293
293
293
293
293
293
293
293
293
293
293
293
293
293
293
293
293
293
293
293
293
293
293
293
293
293
293
293
293
293
293
293
293
293
293
293
293
293
293
293
293
293
293
293
293
293
293
293
293
293
293
293
293
293
293
293
293
293
293
293
293
293
293
293
293
293
293
293
293
293
293
293
293
293
293
293
293
293
293
293
293
293
293
293
293
293
293
293
293
293
293
293
293
293
293
293
293
293
293
293
293
293
293
293
293
293
293
293
293
293
293
293
293
293
293
293
293
293
293
293
293
293
293
293
293
293
293
293
293
293
293
293
293
293
293
293
293
293
293
293
293
293
293
293
293
293
293
293
293
293
293
293
293
293
293
293
293
293
293
293
293
293
293
293
293
293
293
293
293
293
293
293
293
293
293
293
293
293
293
293
293
293
293
293
293
293
293
293
293
293
293
293
293
293
293
293
293
293
293
293
293
293
293
293
293
293
293
293
293
293
293
293
293
293
293
293
293
293
293
293
293
293
293
293
293
293
293
293
293
293
293
293
293
293
293
293
293
293
293
293
293
293
293
293
293
293
293
293
293
293
293
293
293
293
293
293
293
293
293
293
293
293
293
293
293
293
293
293
293
293
293
293
293
293
293
293
293
293
293
293
293
293
293
293
293
293
293
293
293
293
293
293
293
293
293
293
293
293
293
293
293
293
293
293
293
293
293
293
293
293
293
293
293
293
293
293
293
293
293
293
293
293
293
293
293
293
293
293
293
293
293
293
293
293
293
293
293
293
293
293
293
293
293
293
293
293
293
293
293
293
293
293
293
293
293
293
293
293
293
293
293
293
293
293
293
293
293
293
293
293
293
293
293
293
293
293
293
293
293
293
293
293
293
293
293
293
293
293
293
293
293
293
293
293
293
293
293
293
293
293
293
293
293
293
293
293
293
293
293
293
293
293
293
293
293
293
293
293
293
293
293
293
293
293
293
293
293
293
293
293
293
293
293
293
293
293
293
293
293
293
293
293
293
293
293
293
293
293
293
293
293
293
293
293
293
293
293
293
293
293
293
293
293
293
293
293
293
293
293
293
293
293
293
293
293
293
293
293
293
293
293
293
293
293
293
375.598
335.138
280.588
235.664
254.39
344.292
346.508
345.391
339.191
326.784
315.642
305.219
296.565
293.341
293.007
293
293
293
293
293
293
293
293
293
293
293
293
293
293
293
293
293
293
293
293
293
293
293
293
293
293
293
293
293
293
293
293
293
293
293
293
293
293
293
293
293
293
293
293
293
293
293
293
293
293
293
293
293
293
293
293
293
293
293
293
293
293
293
293
293
293
293
293
293
293
293
293
293
293
293
293
293
293
293
293
293
293
293
374.959
334.919
284.844
240.5
258.958
347.085
347.316
345.685
339.256
326.905
315.708
305.235
296.531
293.334
293.007
293
293
293
293
293
293
293
293
293
293
293
293
293
293
293
293
293
293
293
293
293
293
293
293
293
293
293
293
293
293
293
293
293
293
293
293
293
293
293
293
293
293
293
293
293
293
293
293
293
293
293
293
293
293
293
293
293
293
293
293
293
293
293
293
293
293
293
293
293
293
293
293
293
293
293
293
293
293
293
293
293
293
293
373.636
331.988
279.643
237.992
261.878
347.528
347.253
344.859
338.226
326.334
315.486
305.092
296.437
293.317
293.006
293
293
293
293
293
293
293
293
293
293
293
293
293
293
293
293
293
293
293
293
293
293
293
293
293
293
293
293
293
293
293
293
293
293
293
293
293
293
293
293
293
293
293
293
293
293
293
293
293
293
293
293
293
293
293
293
293
293
293
293
293
293
293
293
293
293
293
293
293
293
293
293
293
293
293
293
293
293
293
293
293
293
293
371.554
327.277
274.008
237.286
267.593
349.041
347.554
344.28
337.318
325.775
315.251
304.893
296.302
293.294
293.005
293
293
293
293
293
293
293
293
293
293
293
293
293
293
293
293
293
293
293
293
293
293
293
293
293
293
293
293
293
293
293
293
293
293
293
293
293
293
293
293
293
293
293
293
293
293
293
293
293
293
293
293
293
293
293
293
293
293
293
293
293
293
293
293
293
293
293
293
293
293
293
293
293
293
293
293
293
293
293
293
293
293
293
368.322
320.284
266.082
238.166
276.51
350.955
348.159
343.81
336.222
324.975
314.895
304.614
296.128
293.266
293.005
293
293
293
293
293
293
293
293
293
293
293
293
293
293
293
293
293
293
293
293
293
293
293
293
293
293
293
293
293
293
293
293
293
293
293
293
293
293
293
293
293
293
293
293
293
293
293
293
293
293
293
293
293
293
293
293
293
293
293
293
293
293
293
293
293
293
293
293
293
293
293
293
293
293
293
293
293
293
293
293
293
293
293
363.237
310.491
257.563
241.205
287.524
352.793
348.917
343.257
334.926
324.065
314.457
304.257
295.919
293.234
293.004
293
293
293
293
293
293
293
293
293
293
293
293
293
293
293
293
293
293
293
293
293
293
293
293
293
293
293
293
293
293
293
293
293
293
293
293
293
293
293
293
293
293
293
293
293
293
293
293
293
293
293
293
293
293
293
293
293
293
293
293
293
293
293
293
293
293
293
293
293
293
293
293
293
293
293
293
293
293
293
293
293
293
293
355.407
297.768
251.501
249.275
297.492
353.45
349.378
342.651
333.51
323.032
313.923
303.817
295.681
293.2
293.003
293
293
293
293
293
293
293
293
293
293
293
293
293
293
293
293
293
293
293
293
293
293
293
293
293
293
293
293
293
293
293
293
293
293
293
293
293
293
293
293
293
293
293
293
293
293
293
293
293
293
293
293
293
293
293
293
293
293
293
293
293
293
293
293
293
293
293
293
293
293
293
293
293
293
293
293
293
293
293
293
293
293
293
343.717
285.732
255.957
260.141
305.643
352.685
349.128
341.811
332.026
321.955
313.298
303.294
295.419
293.166
293.002
293
293
293
293
293
293
293
293
293
293
293
293
293
293
293
293
293
293
293
293
293
293
293
293
293
293
293
293
293
293
293
293
293
293
293
293
293
293
293
293
293
293
293
293
293
293
293
293
293
293
293
293
293
293
293
293
293
293
293
293
293
293
293
293
293
293
293
293
293
293
293
293
293
293
293
293
293
293
293
293
293
293
293
327.839
281.129
267.101
273.37
312.713
350.691
347.921
340.601
330.439
320.839
312.586
302.693
295.14
293.133
293.002
293
293
293
293
293
293
293
293
293
293
293
293
293
293
293
293
293
293
293
293
293
293
293
293
293
293
293
293
293
293
293
293
293
293
293
293
293
293
293
293
293
293
293
293
293
293
293
293
293
293
293
293
293
293
293
293
293
293
293
293
293
293
293
293
293
293
293
293
293
293
293
293
293
293
293
293
293
293
293
293
293
293
293
299.117
290.169
283.34
285.82
315.877
347.648
345.829
338.7
328.508
319.511
311.634
301.872
294.794
293.098
293.001
293
293
293
293
293
293
293
293
293
293
293
293
293
293
293
293
293
293
293
293
293
293
293
293
293
293
293
293
293
293
293
293
293
293
293
293
293
293
293
293
293
293
293
293
293
293
293
293
293
293
293
293
293
293
293
293
293
293
293
293
293
293
293
293
293
293
293
293
293
293
293
293
293
293
293
293
293
293
293
293
293
293
293
307.574
301.87
296.514
296.879
319.164
345.171
343.279
335.869
326.085
317.984
310.438
300.823
294.399
293.064
293.001
293
293
293
293
293
293
293
293
293
293
293
293
293
293
293
293
293
293
293
293
293
293
293
293
293
293
293
293
293
293
293
293
293
293
293
293
293
293
293
293
293
293
293
293
293
293
293
293
293
293
293
293
293
293
293
293
293
293
293
293
293
293
293
293
293
293
293
293
293
293
293
293
293
293
293
293
293
293
293
293
293
293
293
316.086
312.614
308.145
306.714
322.525
342.709
339.977
332.145
323.499
316.491
309.129
299.684
294.029
293.038
293
293
293
293
293
293
293
293
293
293
293
293
293
293
293
293
293
293
293
293
293
293
293
293
293
293
293
293
293
293
293
293
293
293
293
293
293
293
293
293
293
293
293
293
293
293
293
293
293
293
293
293
293
293
293
293
293
293
293
293
293
293
293
293
293
293
293
293
293
293
293
293
293
293
293
293
293
293
293
293
293
293
293
293
322.548
320.43
317.052
315.094
324.544
338.251
334.822
327.652
320.968
315.08
307.701
298.488
293.704
293.02
293
293
293
293
293
293
293
293
293
293
293
293
293
293
293
293
293
293
293
293
293
293
293
293
293
293
293
293
293
293
293
293
293
293
293
293
293
293
293
293
293
293
293
293
293
293
293
293
293
293
293
293
293
293
293
293
293
293
293
293
293
293
293
293
293
293
293
293
293
293
293
293
293
293
293
293
293
293
293
293
293
293
293
293
326.364
324.624
321.361
317.565
323.497
331.154
327.987
323.225
318.787
313.738
306.114
297.28
293.441
293.009
293
293
293
293
293
293
293
293
293
293
293
293
293
293
293
293
293
293
293
293
293
293
293
293
293
293
293
293
293
293
293
293
293
293
293
293
293
293
293
293
293
293
293
293
293
293
293
293
293
293
293
293
293
293
293
293
293
293
293
293
293
293
293
293
293
293
293
293
293
293
293
293
293
293
293
293
293
293
293
293
293
293
293
293
320.706
318.929
316.182
313.689
318.168
323.053
321.446
319.645
316.963
312.369
304.345
296.127
293.249
293.004
293
293
293
293
293
293
293
293
293
293
293
293
293
293
293
293
293
293
293
293
293
293
293
293
293
293
293
293
293
293
293
293
293
293
293
293
293
293
293
293
293
293
293
293
293
293
293
293
293
293
293
293
293
293
293
293
293
293
293
293
293
293
293
293
293
293
293
293
293
293
293
293
293
293
293
293
293
293
293
293
293
293
293
293
309.092
308.042
306.677
306.364
310.132
314.655
316.251
316.878
315.325
310.805
302.396
295.1
293.123
293.001
293
293
293
293
293
293
293
293
293
293
293
293
293
293
293
293
293
293
293
293
293
293
293
293
293
293
293
293
293
293
293
293
293
293
293
293
293
293
293
293
293
293
293
293
293
293
293
293
293
293
293
293
293
293
293
293
293
293
293
293
293
293
293
293
293
293
293
293
293
293
293
293
293
293
293
293
293
293
293
293
293
293
293
293
299.001
298.35
298.286
300.147
303.655
309.197
313.33
314.782
313.661
308.893
300.314
294.266
293.052
293
293
293
293
293
293
293
293
293
293
293
293
293
293
293
293
293
293
293
293
293
293
293
293
293
293
293
293
293
293
293
293
293
293
293
293
293
293
293
293
293
293
293
293
293
293
293
293
293
293
293
293
293
293
293
293
293
293
293
293
293
293
293
293
293
293
293
293
293
293
293
293
293
293
293
293
293
293
293
293
293
293
293
293
293
294.964
294.795
294.979
296.978
301.553
307.011
311.755
313.284
312.01
306.615
298.215
293.662
293.018
293
293
293
293
293
293
293
293
293
293
293
293
293
293
293
293
293
293
293
293
293
293
293
293
293
293
293
293
293
293
293
293
293
293
293
293
293
293
293
293
293
293
293
293
293
293
293
293
293
293
293
293
293
293
293
293
293
293
293
293
293
293
293
293
293
293
293
293
293
293
293
293
293
293
293
293
293
293
293
293
293
293
293
293
293
294.485
294.617
295.084
297.266
301.568
306.58
310.978
312.129
310.26
303.984
296.288
293.286
293.005
293
293
293
293
293
293
293
293
293
293
293
293
293
293
293
293
293
293
293
293
293
293
293
293
293
293
293
293
293
293
293
293
293
293
293
293
293
293
293
293
293
293
293
293
293
293
293
293
293
293
293
293
293
293
293
293
293
293
293
293
293
293
293
293
293
293
293
293
293
293
293
293
293
293
293
293
293
293
293
293
293
293
293
293
293
295.094
295.45
296.192
298.474
302.105
306.799
310.533
311.052
308.231
301.094
294.745
293.095
293.001
293
293
293
293
293
293
293
293
293
293
293
293
293
293
293
293
293
293
293
293
293
293
293
293
293
293
293
293
293
293
293
293
293
293
293
293
293
293
293
293
293
293
293
293
293
293
293
293
293
293
293
293
293
293
293
293
293
293
293
293
293
293
293
293
293
293
293
293
293
293
293
293
293
293
293
293
293
293
293
293
293
293
293
293
293
296.518
296.625
297.648
299.817
302.928
307.54
310.287
309.939
305.685
298.137
293.708
293.021
293
293
293
293
293
293
293
293
293
293
293
293
293
293
293
293
293
293
293
293
293
293
293
293
293
293
293
293
293
293
293
293
293
293
293
293
293
293
293
293
293
293
293
293
293
293
293
293
293
293
293
293
293
293
293
293
293
293
293
293
293
293
293
293
293
293
293
293
293
293
293
293
293
293
293
293
293
293
293
293
293
293
293
293
293
293
293
293
)
;

boundaryField
{
    FreestreamLeft
    {
        type            totalTemperature;
        gamma           1.4;
        T0              nonuniform List<scalar> 0();
        value           nonuniform List<scalar> 0();
    }
    FreestreamTop
    {
        type            totalTemperature;
        gamma           1.4;
        T0              uniform 293;
        value           uniform 293;
    }
    Inlet
    {
        type            totalTemperature;
        gamma           1.4;
        T0              nonuniform List<scalar> 0();
        value           nonuniform List<scalar> 0();
    }
    Outlet
    {
        type            zeroGradient;
    }
    Wall
    {
        type            zeroGradient;
    }
    Wedge1
    {
        type            wedge;
    }
    Wedge2
    {
        type            wedge;
    }
    procBoundary1to0
    {
        type            processor;
        value           nonuniform List<scalar> 
18
(
427.558
427.558
427.558
427.558
427.558
427.558
427.558
427.558
427.558
427.558
427.558
427.558
427.558
427.558
427.558
427.558
427.558
427.558
)
;
    }
    procBoundary1to2
    {
        type            processor;
        value           nonuniform List<scalar> 
190
(
297.738
298.492
298.492
293.03
293.03
293.578
296.483
301.719
305.577
306.542
305.092
303.014
300.812
293
293
293
293
293
293
293
293
293
293
293
293
293
293
293
293
293
293
293
293
293
293
293
293
293
293
293
293
293
293
293
293
293
293
293
293
293
293
293
293
293
293
293
293
293
293
293
293
293
293
293
293
293
293
293
293
293
293
293
293
293
293
293
293
293
293
293
293
293
293
293
293
293
293
293
293
293
293
293
293
293
293
297.738
298.49
298.49
300.81
303.012
305.09
306.543
305.584
301.736
296.502
293.586
293.031
293.031
293
293
293
293
293
293
293
293
293
293
293
293
293
293
293
293
293
293
293
293
293
293
293
293
293
293
293
293
293
293
293
293
293
293
293
293
293
293
293
293
293
293
293
293
293
293
293
293
293
293
293
293
293
293
293
293
293
293
293
293
293
293
293
293
293
293
293
293
293
293
293
293
293
293
293
293
293
293
293
293
293
293
)
;
    }
    procBoundary1to4
    {
        type            processor;
        value           nonuniform List<scalar> 
148
(
293
293
293
293
293
293
293
293
293
293
293
293
293
293
293
293
293
293
293
293
293
293
293
293
293
293
293
293
293
293
293
293
293
293
293
293
293
293
293
293
293
293
293
293
293
293
293
293
293
293
293
293
293
293
293
293
293
293
293
293
293
293
293
293
293
293
293
293
293
293
293
293
293
293
293
293
293
293
293
293
293
293
293
293
293
293
293
293
293
293
293
293
293
293
293
293
293
293
293
293
293
293
293
293
293
293
293
293
293
293
293
293
293
293
293
293
293
293
293
293
293
293
293
293
293
293
293
293
293
293
293
293
293
293
293
293
293
293
293
293
293
293
293
293
293
293
293
293
)
;
    }
}


// ************************************************************************* //
