/*--------------------------------*- C++ -*----------------------------------*\
| =========                 |                                                 |
| \\      /  F ield         | OpenFOAM: The Open Source CFD Toolbox           |
|  \\    /   O peration     | Version:  2406                                  |
|   \\  /    A nd           | Website:  www.openfoam.com                      |
|    \\/     M anipulation  |                                                 |
\*---------------------------------------------------------------------------*/
FoamFile
{
    version     2.0;
    format      ascii;
    arch        "LSB;label=32;scalar=64";
    class       faceSet;
    location    "constant/polyMesh/sets";
    object      nonOrthoFaces;
}
// * * * * * * * * * * * * * * * * * * * * * * * * * * * * * * * * * * * * * //


4588
(
3
4
5
6
7
8
9
10
11
12
13
14
15
16
17
18
19
20
21
22
23
24
25
26
27
28
29
30
31
32
33
34
35
36
37
38
39
40
41
42
43
44
45
46
47
48
49
50
51
52
53
54
55
56
57
58
59
60
61
62
63
64
65
66
67
68
69
70
71
72
73
74
75
76
77
78
79
80
81
82
83
84
85
86
87
88
89
90
91
92
93
94
95
96
97
98
99
100
101
102
103
104
105
106
107
108
109
110
126
128
130
132
134
136
138
140
142
144
146
148
150
152
154
156
158
160
162
164
166
168
170
172
174
176
178
180
182
184
186
188
190
192
194
196
198
200
202
204
206
208
210
212
214
216
218
220
222
224
226
228
230
232
234
236
238
240
242
244
246
248
250
252
254
256
258
260
262
264
266
268
270
272
274
276
278
280
282
284
286
288
290
292
294
296
298
300
302
304
306
8498
308
8500
310
8502
312
8504
314
8506
316
8508
318
8510
320
8512
322
8514
324
8516
326
8518
328
8520
330
8522
332
8524
334
8526
336
8528
338
8530
340
8532
8534
8536
8538
8540
8542
8544
8546
8548
8550
8552
8554
363
8556
365
8558
367
8560
369
8562
371
8564
373
8566
375
8568
377
8570
379
8572
381
8574
383
8576
385
8578
387
8580
389
8582
391
8584
393
8586
395
8588
397
8590
399
8592
401
8594
403
8596
405
8598
407
8600
409
8602
411
8604
413
8606
415
8608
417
8610
419
8612
421
8614
423
8616
425
8618
427
8620
429
8622
431
8624
433
8626
435
8628
437
8630
439
8632
441
8634
443
8636
445
447
449
451
453
455
457
459
461
463
465
467
469
471
473
475
477
479
481
483
485
487
489
491
493
495
497
499
501
503
505
507
509
511
513
515
517
519
521
523
525
527
529
531
533
535
537
539
541
543
545
547
549
551
553
555
557
559
561
563
565
567
569
571
573
575
577
579
581
583
606
608
610
612
614
616
618
620
622
624
626
628
630
25208
632
634
25211
636
25214
638
640
25217
642
25220
644
646
25223
648
25226
650
652
25229
654
25232
656
658
25235
660
25238
662
664
25241
666
25244
668
670
25247
672
25250
674
676
25253
678
25256
680
682
25259
684
25262
686
688
25265
690
25268
692
694
25271
696
25274
698
700
25277
702
25280
704
706
25283
708
25286
710
712
25289
714
25292
716
718
25295
720
25298
722
724
25301
726
25304
728
730
25307
732
25310
734
736
25313
738
25316
740
742
25319
744
25322
746
748
25325
750
25328
752
754
25331
756
25334
758
760
25337
762
25340
764
766
25343
768
25346
770
772
25349
774
25352
776
778
25355
780
25358
782
784
25361
786
25364
788
790
25367
792
25370
794
796
25373
798
25376
800
802
25379
804
25382
806
808
25385
810
25388
812
814
25391
816
25394
818
820
25397
25400
25403
25406
25409
25412
25415
25418
843
25421
845
847
25424
849
25427
851
853
25430
855
25433
857
859
25436
861
25439
863
865
25442
867
25445
869
871
25448
873
25451
875
877
25454
879
25457
881
883
25460
885
25463
887
889
25466
9082
891
9084
25469
893
9086
895
25472
9088
897
9090
25475
899
9092
901
25478
9094
903
9096
25481
905
9098
907
25484
9100
909
9102
25487
911
9104
913
25490
9106
915
9108
25493
917
9110
919
25496
9112
921
9114
25499
923
9116
925
25502
9118
927
9120
25505
929
9122
931
25508
9124
933
9126
25511
935
9128
937
25514
9130
939
9132
25517
941
9134
943
25520
9136
945
9138
25523
947
9140
949
25526
9142
951
9144
953
9146
955
9148
957
9150
959
9152
961
9154
963
9156
965
9158
967
9160
969
9162
971
9164
973
9166
975
9168
977
9170
979
9172
981
9174
983
9176
985
9178
987
9180
989
9182
991
9184
993
9186
995
9188
997
9190
999
9192
1001
9194
1003
9196
1005
9198
1007
9200
1009
9202
1011
9204
1013
9206
1015
9208
1017
9210
1019
9212
1021
9214
1023
9216
1025
9218
1027
9220
1029
9222
1031
9224
1033
9226
1035
9228
1037
9230
1039
9232
1041
9234
1043
9236
1045
9238
1047
9240
1049
9242
1051
9244
1053
9246
1055
9248
1057
1080
1082
1084
1086
1088
1090
1092
1094
1096
1098
1100
1102
1104
1106
1108
1110
1112
1114
1116
1118
1120
1122
1124
1126
1128
1130
1132
1134
1136
1138
1140
1142
1144
1146
1148
1150
1152
1154
1156
1158
1160
1162
1164
1166
1168
1170
1172
1174
1176
1178
1180
1182
1184
1186
1188
1190
1192
1194
1196
1198
1200
1202
1204
1206
1208
1210
1212
1214
1216
1218
1220
1222
1224
1226
1228
1230
1232
1234
1236
1238
1240
1242
1244
1246
1248
1250
1252
1254
1256
1258
1260
1262
1264
1266
1268
1270
1272
1274
1276
1278
1280
1282
1284
1286
1288
1290
1292
1294
1317
1319
1321
1323
1325
1327
1329
1331
1333
1335
1337
1339
1341
1343
1345
1347
1349
1351
1353
1355
1357
1359
1361
1363
1365
1367
1369
1371
1373
1375
1377
1379
1381
1383
1385
1387
1389
1391
1393
1395
1397
1399
1401
1403
1405
1407
1409
1411
1413
1415
1417
1419
1421
1423
1425
1427
1429
1431
1433
1435
1437
1439
1441
1443
1445
1447
1449
1451
1453
1455
1457
1459
1461
1463
1465
1467
1469
1471
1473
1475
9668
1477
9670
1479
9672
1481
9674
1483
9676
1485
9678
1487
9680
1489
9682
1491
9684
1493
9686
1495
9688
1497
9690
1499
9692
1501
9694
1503
9696
1505
9698
1507
9700
1509
9702
1511
9704
1513
9706
1515
9708
1517
9710
1519
9712
1521
9714
1523
9716
1525
9718
1527
9720
1529
9722
1531
9724
1533
9726
1535
9728
1537
9730
1539
9732
1541
9734
1543
9736
9738
9740
9742
9744
9746
9748
9750
9752
9754
9756
1566
9758
1568
9760
1570
9762
1572
9764
1574
9766
1576
9768
1578
9770
1580
9772
1582
9774
1584
9776
1586
9778
1588
9780
1590
9782
1592
9784
1594
9786
1596
9788
1598
9790
1600
9792
1602
9794
1604
9796
1606
9798
1608
9800
1610
9802
1612
9804
1614
9806
1616
9808
1618
9810
1620
9812
1622
9814
1624
9816
1626
9818
1628
9820
1630
9822
1632
9824
1634
9826
1636
9828
1638
9830
1640
9832
1642
9834
1644
9836
1646
9838
1648
9840
1650
9842
1652
9844
1654
9846
1656
9848
1658
9850
1660
9852
1662
9854
1664
9856
1666
9858
1668
1670
1672
1674
1676
1678
1680
1682
1684
1686
1688
1690
1692
1694
1696
1698
1700
1702
1704
1706
1708
1710
1712
1714
1716
1718
1720
1722
1724
1726
1728
1730
1732
1734
1736
1738
1740
1742
1744
1746
1748
1750
1752
1754
1756
1758
1760
1762
1764
1766
1768
1770
1772
1774
1776
1778
1780
1803
1805
1807
1809
1811
1813
1815
1817
1819
1821
1823
1825
1827
1829
1831
1833
1835
1837
1839
1841
1843
1845
1847
1849
1851
1853
1855
1857
1859
1861
1863
1865
1867
1869
1871
1873
1875
1877
1879
1881
1883
1885
1887
1889
1891
1893
1895
1897
1899
1901
1903
1905
1907
1909
1911
1913
1915
1917
1919
1921
1923
1925
1927
1929
1931
1933
1935
1937
1939
1941
1943
1945
1947
1949
1951
1953
1955
1957
1959
1961
1963
1965
1967
1969
1971
1973
1975
1977
1979
1981
1983
1985
1987
1989
1991
1993
1995
1997
1999
2001
2003
2005
2007
2009
2011
2013
2015
2017
2040
2042
2044
2046
2048
2050
2052
2054
2056
2058
2060
2062
2064
10256
2066
10258
2068
10260
2070
10262
2072
10264
2074
10266
2076
10268
2078
10270
2080
10272
2082
10274
2084
10276
2086
10278
2088
10280
2090
10282
2092
10284
2094
10286
2096
10288
2098
10290
2100
10292
2102
10294
2104
10296
2106
10298
2108
10300
2110
10302
2112
10304
2114
10306
2116
10308
2118
10310
2120
10312
2122
10314
2124
10316
2126
10318
2128
10320
2130
10322
2132
10324
2134
10326
2136
10328
2138
10330
2140
10332
2142
10334
2144
10336
2146
10338
2148
10340
2150
10342
2152
10344
2154
10346
2156
10348
2158
10350
2160
10352
2162
10354
2164
10356
2166
10358
2168
10360
2170
10362
2172
10364
2174
10366
2176
10368
2178
10370
2180
10372
2182
10374
2184
10376
2186
10378
2188
10380
2190
10382
2192
10384
2194
10386
2196
10388
2198
10390
2200
10392
2202
10394
2204
10396
2206
10398
2208
10400
2210
10402
2212
10404
2214
10406
2216
10408
2218
10410
2220
10412
2222
10414
2224
10416
2226
10418
2228
10420
2230
10422
2232
10424
2234
10426
2236
10428
2238
10430
2240
10432
2242
10434
2244
10436
2246
10438
2248
10440
2250
10442
2252
10444
2254
10446
10448
10450
10452
10454
10456
10458
10460
10462
10464
10466
10468
2277
2279
2281
2283
2285
2287
2289
2291
2293
2295
2297
2299
2301
2303
2305
2307
2309
2311
2313
2315
2317
2319
2321
2323
2325
2327
2329
2331
2333
2335
2337
2339
2341
2343
2345
2347
2349
2351
2353
2355
2357
2359
2361
2363
2365
2367
2369
2371
2373
2375
2377
2379
2381
2383
2385
2387
2389
2391
2393
2395
2397
2399
2401
2403
2405
2407
2409
2411
2413
2415
2417
2419
2421
2423
2425
2427
2429
2431
2433
2435
2437
2439
2441
2443
2445
2447
2449
2451
2453
2455
2457
2459
2461
2463
2465
2467
2469
2471
2473
2475
2477
2479
2481
2483
2485
2487
2489
2491
2493
2495
2497
2499
2501
2503
2526
2528
2530
2532
2534
2536
2538
2540
2542
2544
2546
2548
2550
2552
2554
2556
2558
2560
2562
2564
2566
2568
2570
2572
2574
2576
2578
2580
2582
2584
2586
2588
2590
2592
2594
2596
2598
2600
2602
2604
2606
2608
2610
2612
2614
2616
2618
2620
2622
2624
2626
2628
2630
19016
2632
2634
19019
2636
19022
2638
2640
19025
2642
19028
2644
2646
19031
2648
19034
2650
2652
10844
19037
2654
10846
19040
2656
10848
2658
10850
19043
2660
10852
19046
2662
10854
2664
10856
19049
2666
10858
19052
2668
10860
2670
10862
19055
2672
10864
19058
2674
10866
2676
10868
19061
2678
10870
19064
2680
10872
2682
10874
19067
2684
10876
19070
2686
10878
2688
10880
19073
2690
10882
19076
2692
10884
2694
10886
19079
2696
10888
19082
2698
10890
2700
10892
19085
2702
10894
19088
2704
10896
2706
10898
19091
2708
10900
19094
2710
10902
2712
10904
19097
2714
10906
19100
2716
10908
2718
10910
19103
2720
10912
19106
2722
10914
2724
10916
19109
2726
10918
19112
2728
10920
2730
10922
19115
2732
10924
19118
2734
10926
2736
10928
19121
2738
10930
19124
2740
10932
10934
19127
10936
19130
10938
10940
19133
10942
19136
10944
10946
19139
10948
19142
10950
10952
19145
10954
2763
19148
10956
2765
10958
19151
2767
10960
2769
19154
10962
2771
10964
19157
2773
10966
2775
19160
10968
2777
10970
19163
2779
10972
2781
19166
10974
2783
10976
19169
2785
10978
2787
19172
10980
2789
10982
19175
2791
10984
2793
19178
10986
2795
10988
19181
2797
10990
2799
19184
10992
2801
10994
19187
2803
10996
2805
19190
10998
2807
11000
19193
2809
11002
2811
19196
11004
2813
11006
19199
2815
11008
2817
19202
11010
2819
11012
19205
2821
11014
2823
19208
11016
2825
11018
19211
2827
11020
2829
19214
11022
2831
11024
19217
2833
11026
2835
19220
11028
2837
11030
19223
2839
11032
2841
19226
11034
2843
11036
19229
2845
11038
2847
19232
11040
2849
11042
19235
2851
11044
2853
19238
11046
2855
11048
19241
2857
11050
2859
19244
11052
2861
11054
19247
2863
11056
2865
19250
11058
2867
11060
19253
2869
11062
2871
19256
11064
2873
11066
19259
2875
11068
2877
19262
11070
2879
11072
19265
2881
11074
2883
19268
11076
2885
19271
2887
2889
19274
2891
19277
2893
2895
19280
2897
19283
2899
2901
19286
2903
19289
2905
2907
19292
2909
19295
2911
2913
19298
2915
19301
2917
2919
19304
2921
19307
2923
2925
19310
2927
19313
2929
2931
19316
2933
19319
2935
2937
19322
2939
19325
2941
2943
19328
2945
19331
2947
2949
19334
2951
19337
2953
2955
19340
2957
19343
2959
2961
19346
2963
19349
2965
2967
19352
2969
19355
2971
2973
19358
2975
19361
2977
19364
19367
19370
19373
19376
19379
19382
3000
19385
3002
19388
3004
3006
19391
3008
19394
3010
3012
19397
3014
19400
3016
3018
19403
3020
19406
3022
3024
19409
3026
19412
3028
3030
19415
3032
19418
3034
3036
19421
3038
19424
3040
3042
19427
3044
19430
3046
3048
19433
3050
19436
3052
3054
19439
3056
19442
3058
3060
19445
3062
19448
3064
3066
19451
3068
19454
3070
3072
19457
3074
19460
3076
3078
19463
3080
19466
3082
3084
19469
3086
19472
3088
3090
19475
3092
19478
3094
3096
19481
3098
19484
3100
3102
19487
3104
19490
3106
3108
19493
3110
19496
3112
3114
19499
3116
19502
3118
3120
19505
3122
19508
3124
3126
19511
3128
19514
3130
3132
3134
3136
3138
3140
3142
3144
3146
3148
3150
3152
3154
3156
3158
3160
3162
3164
3166
3168
3170
3172
3174
3176
3178
3180
3182
3184
3186
3188
3190
3192
3194
3196
3198
3200
3202
3204
3206
3208
3210
3212
3214
11429
3237
11431
3239
11433
3241
11435
3243
11437
11439
11441
3249
11443
3251
11445
3253
11447
3255
11449
3257
11451
3259
11453
3261
11455
3263
11457
3265
11459
3267
11461
3269
11463
3271
11465
3273
11467
3275
11469
3277
11471
3279
11473
3281
11475
3283
11477
3285
11479
3287
11481
3289
11483
3291
11485
3293
11487
3295
11489
3297
11491
3299
11493
3301
11495
3303
11497
3305
11499
3307
11501
3309
11503
3311
11505
3313
11507
3315
11509
3317
11511
3319
11513
3321
11515
3323
11517
3325
11519
3327
11521
3329
11523
3331
11525
3333
11527
3335
11529
3337
11531
3339
11533
3341
11535
3343
11537
3345
11539
3347
11541
3349
11543
3351
11545
3353
11547
3355
11549
3357
11551
3359
11553
3361
11555
3363
11557
3365
11559
3367
11561
3369
11563
3371
11565
3373
11567
3375
11569
3377
11571
3379
11573
3381
11575
3383
11577
3385
11579
3387
11581
3389
11583
3391
11585
3393
11587
3395
11589
3397
11591
3399
11593
3401
11595
3403
11597
3405
11599
3407
11601
3409
11603
3411
11605
3413
11607
3415
11609
3417
11611
3419
11613
3421
11615
3423
11617
3425
11619
3427
11621
3429
11623
3431
11625
3433
11627
3435
11629
3437
11631
3439
11633
3441
11635
3443
11637
3445
11639
3447
11641
3449
11643
3451
11645
3453
11647
3455
11649
3457
11651
3459
11653
3461
11655
3463
11657
11659
11661
11663
11665
11667
11669
11671
11673
11675
11677
3486
11679
3488
11681
3490
11683
3492
3494
3496
3498
3500
3502
3504
3506
3508
3510
3512
3514
3516
3518
3520
3522
3524
3526
3528
3530
3532
3534
3536
3538
3540
3542
3544
3546
3548
3550
3552
3554
3556
3558
3560
3562
3564
3566
3568
3570
3572
3574
3576
3578
3580
19965
3582
19967
3584
19970
3586
3588
19973
3590
19976
3592
3594
19979
3596
19982
3598
3600
19985
3602
19988
3604
3606
19991
3608
19994
3610
3612
19997
3614
20000
3616
3618
20003
3620
20006
3622
3624
20009
3626
20012
3628
3630
20015
3632
20018
3634
3636
20021
3638
20024
3640
3642
20027
3644
20030
3646
3648
20033
3650
20036
3652
3654
20039
3656
20042
3658
3660
20045
3662
20048
3664
3666
20051
3668
20054
3670
3672
20057
3674
20060
3676
3678
20063
3680
20066
3682
3684
20069
3686
20072
3688
3690
20075
3692
20078
3694
3696
20081
3698
20084
3700
20087
20090
20093
20096
20099
20102
20105
3723
20108
3725
20111
3727
3729
20114
3731
20117
3733
3735
20120
3737
20123
3739
3741
20126
3743
20129
3745
3747
20132
3749
20135
3751
3753
20138
3755
20141
3757
3759
20144
3761
20147
3763
3765
20150
3767
20153
3769
3771
20156
3773
20159
3775
3777
20162
3779
20165
3781
3783
20168
3785
20171
3787
3789
20174
3791
20177
3793
3795
20180
3797
20183
3799
3801
20186
3803
20189
3805
3807
20192
3809
20195
3811
3813
20198
3815
20201
3817
3819
20204
12012
3821
12014
20207
3823
12016
3825
20210
12018
3827
12020
20213
3829
12022
3831
20216
12024
3833
12026
20219
3835
12028
3837
20222
12030
3839
12032
20225
3841
12034
3843
20228
12036
3845
12038
20231
3847
12040
3849
20234
12042
3851
12044
20237
3853
12046
3855
20240
12048
3857
12050
20243
3859
12052
3861
20246
12054
3863
12056
20249
3865
12058
3867
20252
12060
3869
12062
20255
3871
12064
3873
20258
12066
3875
12068
20261
3877
12070
3879
20264
12072
3881
12074
20267
3883
12076
3885
20270
12078
3887
12080
20273
3889
12082
3891
20276
12084
3893
12086
20279
3895
12088
3897
20282
12090
3899
12092
20285
3901
12094
3903
20288
12096
3905
12098
20291
3907
12100
3909
20294
12102
3911
12104
20297
3913
12106
3915
20300
12108
3917
12110
20303
3919
12112
3921
20306
12114
3923
12116
20309
3925
12118
3927
20312
12120
3929
12122
20315
3931
12124
3933
12126
3935
12128
3937
12130
12132
12134
12136
12138
12140
12142
12144
12146
12148
12150
12152
3960
12154
3962
12156
3964
12158
3966
12160
3968
12162
3970
12164
3972
12166
3974
12168
3976
12170
3978
12172
3980
12174
3982
12176
3984
12178
3986
12180
3988
12182
3990
12184
3992
12186
3994
12188
3996
12190
3998
12192
4000
12194
4002
12196
4004
12198
4006
12200
4008
12202
4010
12204
4012
12206
4014
12208
4016
12210
4018
12212
4020
12214
4022
12216
4024
12218
4026
12220
4028
12222
4030
12224
4032
12226
4034
12228
4036
12230
4038
12232
4040
12234
4042
12236
4044
12238
4046
12240
4048
12242
4050
12244
4052
12246
4054
12248
4056
12250
4058
12252
4060
12254
4062
12256
4064
12258
4066
12260
4068
12262
4070
12264
4072
12266
4074
12268
4076
12270
4078
12272
4080
12274
4082
12276
4084
12278
4086
12280
4088
12282
4090
12284
4092
12286
4094
12288
4096
12290
4098
4100
4102
4104
4106
4108
4110
4112
4114
4116
4118
4120
4122
4124
4126
4128
4130
4132
4134
4136
4138
4140
4142
4144
4146
4148
4150
4152
4154
4156
4158
4160
4162
4164
4166
4168
4170
4172
4174
4176
4178
4180
4182
4184
4186
4209
4211
4213
4215
4217
4219
4221
4223
4225
4227
4229
4231
4233
4235
4237
4239
4241
4243
4245
4247
4249
4251
4253
4255
4257
4259
4261
4263
4265
4267
4269
4271
4273
4275
4277
4279
4281
4283
4285
4287
4289
4291
4293
4295
4297
4299
4301
4303
4305
4307
4309
4311
4313
4315
4317
4319
4321
4323
4325
4327
4329
4331
4333
4335
4337
4339
4341
4343
4345
4347
4349
4351
4353
4355
4357
4359
4361
4363
4365
4367
4369
4371
4373
4375
4377
4379
4381
4383
4385
4387
4389
4391
4393
4395
4397
4399
4401
4403
12597
4405
12599
4407
12601
4409
12603
4411
12605
4413
12607
4415
12609
4417
12611
4419
12613
4421
12615
4423
12617
12619
12621
12623
12625
12627
12629
12631
12633
12635
12637
4446
12639
4448
12641
4450
12643
4452
12645
4454
12647
4456
12649
4458
12651
4460
12653
4462
12655
4464
12657
4466
12659
4468
12661
4470
12663
4472
12665
4474
12667
4476
12669
4478
12671
4480
12673
4482
12675
4484
12677
4486
12679
4488
12681
4490
12683
4492
12685
4494
12687
4496
12689
4498
12691
4500
12693
4502
12695
4504
12697
4506
12699
4508
12701
4510
12703
4512
12705
4514
12707
4516
12709
4518
12711
4520
12713
4522
12715
4524
12717
4526
12719
4528
12721
4530
12723
4532
12725
4534
12727
4536
12729
4538
12731
4540
12733
4542
12735
4544
12737
4546
12739
4548
12741
4550
12743
4552
12745
4554
12747
4556
12749
4558
12751
4560
12753
4562
12755
4564
12757
4566
12759
4568
12761
4570
12763
4572
12765
4574
12767
4576
12769
4578
12771
4580
12773
4582
12775
4584
12777
4586
12779
4588
12781
4590
12783
4592
12785
4594
12787
4596
12789
4598
12791
4600
12793
4602
12795
4604
12797
4606
12799
4608
12801
4610
12803
4612
12805
4614
12807
4616
12809
4618
12811
4620
12813
4622
12815
4624
12817
4626
12819
4628
12821
4630
12823
4632
12825
4634
12827
4636
12829
4638
12831
4640
12833
4642
12835
4644
12837
4646
12839
4648
12841
4650
12843
4652
12845
4654
12847
4656
12849
4658
12851
4660
12853
12855
12857
12859
12861
12863
12865
12867
12869
12871
12873
12875
4683
12877
4685
12879
4687
12881
4689
12883
4691
12885
4693
12887
4695
12889
4697
12891
4699
12893
4701
12895
4703
12897
4705
4707
4709
4711
4713
4715
4717
4719
4721
4723
4725
4727
4729
4731
4733
4735
4737
4739
4741
4743
4745
4747
4749
4751
4753
4755
4757
4759
4761
4763
4765
4767
4769
4771
4773
4775
4777
4779
4781
4783
4785
4787
4789
4791
4793
4795
4797
4799
4801
4803
4805
4807
4809
4811
4813
4815
4817
4819
4821
4823
4825
4827
4829
4831
4833
4835
4837
4839
4841
4843
4845
4847
4849
4851
4853
4855
4857
4859
4861
4863
4865
4867
4869
4871
4873
4875
4877
4879
4881
4883
4885
4887
4889
4891
4893
4895
4897
4920
4922
4924
4926
21311
4928
21314
4930
4932
21317
4934
21320
4936
4938
21323
4940
21326
4942
4944
21329
4946
21332
4948
4950
21335
4952
21338
4954
4956
21341
4958
21344
4960
4962
21347
4964
21350
4966
4968
21353
4970
4972
4974
4976
4978
4980
4982
4984
4986
4988
4990
4992
4994
4996
4998
5000
5002
5004
5006
5008
5010
5012
5014
5016
5018
5020
5022
5024
5026
5028
5030
5032
5034
5036
5038
5040
5042
5044
5046
5048
5050
5052
5054
5056
5058
5060
5062
5064
5066
5068
5070
5072
5074
5076
13269
5078
13272
5080
5082
13275
5084
13278
5086
5088
13281
5090
13284
5092
5094
13287
5096
13290
5098
5100
13293
5102
13296
5104
5106
13299
5108
13302
5110
5112
13305
5114
13308
5116
5118
13311
5120
13314
5122
5124
13317
5126
13320
5128
5130
13323
5132
13326
5134
5136
13329
5138
13332
5140
5142
13335
5144
13338
5146
13341
13344
13347
13350
13353
13356
13359
5169
13362
5171
13365
5173
5175
13368
5177
13371
5179
5181
13374
5183
13377
5185
5187
13380
5189
13383
5191
5193
13386
5195
13389
5197
5199
13392
5201
13395
5203
5205
13398
5207
13401
5209
5211
13404
5213
13407
5215
5217
13410
5219
13413
5221
5223
13416
5225
13419
5227
5229
13422
5231
13425
5233
5235
13428
5237
13431
5239
5241
13434
5243
13437
5245
5247
13440
5249
13443
5251
5253
13446
5255
13449
5257
5259
13452
5261
13455
5263
5265
13458
5267
13461
5269
5271
13464
5273
13467
5275
5277
13470
5279
13473
5281
5283
5285
5287
5289
5291
5293
5295
5297
5299
5301
5303
5305
5307
5309
5311
5313
5315
5317
5319
5321
5323
5325
5327
5329
5331
5333
5335
5337
5339
5341
5343
5345
5347
5349
5351
5353
5355
5357
5359
5361
5363
5365
5367
5369
5371
5373
5375
5377
5379
5381
5383
5406
5408
5410
5412
5414
5416
5418
5420
5422
5424
5426
5428
5430
5432
5434
5436
5438
5440
5442
5444
5446
5448
5450
5452
5454
5456
5458
5460
5462
5464
5466
5468
5470
5472
5474
5476
5478
5480
5482
5484
5486
5488
5490
5492
5494
5496
5498
5500
5502
5504
5506
5508
5510
5512
5514
5516
5518
5520
5522
5524
5526
5528
5530
5532
5534
5536
5538
5540
5542
5544
5546
5548
5550
5552
5554
5556
5558
5560
5562
5564
5566
5568
5570
5572
5574
5576
5578
5580
5582
5584
5586
5588
5590
5592
5594
5596
5598
5600
5602
5604
5606
5608
5610
5612
5614
5616
5618
5620
5643
5645
5647
5649
5651
5653
5655
5657
5659
5661
5663
5665
5667
5669
5671
5673
5675
5677
5679
5681
5683
5685
5687
5689
5691
5693
5695
5697
5699
5701
5703
5705
5707
5709
5711
5713
5715
5717
5719
5721
5723
5725
5727
22112
5729
22115
5731
5733
22118
5735
22121
5737
5739
22124
5741
22127
5743
5745
22130
5747
22133
5749
5751
22136
5753
22139
5755
5757
22142
5759
22145
5761
5763
22148
5765
22151
5767
5769
22154
5771
22157
5773
5775
22160
5777
22163
5779
5781
22166
5783
22169
5785
5787
22172
5789
22175
5791
5793
22178
5795
22181
5797
5799
22184
5801
22187
5803
5805
22190
5807
22193
5809
5811
22196
5813
22199
5815
5817
22202
5819
22205
5821
5823
22208
5825
22211
5827
5829
22214
5831
22217
5833
5835
22220
5837
22223
5839
5841
22226
5843
22229
5845
5847
22232
5849
22235
5851
5853
22238
5855
22241
5857
22244
22247
22250
22253
22256
22259
22262
5880
22265
5882
22268
5884
5886
22271
5888
22274
5890
5892
22277
5894
22280
5896
5898
22283
5900
22286
5902
5904
22289
5906
22292
5908
5910
22295
5912
22298
5914
5916
22301
5918
22304
5920
5922
22307
5924
22310
5926
5928
22313
5930
22316
5932
5934
22319
5936
22322
5938
5940
22325
5942
22328
5944
5946
22331
5948
22334
5950
5952
22337
5954
22340
5956
5958
22343
5960
22346
5962
5964
22349
5966
22352
5968
5970
22355
5972
22358
5974
5976
22361
5978
22364
5980
5982
22367
5984
22370
5986
5988
22373
5990
22376
5992
5994
22379
5996
22382
5998
6000
22385
6002
22388
6004
6006
22391
6008
22394
6010
6012
22397
6014
22400
6016
6018
22403
6020
22406
6022
6024
22409
22412
22415
22418
22421
22424
22427
22430
22433
22436
22439
22442
22445
22448
22451
22454
22457
22460
22463
22466
22469
22472
22475
22478
22481
22484
22487
22490
22493
22496
22499
22502
22505
22508
22511
22514
22517
22520
22523
22526
22529
22532
22535
22538
22541
22544
22547
22550
22553
22556
22559
22562
22565
22568
22571
22574
22577
22580
22583
22586
22589
22592
22595
22598
22601
22604
22607
22610
22913
22916
22919
22922
22925
22928
22931
22934
22937
22940
22943
22946
22949
22952
22955
22958
22961
22964
22967
22970
22973
22976
22979
22982
22985
22988
22991
22994
22997
23000
23003
23006
23009
23012
23015
23018
23021
23024
23027
23030
23033
23036
23039
23042
23045
23048
23051
23054
23057
23060
23063
23066
23069
23072
23075
23078
23081
23084
23087
23090
23093
23096
23099
23102
23105
23108
23111
23114
23117
23120
23123
23126
23129
23132
23135
23138
23141
23144
23147
23150
23153
23156
23159
23162
23165
23168
23171
23174
23177
23180
23183
23186
23189
23192
23195
23198
23201
23204
23207
23210
23213
23216
23219
23222
23225
23228
23231
23234
23237
23240
23243
23246
23249
23252
23255
23258
23261
23264
23267
23270
23273
23276
23279
23282
23285
23288
23291
23294
23297
23300
23303
23306
23309
23312
23315
23318
23321
23324
23327
23330
23333
23336
23339
23342
23345
23348
23351
23354
23357
23360
23363
23366
23369
23372
23375
23378
23381
23384
23387
23390
23393
23396
23399
23402
23405
23408
23411
24140
24143
24146
24149
24152
24155
24158
24161
24164
24167
24170
24173
24176
24179
24182
24185
24188
24191
24194
24197
24200
24203
24206
24209
24212
7920
7922
7924
7926
7928
7930
7932
7934
7936
48897
48898
7938
48900
7940
48901
7942
48903
7944
7946
7948
7950
7952
48914
7954
7956
7958
7960
7962
7964
7966
7968
7970
7972
7974
7976
7978
7980
7982
7984
7986
7988
7990
7992
7994
7996
7998
8000
8002
8004
8006
8008
8010
8012
8014
8016
8018
)


// ************************************************************************* //
