/*--------------------------------*- C++ -*----------------------------------*\
| =========                 |                                                 |
| \\      /  F ield         | OpenFOAM: The Open Source CFD Toolbox           |
|  \\    /   O peration     | Version:  2406                                  |
|   \\  /    A nd           | Website:  www.openfoam.com                      |
|    \\/     M anipulation  |                                                 |
\*---------------------------------------------------------------------------*/
FoamFile
{
    version     2.0;
    format      ascii;
    arch        "LSB;label=32;scalar=64";
    class       volScalarField;
    location    "0.085";
    object      T;
}
// * * * * * * * * * * * * * * * * * * * * * * * * * * * * * * * * * * * * * //

dimensions      [0 0 0 1 0 0 0];

internalField   nonuniform List<scalar> 
13948
(
301.12
294.928
293.078
292.668
292.605
292.646
292.762
292.906
293.02
293.081
293.098
293.089
293.039
292.974
292.915
292.87
292.832
292.794
292.755
292.724
292.708
292.712
292.742
292.81
292.904
292.98
293.003
293.005
293.001
292.995
292.996
293.004
293.026
293.066
293.102
293.113
293.113
293.099
293.069
293.031
293.007
293.001
293
293
293
293
293
293
293
293
293
293
293
293
293
293
293
293
293
293
293
293
293
293
293
293
293
293
293
293
293
293
293
293
293
293
293
293
293
293
293
293
293
293
293
293
293
293
293
293
293
293
293
293
293
293
293
293
293
309.556
299.748
294.756
293.125
292.714
292.634
292.668
292.774
292.907
293.014
293.071
293.085
293.075
293.028
292.966
292.909
292.866
292.83
292.794
292.758
292.728
292.714
292.719
292.749
292.815
292.908
292.981
293.003
293.006
293.002
292.996
292.998
293.005
293.028
293.066
293.102
293.112
293.112
293.098
293.067
293.03
293.007
293.001
293
293
293
293
293
293
293
293
293
293
293
293
293
293
293
293
293
293
293
293
293
293
293
293
293
293
293
293
293
293
293
293
293
293
293
293
293
293
293
293
293
293
293
293
293
293
293
293
293
293
293
293
293
293
293
293
293
321.894
321.771
321.026
319.856
317.839
314.895
311.025
306.524
301.865
298.826
295.659
294.061
293.058
292.741
292.663
292.693
292.79
292.915
293.014
293.064
293.076
293.066
293.019
292.959
292.904
292.863
292.828
292.794
292.759
292.731
292.718
292.724
292.754
292.82
292.911
292.983
293.004
293.006
293.002
292.997
292.999
293.007
293.029
293.067
293.102
293.111
293.111
293.097
293.066
293.03
293.007
293
293
293
293
293
293
293
293
293
293
293
293
293
293
293
293
293
293
293
293
293
293
293
293
293
293
293
293
293
293
293
293
293
293
293
293
293
293
293
293
293
293
293
293
293
293
293
293
293
293
293
293
293
293
293
293
293
293
295.748
302.817
306.67
308.393
308.292
307.061
305.734
304.63
304.187
304.184
304.71
305.75
307.095
308.449
309.854
311.062
311.911
312.351
312.433
312.343
311.866
311.238
310.409
309.453
308.72
308.375
308.359
308.651
309.224
309.737
310.109
310.256
310.243
310.121
309.76
308.807
307.406
305.451
303.036
300.336
297.783
295.552
294.573
293.696
293.435
292.954
292.751
292.692
292.724
292.812
292.925
293.014
293.057
293.067
293.054
293.009
292.95
292.899
292.859
292.826
292.793
292.759
292.734
292.722
292.729
292.76
292.826
292.916
292.984
293.004
293.007
293.003
292.998
293
293.008
293.031
293.068
293.102
293.111
293.11
293.095
293.065
293.029
293.006
293
293
293
293
293
293
293
293
293
293
293
293
293
293
293
293
293
293
293
293
293
293
293
293
293
293
293
293
293
293
293
293
293
293
293
293
293
293
293
293
293
293
293
293
293
293
293
293
293
293
293
293
293
293
293
293
293
293
285.085
296.498
303.509
308.642
310.167
309.618
308.105
305.649
302.912
300.678
299.2
298.382
298.165
298.364
298.924
299.707
300.634
301.633
302.489
303.097
303.365
303.364
303.091
302.617
302.002
301.321
300.753
300.411
300.296
300.393
300.633
300.867
301.02
301.048
300.987
300.825
300.495
299.832
298.916
297.757
296.482
295.155
294.128
293.34
293.053
292.824
292.874
292.783
292.738
292.715
292.755
292.837
292.937
293.014
293.051
293.058
293.044
292.998
292.942
292.892
292.855
292.823
292.791
292.76
292.736
292.726
292.734
292.766
292.832
292.92
292.986
293.005
293.007
293.003
292.999
293.001
293.01
293.032
293.07
293.102
293.11
293.109
293.094
293.063
293.028
293.006
293
293
293
293
293
293
293
293
293
293
293
293
293
293
293
293
293
293
293
293
293
293
293
293
293
293
293
293
293
293
293
293
293
293
293
293
293
293
293
293
293
293
293
293
293
293
293
293
293
293
293
293
293
293
293
293
293
293
289.636
286.316
299.049
307.17
310.566
311.379
310.408
307.717
304.075
300.755
298.107
296.23
295.057
294.495
294.357
294.54
294.928
295.47
296.094
296.702
297.226
297.583
297.717
297.68
297.483
297.157
296.764
296.397
296.109
295.914
295.836
295.834
295.892
295.935
295.91
295.828
295.678
295.462
295.115
294.666
294.141
293.649
293.175
292.88
292.677
292.621
292.565
292.651
292.693
292.722
292.737
292.786
292.861
292.949
293.015
293.044
293.048
293.032
292.986
292.932
292.886
292.85
292.82
292.79
292.76
292.739
292.73
292.739
292.772
292.839
292.926
292.989
293.006
293.008
293.004
293
293.002
293.011
293.034
293.071
293.102
293.109
293.107
293.092
293.061
293.026
293.005
293
293
293
293
293
293
293
293
293
293
293
293
293
293
293
293
293
293
293
293
293
293
293
293
293
293
293
293
293
293
293
293
293
293
293
293
293
293
293
293
293
293
293
293
293
293
293
293
293
293
293
293
293
293
293
293
293
293
288.78
286.264
298.738
308.9
310.689
309.693
307.955
304.692
301.316
298.307
295.812
294.036
292.928
292.383
292.254
292.398
292.718
293.131
293.599
294.078
294.516
294.868
295.073
295.125
295.033
294.812
294.531
294.267
294.036
293.855
293.734
293.665
293.628
293.603
293.582
293.556
293.488
293.365
293.201
293.021
292.827
292.666
292.547
292.485
292.461
292.475
292.477
292.565
292.644
292.708
292.752
292.811
292.882
292.96
293.016
293.038
293.039
293.02
292.974
292.922
292.878
292.845
292.816
292.788
292.76
292.741
292.734
292.744
292.779
292.847
292.932
292.991
293.006
293.008
293.004
293.001
293.003
293.013
293.037
293.074
293.102
293.109
293.106
293.09
293.059
293.025
293.005
293
293
293
293
293
293
293
293
293
293
293
293
293
293
293
293
293
293
293
293
293
293
293
293
293
293
293
293
293
293
293
293
293
293
293
293
293
293
293
293
293
293
293
293
293
293
293
293
293
293
293
293
293
293
293
293
293
293
290.657
288.33
292.264
300.221
302.794
302.345
301.215
299.368
297.255
295.208
293.468
292.222
291.468
291.128
291.085
291.247
291.585
291.997
292.428
292.837
293.209
293.522
293.744
293.839
293.827
293.722
293.551
293.353
293.174
293.035
292.928
292.834
292.77
292.74
292.713
292.699
292.673
292.61
292.543
292.481
292.42
292.378
292.361
292.371
292.392
292.424
292.462
292.564
292.652
292.716
292.766
292.826
292.896
292.968
293.016
293.032
293.03
293.007
292.961
292.912
292.871
292.839
292.813
292.785
292.76
292.743
292.738
292.75
292.787
292.856
292.939
292.994
293.007
293.008
293.005
293.001
293.005
293.015
293.039
293.076
293.103
293.108
293.105
293.089
293.057
293.023
293.004
293
293
293
293
293
293
293
293
293
293
293
293
293
293
293
293
293
293
293
293
293
293
293
293
293
293
293
293
293
293
293
293
293
293
293
293
293
293
293
293
293
293
293
293
293
293
293
293
293
293
293
293
293
293
293
293
293
293
284.387
284.919
285.317
289.08
292.748
293.816
293.93
293.594
292.903
292.078
291.319
290.78
290.5
290.434
290.532
290.772
291.121
291.505
291.886
292.235
292.551
292.826
293.041
293.178
293.236
293.231
293.168
293.067
292.949
292.846
292.76
292.68
292.604
292.534
292.482
292.44
292.394
292.345
292.313
292.304
292.301
292.308
292.326
292.357
292.394
292.437
292.495
292.594
292.673
292.729
292.779
292.84
292.909
292.975
293.014
293.025
293.02
292.993
292.947
292.9
292.862
292.833
292.808
292.783
292.76
292.745
292.743
292.756
292.796
292.865
292.946
292.996
293.008
293.009
293.005
293.002
293.006
293.017
293.042
293.078
293.103
293.108
293.104
293.086
293.054
293.021
293.004
293
293
293
293
293
293
293
293
293
293
293
293
293
293
293
293
293
293
293
293
293
293
293
293
293
293
293
293
293
293
293
293
293
293
293
293
293
293
293
293
293
293
293
293
293
293
293
293
293
293
293
293
293
293
293
293
293
293
281.217
281.104
281.567
283.677
286.679
288.313
289.269
289.859
290.056
290.021
289.938
289.901
289.942
290.075
290.303
290.611
290.974
291.354
291.719
292.046
292.333
292.578
292.777
292.924
293.013
293.051
293.053
293.029
292.979
292.913
292.843
292.769
292.692
292.606
292.512
292.425
292.353
292.306
292.287
292.289
292.304
292.329
292.362
292.403
292.452
292.502
292.567
292.652
292.71
292.752
292.794
292.852
292.921
292.981
293.012
293.018
293.009
292.977
292.932
292.888
292.854
292.827
292.804
292.781
292.76
292.748
292.748
292.763
292.806
292.876
292.954
292.999
293.008
293.009
293.006
293.004
293.007
293.019
293.045
293.081
293.103
293.108
293.103
293.084
293.051
293.019
293.003
293
293
293
293
293
293
293
293
293
293
293
293
293
293
293
293
293
293
293
293
293
293
293
293
293
293
293
293
293
293
293
293
293
293
293
293
293
293
293
293
293
293
293
293
293
293
293
293
293
293
293
293
293
293
293
293
293
293
281.791
281.179
281.399
282.524
284.673
286.273
287.389
288.247
288.778
289.099
289.332
289.533
289.726
289.943
290.218
290.557
290.933
291.32
291.686
292.009
292.282
292.512
292.703
292.853
292.96
293.024
293.053
293.051
293.033
292.994
292.948
292.891
292.823
292.745
292.653
292.557
292.481
292.431
292.406
292.399
292.409
292.435
292.47
292.512
292.558
292.602
292.655
292.712
292.746
292.772
292.808
292.866
292.932
292.984
293.007
293.009
292.996
292.96
292.916
292.876
292.845
292.821
292.8
292.778
292.76
292.75
292.753
292.771
292.817
292.888
292.962
293.002
293.009
293.01
293.006
293.005
293.009
293.022
293.049
293.084
293.103
293.107
293.101
293.081
293.048
293.017
293.003
293
293
293
293
293
293
293
293
293
293
293
293
293
293
293
293
293
293
293
293
293
293
293
293
293
293
293
293
293
293
293
293
293
293
293
293
293
293
293
293
293
293
293
293
293
293
293
293
293
293
293
293
293
293
293
293
293
293
284.357
283.371
283.145
283.711
285.026
286.222
287.148
287.938
288.509
288.91
289.221
289.477
289.71
289.953
290.235
290.562
290.923
291.296
291.654
291.973
292.243
292.474
292.668
292.825
292.939
293.012
293.051
293.063
293.05
293.012
292.969
292.916
292.857
292.799
292.746
292.702
292.666
292.635
292.609
292.59
292.583
292.592
292.613
292.64
292.672
292.7
292.73
292.758
292.772
292.789
292.824
292.882
292.944
292.986
293.002
292.999
292.98
292.942
292.899
292.863
292.836
292.815
292.796
292.776
292.761
292.754
292.758
292.78
292.829
292.901
292.97
293.004
293.01
293.01
293.007
293.006
293.011
293.025
293.053
293.087
293.104
293.106
293.099
293.078
293.045
293.015
293.002
293
293
293
293
293
293
293
293
293
293
293
293
293
293
293
293
293
293
293
293
293
293
293
293
293
293
293
293
293
293
293
293
293
293
293
293
293
293
293
293
293
293
293
293
293
293
293
293
293
293
293
293
293
293
293
293
293
293
287.155
286.221
285.799
285.922
286.455
287.115
287.719
288.292
288.761
289.123
289.421
289.665
289.89
290.112
290.349
290.61
290.91
291.242
291.573
291.878
292.146
292.38
292.58
292.742
292.86
292.936
292.975
292.989
292.983
292.951
292.908
292.861
292.816
292.781
292.754
292.741
292.734
292.726
292.718
292.711
292.708
292.712
292.724
292.738
292.754
292.766
292.776
292.782
292.786
292.802
292.841
292.899
292.954
292.986
292.994
292.986
292.961
292.922
292.882
292.85
292.827
292.809
292.791
292.774
292.762
292.758
292.765
292.791
292.842
292.914
292.978
293.007
293.011
293.01
293.007
293.007
293.013
293.028
293.058
293.09
293.104
293.106
293.097
293.074
293.041
293.013
293.002
293
293
293
293
293
293
293
293
293
293
293
293
293
293
293
293
293
293
293
293
293
293
293
293
293
293
293
293
293
293
293
293
293
293
293
293
293
293
293
293
293
293
293
293
293
293
293
293
293
293
293
293
293
293
293
293
293
293
289.146
288.464
288.078
287.972
288.132
288.443
288.738
289.048
289.347
289.604
289.833
290.024
290.199
290.361
290.532
290.724
290.951
291.215
291.493
291.758
292.002
292.225
292.421
292.584
292.709
292.794
292.845
292.869
292.877
292.869
292.847
292.815
292.786
292.764
292.748
292.738
292.734
292.732
292.735
292.741
292.75
292.761
292.772
292.782
292.789
292.792
292.791
292.79
292.795
292.818
292.863
292.919
292.963
292.982
292.983
292.97
292.94
292.901
292.865
292.838
292.818
292.803
292.788
292.773
292.764
292.762
292.772
292.803
292.858
292.929
292.987
293.009
293.012
293.011
293.008
293.009
293.015
293.032
293.063
293.094
293.104
293.105
293.095
293.07
293.036
293.01
293.001
293
293
293
293
293
293
293
293
293
293
293
293
293
293
293
293
293
293
293
293
293
293
293
293
293
293
293
293
293
293
293
293
293
293
293
293
293
293
293
293
293
293
293
293
293
293
293
293
293
293
293
293
293
293
293
293
293
293
290.398
289.903
289.591
289.45
289.462
289.585
289.715
289.854
290.009
290.15
290.285
290.405
290.52
290.628
290.742
290.874
291.041
291.246
291.474
291.699
291.912
292.11
292.289
292.444
292.571
292.669
292.74
292.788
292.817
292.83
292.828
292.813
292.789
292.767
292.749
292.737
292.73
292.728
292.734
292.745
292.758
292.772
292.783
292.79
292.794
292.793
292.79
292.792
292.806
292.84
292.888
292.936
292.966
292.975
292.97
292.95
292.916
292.879
292.848
292.826
292.81
292.798
292.785
292.773
292.766
292.768
292.782
292.817
292.875
292.944
292.994
293.01
293.013
293.011
293.008
293.01
293.018
293.037
293.068
293.096
293.104
293.104
293.092
293.065
293.032
293.008
293.001
293
293
293
293
293
293
293
293
293
293
293
293
293
293
293
293
293
293
293
293
293
293
293
293
293
293
293
293
293
293
293
293
293
293
293
293
293
293
293
293
293
293
293
293
293
293
293
293
293
293
293
293
293
293
293
293
293
293
291.214
290.838
290.583
290.447
290.398
290.427
290.477
290.516
290.574
290.632
290.686
290.739
290.8
290.866
290.943
291.036
291.159
291.319
291.504
291.699
291.885
292.058
292.219
292.363
292.486
292.589
292.672
292.733
292.776
292.802
292.812
292.811
292.797
292.78
292.764
292.751
292.744
292.742
292.746
292.756
292.767
292.777
292.785
292.79
292.792
292.792
292.792
292.804
292.83
292.869
292.913
292.947
292.963
292.964
292.952
292.925
292.891
292.857
292.832
292.815
292.803
292.793
292.782
292.773
292.77
292.774
292.793
292.833
292.894
292.96
293.001
293.012
293.014
293.012
293.009
293.012
293.021
293.042
293.074
293.099
293.105
293.102
293.088
293.06
293.027
293.006
293
293
293
293
293
293
293
293
293
293
293
293
293
293
293
293
293
293
293
293
293
293
293
293
293
293
293
293
293
293
293
293
293
293
293
293
293
293
293
293
293
293
293
293
293
293
293
293
293
293
293
293
293
293
293
293
293
293
293
291.756
291.463
291.251
291.121
291.056
291.035
291.042
291.038
291.036
291.041
291.043
291.05
291.067
291.098
291.146
291.212
291.305
291.425
291.571
291.729
291.89
292.042
292.184
292.316
292.435
292.538
292.624
292.69
292.738
292.769
292.789
292.8
292.803
292.8
292.796
292.791
292.789
292.788
292.789
292.792
292.795
292.798
292.799
292.8
292.802
292.804
292.813
292.835
292.864
292.898
292.929
292.949
292.954
292.948
292.928
292.898
292.865
292.837
292.818
292.806
292.797
292.789
292.781
292.775
292.774
292.783
292.807
292.852
292.914
292.974
293.007
293.014
293.015
293.012
293.011
293.014
293.025
293.049
293.081
293.101
293.105
293.1
293.083
293.053
293.022
293.004
293
293
293
293
293
293
293
293
293
293
293
293
293
293
293
293
293
293
293
293
293
293
293
293
293
293
293
293
293
293
293
293
293
293
293
293
293
293
293
293
293
293
293
293
293
293
293
293
293
293
293
293
293
293
293
293
293
293
293
292.118
291.885
291.705
291.58
291.504
291.465
291.445
291.431
291.411
291.39
291.37
291.353
291.346
291.349
291.368
291.407
291.467
291.552
291.659
291.782
291.911
292.041
292.166
292.284
292.397
292.498
292.585
292.654
292.706
292.744
292.771
292.793
292.813
292.829
292.842
292.85
292.854
292.855
292.854
292.85
292.846
292.84
292.836
292.834
292.836
292.84
292.854
292.874
292.895
292.916
292.933
292.941
292.938
292.923
292.898
292.868
292.839
292.818
292.805
292.798
292.793
292.787
292.781
292.778
292.78
292.794
292.824
292.874
292.936
292.988
293.011
293.016
293.015
293.012
293.012
293.017
293.03
293.056
293.087
293.102
293.104
293.098
293.078
293.046
293.017
293.003
293
293
293
293
293
293
293
293
293
293
293
293
293
293
293
293
293
293
293
293
293
293
293
293
293
293
293
293
293
293
293
293
293
293
293
293
293
293
293
293
293
293
293
293
293
293
293
293
293
293
293
293
293
293
293
293
293
293
293
292.378
292.192
292.036
291.915
291.83
291.775
291.74
291.716
291.694
291.671
291.647
291.625
291.608
291.6
291.601
291.615
291.644
291.694
291.765
291.853
291.952
292.056
292.161
292.264
292.364
292.458
292.543
292.616
292.676
292.725
292.764
292.797
292.826
292.85
292.87
292.883
292.891
292.894
292.893
292.889
292.883
292.878
292.875
292.874
292.875
292.879
292.887
292.897
292.907
292.918
292.925
292.923
292.913
292.892
292.865
292.837
292.815
292.802
292.795
292.793
292.79
292.786
292.783
292.782
292.789
292.808
292.845
292.898
292.957
292.999
293.014
293.017
293.016
293.013
293.014
293.02
293.036
293.064
293.093
293.103
293.104
293.094
293.071
293.039
293.012
293.002
293
293
293
293
293
293
293
293
293
293
293
293
293
293
293
293
293
293
293
293
293
293
293
293
293
293
293
293
293
293
293
293
293
293
293
293
293
293
293
293
293
293
293
293
293
293
293
293
293
293
293
293
293
293
293
293
293
293
293
292.586
292.44
292.309
292.197
292.107
292.038
291.987
291.949
291.919
291.891
291.867
291.844
291.824
291.811
291.806
291.807
291.817
291.84
291.881
291.939
292.011
292.091
292.172
292.254
292.336
292.415
292.492
292.563
292.628
292.685
292.735
292.776
292.809
292.835
292.855
292.87
292.879
292.884
292.887
292.888
292.888
292.888
292.888
292.889
292.89
292.893
292.895
292.898
292.902
292.906
292.904
292.894
292.877
292.856
292.831
292.809
292.795
292.789
292.789
292.79
292.789
292.787
292.786
292.789
292.801
292.827
292.869
292.924
292.977
293.009
293.017
293.018
293.016
293.014
293.016
293.025
293.044
293.074
293.098
293.104
293.102
293.089
293.063
293.03
293.008
293.001
293
293
293
293
293
293
293
293
293
293
293
293
293
293
293
293
293
293
293
293
293
293
293
293
293
293
293
293
293
293
293
293
293
293
293
293
293
293
293
293
293
293
293
293
293
293
293
293
293
293
293
293
293
293
293
293
293
293
293
292.764
292.652
292.547
292.452
292.366
292.292
292.229
292.175
292.129
292.09
292.055
292.024
291.998
291.976
291.962
291.956
291.956
291.963
291.982
292.016
292.064
292.121
292.182
292.245
292.307
292.368
292.429
292.49
292.55
292.608
292.661
292.708
292.746
292.777
292.8
292.816
292.828
292.836
292.841
292.845
292.849
292.854
292.86
292.865
292.869
292.871
292.872
292.873
292.874
292.872
292.865
292.855
292.838
292.817
292.798
292.786
292.781
292.782
292.786
292.789
292.79
292.79
292.792
292.8
292.818
292.85
292.897
292.951
292.995
293.015
293.019
293.019
293.016
293.015
293.019
293.03
293.053
293.083
293.101
293.104
293.1
293.083
293.053
293.022
293.005
293
293
293
293
293
293
293
293
293
293
293
293
293
293
293
293
293
293
293
293
293
293
293
293
293
293
293
293
293
293
293
293
293
293
293
293
293
293
293
293
293
293
293
293
293
293
293
293
293
293
293
293
293
293
293
293
293
293
293
293
292.926
292.839
292.756
292.679
292.605
292.536
292.471
292.409
292.351
292.296
292.246
292.2
292.16
292.126
292.097
292.076
292.062
292.056
292.059
292.07
292.094
292.131
292.175
292.221
292.268
292.316
292.363
292.411
292.459
292.506
292.55
292.591
292.627
292.659
292.686
292.709
292.728
292.745
292.76
292.774
292.786
292.797
292.806
292.813
292.818
292.821
292.824
292.828
292.831
292.83
292.823
292.811
292.796
292.782
292.772
292.77
292.773
292.78
292.787
292.792
292.794
292.796
292.802
292.815
292.84
292.878
292.927
292.976
293.008
293.019
293.021
293.019
293.016
293.017
293.023
293.038
293.064
293.092
293.103
293.104
293.096
293.074
293.042
293.015
293.002
293
293
293
293
293
293
293
293
293
293
293
293
293
293
293
293
293
293
293
293
293
293
293
293
293
293
293
293
293
293
293
293
293
293
293
293
293
293
293
293
293
293
293
293
293
293
293
293
293
293
293
293
293
293
293
293
293
293
293
293
293.08
293.009
292.942
292.878
292.818
292.759
292.702
292.643
292.583
292.522
292.461
292.402
292.346
292.294
292.249
292.21
292.177
292.153
292.136
292.129
292.131
292.144
292.168
292.199
292.234
292.273
292.311
292.347
292.382
292.416
292.449
292.48
292.51
292.539
292.567
292.593
292.618
292.641
292.664
292.685
292.704
292.72
292.733
292.743
292.751
292.758
292.766
292.775
292.781
292.781
292.776
292.768
292.76
292.756
292.757
292.763
292.773
292.784
292.792
292.797
292.8
292.806
292.817
292.836
292.868
292.911
292.959
292.998
293.018
293.022
293.022
293.019
293.017
293.02
293.029
293.048
293.077
293.099
293.104
293.102
293.089
293.063
293.031
293.009
293.001
293
293
293
293
293
293
293
293
293
293
293
293
293
293
293
293
293
293
293
293
293
293
293
293
293
293
293
293
293
293
293
293
293
293
293
293
293
293
293
293
293
293
293
293
293
293
293
293
293
293
293
293
293
293
293
293
293
293
293
293
293.207
293.152
293.098
293.046
292.996
292.948
292.901
292.854
292.804
292.75
292.692
292.631
292.569
292.507
292.448
292.392
292.342
292.298
292.261
292.232
292.211
292.201
292.202
292.213
292.231
292.254
292.28
292.309
292.34
292.37
292.4
292.428
292.455
292.481
292.506
292.53
292.554
292.577
292.599
292.62
292.638
292.654
292.668
292.68
292.691
292.7
292.712
292.726
292.733
292.736
292.737
292.737
292.738
292.743
292.753
292.766
292.78
292.792
292.8
292.805
292.811
292.821
292.838
292.864
292.901
292.946
292.987
293.014
293.023
293.025
293.022
293.019
293.019
293.024
293.037
293.061
293.089
293.103
293.105
293.099
293.08
293.05
293.02
293.004
293
293
293
293
293
293
293
293
293
293
293
293
293
293
293
293
293
293
293
293
293
293
293
293
293
293
293
293
293
293
293
293
293
293
293
293
293
293
293
293
293
293
293
293
293
293
293
293
293
293
293
293
293
293
293
293
293
293
293
293
293
293.275
293.24
293.203
293.165
293.126
293.088
293.05
293.014
292.977
292.937
292.895
292.847
292.795
292.74
292.682
292.623
292.565
292.51
292.459
292.413
292.373
292.34
292.315
292.301
292.297
292.301
292.311
292.326
292.345
292.366
292.388
292.411
292.435
292.458
292.482
292.504
292.527
292.548
292.568
292.586
292.603
292.617
292.63
292.641
292.652
292.662
292.675
292.69
292.7
292.707
292.713
292.721
292.732
292.746
292.762
292.779
292.794
292.804
292.811
292.818
292.828
292.843
292.866
292.899
292.939
292.979
293.01
293.024
293.027
293.026
293.022
293.019
293.022
293.031
293.049
293.076
293.099
293.105
293.104
293.092
293.067
293.035
293.011
293.001
293
293
293
293
293
293
293
293
293
293
293
293
293
293
293
293
293
293
293
293
293
293
293
293
293
293
293
293
293
293
293
293
293
293
293
293
293
293
293
293
293
293
293
293
293
293
293
293
293
293
293
293
293
293
293
293
293
293
293
293
293
293.287
293.266
293.244
293.22
293.195
293.168
293.141
293.113
293.084
293.056
293.026
292.995
292.961
292.923
292.882
292.838
292.791
292.742
292.693
292.644
292.598
292.555
292.516
292.483
292.456
292.437
292.426
292.421
292.422
292.428
292.438
292.451
292.466
292.482
292.499
292.516
292.532
292.548
292.562
292.575
292.587
292.599
292.61
292.621
292.631
292.64
292.654
292.669
292.683
292.697
292.712
292.728
292.745
292.764
292.783
292.799
292.811
292.819
292.827
292.837
292.852
292.873
292.903
292.939
292.977
293.008
293.025
293.029
293.028
293.024
293.021
293.022
293.027
293.041
293.065
293.092
293.104
293.106
293.099
293.08
293.05
293.021
293.004
293
293
293
293
293
293
293
293
293
293
293
293
293
293
293
293
293
293
293
293
293
293
293
293
293
293
293
293
293
293
293
293
293
293
293
293
293
293
293
293
293
293
293
293
293
293
293
293
293
293
293
293
293
293
293
293
293
293
293
293
293
293
293.27
293.254
293.239
293.224
293.209
293.193
293.176
293.157
293.136
293.115
293.093
293.07
293.047
293.022
292.996
292.968
292.938
292.907
292.873
292.838
292.802
292.765
292.729
292.694
292.661
292.632
292.606
292.586
292.569
292.558
292.551
292.548
292.549
292.552
292.557
292.563
292.571
292.579
292.587
292.596
292.605
292.614
292.623
292.632
292.642
292.651
292.664
292.681
292.698
292.716
292.735
292.755
292.775
292.793
292.809
292.822
292.831
292.839
292.85
292.865
292.886
292.913
292.947
292.981
293.01
293.027
293.032
293.031
293.027
293.023
293.022
293.026
293.036
293.057
293.084
293.103
293.107
293.104
293.09
293.064
293.032
293.01
293.001
293
293
293
293
293
293
293
293
293
293
293
293
293
293
293
293
293
293
293
293
293
293
293
293
293
293
293
293
293
293
293
293
293
293
293
293
293
293
293
293
293
293
293
293
293
293
293
293
293
293
293
293
293
293
293
293
293
293
293
293
293
293
293.254
293.236
293.222
293.21
293.199
293.187
293.175
293.163
293.149
293.135
293.119
293.102
293.084
293.066
293.047
293.028
293.007
292.986
292.964
292.942
292.918
292.894
292.869
292.843
292.818
292.793
292.769
292.747
292.726
292.708
292.692
292.679
292.669
292.661
292.656
292.653
292.651
292.652
292.653
292.657
292.661
292.667
292.673
292.679
292.687
292.694
292.706
292.723
292.741
292.76
292.778
292.796
292.812
292.826
292.837
292.847
292.856
292.867
292.883
292.904
292.931
292.961
292.992
293.017
293.031
293.034
293.033
293.03
293.025
293.024
293.026
293.034
293.052
293.078
293.1
293.107
293.106
293.096
293.074
293.043
293.016
293.003
293
293
293
293
293
293
293
293
293
293
293
293
293
293
293
293
293
293
293
293
293
293
293
293
293
293
293
293
293
293
293
293
293
293
293
293
293
293
293
293
293
293
293
293
293
293
293
293
293
293
293
293
293
293
293
293
293
293
293
293
293
293
293
293.282
293.252
293.227
293.208
293.193
293.18
293.169
293.158
293.147
293.136
293.125
293.112
293.099
293.085
293.071
293.057
293.042
293.026
293.011
292.995
292.978
292.961
292.944
292.927
292.909
292.892
292.874
292.857
292.841
292.826
292.811
292.798
292.787
292.777
292.768
292.761
292.756
292.752
292.75
292.749
292.75
292.751
292.754
292.757
292.761
292.766
292.775
292.787
292.801
292.814
292.827
292.839
292.85
292.86
292.869
292.88
292.893
292.909
292.931
292.956
292.982
293.007
293.026
293.035
293.037
293.035
293.031
293.027
293.026
293.028
293.035
293.05
293.074
293.098
293.107
293.108
293.1
293.081
293.051
293.022
293.006
293.001
293
293
293
293
293
293
293
293
293
293
293
293
293
293
293
293
293
293
293
293
293
293
293
293
293
293
293
293
293
293
293
293
293
293
293
293
293
293
293
293
293
293
293
293
293
293
293
293
293
293
293
293
293
293
293
293
293
293
293
293
293
293
293
293.349
293.312
293.281
293.253
293.23
293.21
293.194
293.18
293.167
293.156
293.145
293.134
293.123
293.112
293.101
293.089
293.077
293.065
293.053
293.04
293.027
293.014
293.001
292.988
292.975
292.962
292.949
292.937
292.925
292.913
292.902
292.892
292.882
292.874
292.866
292.859
292.853
292.849
292.845
292.842
292.841
292.84
292.84
292.84
292.841
292.843
292.847
292.853
292.861
292.869
292.877
292.885
292.894
292.903
292.915
292.928
292.946
292.966
292.987
293.008
293.025
293.035
293.038
293.038
293.036
293.033
293.029
293.028
293.03
293.037
293.052
293.075
293.098
293.108
293.108
293.102
293.084
293.056
293.027
293.008
293.001
293
293
293
293
293
293
293
293
293
293
293
293
293
293
293
293
293
293
293
293
293
293
293
293
293
293
293
293
293
293
293
293
293
293
293
293
293
293
293
293
293
293
293
293
293
293
293
293
293
293
293
293
293
293
293
293
293
293
293
293
293
293
293
293
293.4
293.368
293.338
293.311
293.286
293.264
293.245
293.229
293.214
293.2
293.189
293.178
293.167
293.157
293.147
293.137
293.127
293.117
293.107
293.096
293.085
293.075
293.064
293.054
293.043
293.033
293.023
293.013
293.004
292.994
292.985
292.977
292.969
292.961
292.954
292.948
292.942
292.937
292.933
292.929
292.926
292.923
292.921
292.92
292.919
292.919
292.919
292.921
292.925
292.93
292.936
292.943
292.952
292.963
292.976
292.99
293.005
293.02
293.031
293.038
293.041
293.041
293.04
293.037
293.034
293.032
293.031
293.034
293.041
293.057
293.079
293.1
293.108
293.108
293.102
293.085
293.058
293.029
293.009
293.002
293
293
293
293
293
293
293
293
293
293
293
293
293
293
293
293
293
293
293
293
293
293
293
293
293
293
293
293
293
293
293
293
293
293
293
293
293
293
293
293
293
293
293
293
293
293
293
293
293
293
293
293
293
293
293
293
293
293
293
293
293
293
293
293
293
293.417
293.39
293.365
293.342
293.32
293.3
293.282
293.266
293.251
293.238
293.227
293.216
293.206
293.197
293.189
293.18
293.172
293.164
293.156
293.148
293.141
293.133
293.126
293.118
293.111
293.103
293.096
293.088
293.081
293.074
293.066
293.059
293.053
293.046
293.04
293.035
293.029
293.024
293.02
293.016
293.012
293.009
293.006
293.003
293.001
293
292.999
292.998
292.999
293.002
293.006
293.011
293.017
293.024
293.031
293.038
293.042
293.044
293.044
293.044
293.043
293.041
293.038
293.036
293.035
293.036
293.04
293.049
293.066
293.086
293.103
293.108
293.107
293.1
293.083
293.056
293.029
293.01
293.002
293
293
293
293
293
293
293
293
293
293
293
293
293
293
293
293
293
293
293
293
293
293
293
293
293
293
293
293
293
293
293
293
293
293
293
293
293
293
293
293
293
293
293
293
293
293
293
293
293
293
293
293
293
293
293
293
293
293
293
293
293
293
293
293
293
293
293.415
293.392
293.371
293.349
293.329
293.31
293.292
293.277
293.263
293.251
293.24
293.23
293.221
293.213
293.206
293.199
293.193
293.187
293.181
293.175
293.17
293.164
293.158
293.152
293.147
293.141
293.136
293.131
293.126
293.121
293.116
293.112
293.107
293.103
293.099
293.095
293.091
293.087
293.084
293.08
293.077
293.074
293.071
293.069
293.066
293.064
293.062
293.059
293.056
293.055
293.054
293.053
293.053
293.052
293.051
293.05
293.049
293.048
293.046
293.044
293.042
293.041
293.04
293.04
293.043
293.05
293.062
293.078
293.095
293.104
293.107
293.105
293.096
293.077
293.051
293.025
293.008
293.001
293
293
293
293
293
293
293
293
293
293
293
293
293
293
293
293
293
293
293
293
293
293
293
293
293
293
293
293
293
293
293
293
293
293
293
293
293
293
293
293
293
293
293
293
293
293
293
293
293
293
293
293
293
293
293
293
293
293
293
293
293
293
293
293
293
293
293
293.408
293.389
293.37
293.351
293.333
293.316
293.299
293.283
293.267
293.253
293.24
293.229
293.219
293.21
293.202
293.196
293.19
293.184
293.179
293.175
293.17
293.166
293.162
293.158
293.155
293.151
293.147
293.143
293.14
293.136
293.132
293.128
293.125
293.121
293.117
293.114
293.11
293.107
293.103
293.1
293.097
293.094
293.091
293.088
293.086
293.083
293.08
293.075
293.072
293.068
293.065
293.062
293.06
293.057
293.055
293.052
293.05
293.048
293.047
293.047
293.046
293.047
293.05
293.055
293.065
293.078
293.091
293.1
293.104
293.105
293.1
293.087
293.066
293.041
293.019
293.006
293.001
293
293
293
293
293
293
293
293
293
293
293
293
293
293
293
293
293
293
293
293
293
293
293
293
293
293
293
293
293
293
293
293
293
293
293
293
293
293
293
293
293
293
293
293
293
293
293
293
293
293
293
293
293
293
293
293
293
293
293
293
293
293
293
293
293
293
293
293
293.385
293.375
293.362
293.348
293.334
293.32
293.305
293.291
293.277
293.263
293.25
293.238
293.226
293.216
293.205
293.196
293.188
293.18
293.173
293.167
293.162
293.157
293.153
293.149
293.145
293.142
293.138
293.135
293.132
293.129
293.126
293.123
293.12
293.117
293.114
293.111
293.108
293.105
293.103
293.1
293.097
293.095
293.092
293.09
293.087
293.085
293.082
293.077
293.073
293.069
293.066
293.062
293.06
293.058
293.056
293.055
293.054
293.054
293.055
293.056
293.06
293.065
293.073
293.083
293.092
293.098
293.101
293.102
293.099
293.09
293.074
293.052
293.03
293.013
293.004
293.001
293
293
293
293
293
293
293
293
293
293
293
293
293
293
293
293
293
293
293
293
293
293
293
293
293
293
293
293
293
293
293
293
293
293
293
293
293
293
293
293
293
293
293
293
293
293
293
293
293
293
293
293
293
293
293
293
293
293
293
293
293
293
293
293
293
293
293
293
293
293.316
293.322
293.323
293.321
293.316
293.309
293.3
293.29
293.281
293.27
293.26
293.25
293.239
293.229
293.219
293.21
293.201
293.192
293.185
293.177
293.17
293.164
293.157
293.152
293.146
293.141
293.136
293.132
293.128
293.124
293.12
293.117
293.114
293.111
293.108
293.105
293.103
293.1
293.098
293.095
293.093
293.091
293.089
293.087
293.085
293.083
293.08
293.077
293.074
293.072
293.07
293.068
293.066
293.066
293.065
293.066
293.067
293.07
293.074
293.079
293.085
293.089
293.093
293.097
293.099
293.099
293.096
293.088
293.074
293.055
293.035
293.018
293.007
293.002
293
293
293
293
293
293
293
293
293
293
293
293
293
293
293
293
293
293
293
293
293
293
293
293
293
293
293
293
293
293
293
293
293
293
293
293
293
293
293
293
293
293
293
293
293
293
293
293
293
293
293
293
293
293
293
293
293
293
293
293
293
293
293
293
293
293
293
293
293
293
293
293.191
293.211
293.228
293.241
293.25
293.256
293.259
293.26
293.258
293.255
293.25
293.245
293.239
293.232
293.226
293.219
293.212
293.205
293.198
293.191
293.185
293.178
293.172
293.166
293.16
293.155
293.15
293.145
293.141
293.137
293.133
293.129
293.125
293.122
293.119
293.116
293.113
293.11
293.108
293.105
293.103
293.101
293.099
293.097
293.095
293.093
293.091
293.088
293.086
293.085
293.084
293.083
293.084
293.084
293.086
293.087
293.089
293.09
293.092
293.094
293.095
293.096
293.096
293.094
293.089
293.081
293.068
293.052
293.034
293.019
293.008
293.003
293.001
293
293
293
293
293
293
293
293
293
293
293
293
293
293
293
293
293
293
293
293
293
293
293
293
293
293
293
293
293
293
293
293
293
293
293
293
293
293
293
293
293
293
293
293
293
293
293
293
293
293
293
293
293
293
293
293
293
293
293
293
293
293
293
293
293
293
293
293
293
293
293
293
293.066
293.083
293.101
293.119
293.135
293.151
293.165
293.176
293.186
293.193
293.198
293.202
293.204
293.204
293.204
293.202
293.2
293.197
293.193
293.19
293.186
293.182
293.178
293.174
293.17
293.166
293.162
293.158
293.154
293.15
293.146
293.143
293.139
293.136
293.133
293.13
293.127
293.124
293.122
293.119
293.117
293.115
293.113
293.111
293.109
293.108
293.106
293.104
293.102
293.1
293.099
293.098
293.097
293.097
293.097
293.097
293.096
293.096
293.095
293.093
293.09
293.085
293.078
293.068
293.056
293.042
293.028
293.016
293.007
293.003
293.001
293
293
293
293
293
293
293
293
293
293
293
293
293
293
293
293
293
293
293
293
293
293
293
293
293
293
293
293
293
293
293
293
293
293
293
293
293
293
293
293
293
293
293
293
293
293
293
293
293
293
293
293
293
293
293
293
293
293
293
293
293
293
293
293
293
293
293
293
293
293
293
293
293
293
293.01
293.015
293.021
293.029
293.038
293.048
293.059
293.07
293.082
293.093
293.103
293.113
293.122
293.129
293.136
293.142
293.146
293.149
293.152
293.154
293.155
293.155
293.155
293.154
293.153
293.152
293.15
293.148
293.146
293.144
293.142
293.14
293.138
293.136
293.134
293.132
293.13
293.128
293.126
293.124
293.123
293.121
293.119
293.118
293.116
293.115
293.112
293.11
293.107
293.105
293.103
293.1
293.098
293.096
293.093
293.09
293.086
293.082
293.076
293.069
293.061
293.051
293.04
293.029
293.019
293.011
293.005
293.002
293.001
293
293
293
293
293
293
293
293
293
293
293
293
293
293
293
293
293
293
293
293
293
293
293
293
293
293
293
293
293
293
293
293
293
293
293
293
293
293
293
293
293
293
293
293
293
293
293
293
293
293
293
293
293
293
293
293
293
293
293
293
293
293
293
293
293
293
293
293
293
293
293
293
293
293
293
293
293
293.001
293.002
293.003
293.004
293.006
293.009
293.012
293.016
293.021
293.026
293.032
293.038
293.044
293.051
293.057
293.063
293.069
293.075
293.08
293.085
293.089
293.093
293.096
293.099
293.102
293.103
293.105
293.106
293.107
293.108
293.108
293.108
293.108
293.108
293.107
293.107
293.106
293.105
293.104
293.103
293.102
293.101
293.1
293.099
293.098
293.096
293.093
293.09
293.087
293.083
293.08
293.075
293.071
293.065
293.059
293.052
293.045
293.037
293.029
293.022
293.015
293.009
293.005
293.002
293.001
293
293
293
293
293
293
293
293
293
293
293
293
293
293
293
293
293
293
293
293
293
293
293
293
293
293
293
293
293
293
293
293
293
293
293
293
293
293
293
293
293
293
293
293
293
293
293
293
293
293
293
293
293
293
293
293
293
293
293
293
293
293
293
293
293
293
293
293
293
293
293
293
293
293
293
293
293
293
293
293
293
293
293
293
293
293
293.001
293.001
293.002
293.002
293.003
293.004
293.006
293.007
293.009
293.012
293.014
293.017
293.019
293.022
293.025
293.028
293.031
293.034
293.036
293.039
293.041
293.044
293.046
293.048
293.049
293.051
293.052
293.053
293.054
293.055
293.055
293.056
293.056
293.056
293.056
293.056
293.055
293.055
293.054
293.053
293.05
293.048
293.045
293.041
293.037
293.033
293.029
293.024
293.02
293.015
293.011
293.008
293.005
293.003
293.002
293.001
293
293
293
293
293
293
293
293
293
293
293
293
293
293
293
293
293
293
293
293
293
293
293
293
293
293
293
293
293
293
293
293
293
293
293
293
293
293
293
293
293
293
293
293
293
293
293
293
293
293
293
293
293
293
293
293
293
293
293
293
293
293
293
293
293
293
293
293
293
293
293
293
293
293
293
293
293
293
293
293
293
293
293
293
293
293
293
293
293
293
293
293
293
293
293
293
293
293
293.001
293.001
293.001
293.002
293.002
293.002
293.003
293.004
293.004
293.005
293.006
293.006
293.007
293.008
293.009
293.009
293.01
293.011
293.011
293.012
293.012
293.013
293.013
293.013
293.014
293.014
293.014
293.014
293.014
293.013
293.013
293.012
293.011
293.01
293.009
293.007
293.006
293.005
293.003
293.002
293.002
293.001
293.001
293
293
293
293
293
293
293
293
293
293
293
293
293
293
293
293
293
293
293
293
293
293
293
293
293
293
293
293
293
293
293
293
293
293
293
293
293
293
293
293
293
293
293
293
293
293
293
293
293
293
293
293
293
293
293
293
293
293
293
293
293
293
293
293
293
293
293
293
293
293
293
293
293
293
293
293
293
293
293
293
293
293
293
293
293
293
293
293
293
293
293
293
293
293
293
293
293
293
293
293
293
293
293
293
293
293
293
293
293
293
293
293
293
293
293
293
293
293.001
293.001
293.001
293.001
293.001
293.001
293.001
293.001
293.001
293.001
293.001
293.001
293.001
293.001
293.001
293.001
293.001
293.001
293.001
293.001
293
293
293
293
293
293
293
293
293
293
293
293
293
293
293
293
293
293
293
293
293
293
293
293
293
293
293
293
293
293
293
293
293
293
293
293
293
293
293
293
293
293
293
293
293
293
293
293
293
293
293
293
293
293
293
293
293
293
293
293
293
293
293
293
293
293
293
293
293
293
293
293
293
293
293
293
293
293
293
293
293
293
293
293
293
293
293
293
293
293
293
293
293
293
293
293
293
293
293
293
293
293
293
293
293
293
293
293
293
293
293
293
293
293
293
293
293
293
293
293
293
293
293
293
293
293
293
293
293
293
293
293
293
293
293
293
293
293
293
293
293
293
293
293
293
293
293
293
293
293
293
293
293
293
293
293
293
293
293
293
293
293
293
293
293
293
293
293
293
293
293
293
293
293
293
293
293
293
293
293
293
293
293
293
293
293
293
293
293
293
293
293
293
293
293
293
293
293
293
293
293
293
293
293
293
293
293
293
293
293
293
293
293
293
293
293
293
293
293
293
293
293
293
293
293
293
293
293
293
293
293
293
293
293
293
293
293
293
293
293
293
293
293
293
293
293
293
293
293
293
293
293
293
293
293
293
293
293
293
293
293
293
293
293
293
293
293
293
293
293
293
293
293
293
293
293
293
293
293
293
293
293
293
293
293
293
293
293
293
293
293
293
293
293
293
293
293
293
293
293
293
293
293
293
293
293
293
293
293
293
293
293
293
293
293
293
293
293
293
293
293
293
293
293
293
293
293
293
293
293
293
293
293
293
293
293
293
293
293
293
293
293
293
293
293
293
293
293
293
293
293
293
293
293
293
293
293
293
293
293
293
293
293
293
293
293
293
293
293
293
293
293
293
293
293
293
293
293
293
293
293
293
293
293
293
293
293
293
293
293
293
293
293
293
293
293
293
293
293
293
293
293
293
293
293
293
293
293
293
293
293
293
293
293
293
293
293
293
293
293
293
293
293
293
293
293
293
293
293
293
293
293
293
293
293
293
293
293
293
293
293
293
293
293
293
293
293
293
293
293
293
293
293
293
293
293
293
293
293
293
293
293
293
293
293
293
293
293
293
293
293
293
293
293
293
293
293
293
293
293
293
293
293
293
293
293
293
293
293
293
293
293
293
293
293
293
293
293
293
293
293
293
293
293
293
293
293
293
293
293
293
293
293
293
293
293
293
293
293
293
293
293
293
293
293
293
293
293
293
293
293
293
293
293
293
293
293
293
293
293
293
293
293
293
293
293
293
293
293
293
293
293
293
293
293
293
293
293
293
293
293
293
293
293
293
293
293
293
293
293
293
293
293
293
293
293
293
293
293
293
293
293
293
293
293
293
293
293
293
293
293
293
293
293
293
293
293
293
293
293
293
293
293
293
293
293
293
293
293
293
293
293
293
293
293
293
293
293
293
293
293
293
293
293
293
293
293
293
293
293
293
293
293
293
293
293
293
293
293
293
293
293
293
293
293
293
293
293
293
293
293
293
293
293
293
293
293
293
293
293
293
293
293
293
293
293
293
293
293
293
293
293
293
293
293
293
293
293
293
293
293
293
293
293
293
293
293
293
293
293
293
293
293
293
293
293
293
293
293
293
293
293
293
293
293
293
293
293
293
293
293
293
293
293
293
293
293
293
293
293
293
293
293
293
293
293
293
293
293
293
293
293
293
293
293
293
293
293
293
293
293
293
293
293
293
293
293
293
293
293
293
293
293
293
293
293
293
293
293
293
293
293
293
293
293
293
293
293
293
293
293
293
293
293
293
293
293
293
293
293
293
293
293
293
293
293
293
293
293
293
293
293
293
293
293
293
293
293
293
293
293
293
293
293
293
293
293
293
293
293
293
293
293
293
293
293
293
293
293
293
293
293
293
293
293
293
293
293
293
293
293
293
293
293
293
293
293
293
293
293
293
293
293
293
293
293
293
293
293
293
293
293
293
293
293
293
293
293
293
293
293
293
293
293
293
293
293
293
293
293
293
293
293
293
293
293
293
293
293
293
293
293
293
293
293
293
293
293
293
293
293
293
293
293
293
293
293
293
293
293
293
293
293
293
293
293
293
293
293
293
293
293
293
293
293
293
293
293
293
293
293
293
293
293
293
293
293
293
293
293
293
293
293
293
293
293
293
293
293
293
293
293
293
293
293
293
293
293
293
293
293
293
293
293
293
293
293
293
293
293
293
293
293
293
293
293
293
293
293
293
293
293
293
293
293
293
293
293
293
293
293
293
293
293
293
293
293
293
293
293
293
293
293
293
293
293
293
293
293
293
293
293
293
293
293
293
293
293
293
293
293
293
293
293
293
293
293
293
293
293
293
293.001
293.007
293.031
293.069
293.099
293.113
293.113
293.102
293.066
293.026
293.004
292.996
292.995
293.001
293.005
293.003
292.98
292.904
292.81
292.742
292.712
292.708
292.724
292.755
292.794
292.832
292.87
292.915
292.974
293.039
293.088
293.098
293.081
293.02
292.906
292.762
292.647
292.605
292.669
293.079
294.929
301.116
293
293
293
293
293
293
293
293
293
293
293
293
293
293
293
293
293
293
293
293
293
293
293
293
293
293
293
293
293
293
293
293
293
293
293
293
293
293
293
293
293
293
293
293
293
293
293
293
293
293
293
293
293
293
293
293
293
293.001
293.007
293.03
293.067
293.098
293.112
293.112
293.102
293.066
293.028
293.005
292.998
292.996
293.002
293.006
293.003
292.981
292.908
292.815
292.749
292.719
292.714
292.728
292.758
292.794
292.83
292.866
292.909
292.966
293.028
293.075
293.085
293.071
293.014
292.907
292.774
292.669
292.634
292.714
293.126
294.759
299.74
309.533
293
293
293
293
293
293
293
293
293
293
293
293
293
293
293
293
293
293
293
293
293
293
293
293
293
293
293
293
293
293
293
293
293
293
293
293
293
293
293
293
293
293
293
293
293
293
293
293
293
293
293
293
293
293
293
293
293
293
293.007
293.03
293.066
293.097
293.111
293.111
293.102
293.067
293.029
293.007
292.999
292.997
293.002
293.006
293.004
292.983
292.911
292.82
292.754
292.724
292.718
292.731
292.759
292.794
292.828
292.863
292.904
292.959
293.019
293.066
293.076
293.064
293.014
292.915
292.79
292.693
292.663
292.741
293.059
294.063
295.654
298.818
301.857
306.52
311.065
314.886
317.789
319.828
321.055
321.824
321.944
293
293
293
293
293
293
293
293
293
293
293
293
293
293
293
293
293
293
293
293
293
293
293
293
293
293
293
293
293
293
293
293
293
293
293
293
293
293
293
293
293
293
293
293
293
293
293
293
293
293
293
293
293
293
293
293
293
293
293.006
293.029
293.065
293.095
293.11
293.111
293.102
293.068
293.031
293.008
293
292.998
293.003
293.007
293.004
292.984
292.916
292.826
292.76
292.729
292.722
292.734
292.759
292.793
292.826
292.859
292.898
292.95
293.009
293.054
293.067
293.057
293.013
292.925
292.812
292.724
292.692
292.752
292.955
293.437
293.694
294.573
295.551
297.779
300.352
303.048
305.438
307.376
308.802
309.802
310.177
310.275
310.207
310.044
309.76
309.23
308.652
308.358
308.364
308.712
309.474
310.462
311.297
311.909
312.37
312.447
312.355
311.901
311.031
309.808
308.396
307.047
305.698
304.654
304.121
304.119
304.551
305.648
306.983
308.224
308.351
306.627
302.739
295.673
293
293
293
293
293
293
293
293
293
293
293
293
293
293
293
293
293
293
293
293
293
293
293
293
293
293
293
293
293
293
293
293
293
293
293
293
293
293
293
293
293
293
293
293
293
293
293
293
293
293
293
293
293
293
293
293
293
293
293.006
293.028
293.063
293.094
293.109
293.11
293.102
293.07
293.032
293.01
293.001
292.999
293.003
293.007
293.005
292.986
292.92
292.832
292.766
292.734
292.726
292.736
292.76
292.791
292.823
292.855
292.892
292.942
292.998
293.044
293.058
293.05
293.014
292.937
292.837
292.755
292.715
292.738
292.784
292.875
292.821
293.053
293.341
294.126
295.155
296.49
297.768
298.91
299.815
300.494
300.857
301.026
301.05
300.975
300.865
300.629
300.383
300.273
300.378
300.738
301.352
302.049
302.66
303.128
303.397
303.372
303.083
302.466
301.601
300.595
299.669
298.887
298.325
298.121
298.331
299.141
300.612
302.84
305.589
308.069
309.56
310.101
308.545
303.405
296.468
285.049
293
293
293
293
293
293
293
293
293
293
293
293
293
293
293
293
293
293
293
293
293
293
293
293
293
293
293
293
293
293
293
293
293
293
293
293
293
293
293
293
293
293
293
293
293
293
293
293
293
293
293
293
293
293
293
293
293
293
293.005
293.026
293.061
293.092
293.107
293.109
293.102
293.072
293.034
293.011
293.002
293
293.004
293.008
293.006
292.989
292.926
292.839
292.772
292.739
292.73
292.739
292.76
292.79
292.82
292.85
292.886
292.932
292.986
293.032
293.048
293.044
293.015
292.949
292.861
292.786
292.737
292.723
292.694
292.652
292.564
292.621
292.679
292.88
293.171
293.648
294.149
294.674
295.113
295.454
295.682
295.85
295.925
295.923
295.887
295.833
295.83
295.907
296.112
296.418
296.797
297.19
297.508
297.705
297.738
297.581
297.211
296.684
296.075
295.449
294.906
294.517
294.331
294.464
295.02
296.186
298.057
300.705
304.026
307.671
310.366
311.32
310.483
307.084
299.036
286.114
289.732
293
293
293
293
293
293
293
293
293
293
293
293
293
293
293
293
293
293
293
293
293
293
293
293
293
293
293
293
293
293
293
293
293
293
293
293
293
293
293
293
293
293
293
293
293
293
293
293
293
293
293
293
293
293
293
293
293
293
293.005
293.025
293.059
293.09
293.106
293.109
293.102
293.074
293.037
293.013
293.003
293.001
293.004
293.008
293.006
292.991
292.932
292.847
292.78
292.744
292.734
292.741
292.76
292.788
292.816
292.845
292.878
292.922
292.974
293.02
293.039
293.038
293.016
292.96
292.882
292.811
292.752
292.708
292.645
292.567
292.478
292.474
292.46
292.484
292.545
292.664
292.828
293.026
293.205
293.366
293.487
293.562
293.594
293.613
293.632
293.67
293.737
293.863
294.054
294.292
294.556
294.839
295.059
295.148
295.091
294.877
294.518
294.077
293.597
293.127
292.71
292.387
292.239
292.364
292.903
294.004
295.773
298.268
301.279
304.647
307.904
309.636
310.617
308.857
298.655
286.27
288.649
293
293
293
293
293
293
293
293
293
293
293
293
293
293
293
293
293
293
293
293
293
293
293
293
293
293
293
293
293
293
293
293
293
293
293
293
293
293
293
293
293
293
293
293
293
293
293
293
293
293
293
293
293
293
293
293
293
293
293.004
293.023
293.057
293.089
293.105
293.108
293.103
293.076
293.039
293.015
293.005
293.001
293.005
293.008
293.007
292.994
292.939
292.856
292.787
292.75
292.738
292.743
292.76
292.785
292.813
292.839
292.87
292.911
292.961
293.007
293.029
293.032
293.016
292.968
292.896
292.826
292.766
292.716
292.652
292.564
292.463
292.423
292.391
292.37
292.361
292.377
292.418
292.48
292.545
292.614
292.676
292.702
292.719
292.747
292.776
292.839
292.933
293.042
293.185
293.364
293.564
293.739
293.846
293.856
293.76
293.534
293.217
292.841
292.429
291.995
291.58
291.241
291.076
291.116
291.452
292.198
293.44
295.178
297.225
299.339
301.187
302.318
302.776
300.234
292.263
288.423
290.736
293
293
293
293
293
293
293
293
293
293
293
293
293
293
293
293
293
293
293
293
293
293
293
293
293
293
293
293
293
293
293
293
293
293
293
293
293
293
293
293
293
293
293
293
293
293
293
293
293
293
293
293
293
293
293
293
293
293
293.004
293.021
293.054
293.086
293.104
293.108
293.103
293.078
293.042
293.017
293.006
293.002
293.005
293.009
293.008
292.996
292.946
292.866
292.796
292.756
292.743
292.745
292.76
292.783
292.808
292.833
292.862
292.9
292.947
292.993
293.02
293.025
293.014
292.975
292.909
292.84
292.78
292.729
292.673
292.595
292.495
292.436
292.393
292.356
292.326
292.308
292.3
292.303
292.313
292.346
292.398
292.442
292.484
292.537
292.607
292.682
292.763
292.849
292.953
293.07
293.173
293.237
293.245
293.188
293.05
292.833
292.557
292.237
291.886
291.504
291.119
290.769
290.527
290.427
290.489
290.765
291.302
292.059
292.882
293.575
293.911
293.796
292.745
289.083
285.353
285.007
284.513
293
293
293
293
293
293
293
293
293
293
293
293
293
293
293
293
293
293
293
293
293
293
293
293
293
293
293
293
293
293
293
293
293
293
293
293
293
293
293
293
293
293
293
293
293
293
293
293
293
293
293
293
293
293
293
293
293
293
293.003
293.019
293.052
293.084
293.103
293.108
293.103
293.081
293.045
293.019
293.007
293.004
293.006
293.009
293.008
292.999
292.954
292.876
292.806
292.763
292.748
292.748
292.76
292.781
292.804
292.827
292.854
292.888
292.932
292.977
293.009
293.018
293.012
292.981
292.921
292.852
292.794
292.752
292.71
292.652
292.568
292.503
292.452
292.403
292.362
292.329
292.304
292.289
292.287
292.307
292.355
292.426
292.514
292.608
292.694
292.771
292.844
292.913
292.979
293.029
293.055
293.054
293.017
292.928
292.781
292.581
292.335
292.048
291.72
291.354
290.973
290.608
290.299
290.069
289.934
289.891
289.927
290.009
290.044
289.854
289.266
288.311
286.714
283.721
281.581
281.157
281.29
293
293
293
293
293
293
293
293
293
293
293
293
293
293
293
293
293
293
293
293
293
293
293
293
293
293
293
293
293
293
293
293
293
293
293
293
293
293
293
293
293
293
293
293
293
293
293
293
293
293
293
293
293
293
293
293
293
293
293.003
293.017
293.048
293.081
293.101
293.107
293.103
293.084
293.049
293.022
293.009
293.005
293.006
293.01
293.009
293.002
292.962
292.888
292.817
292.771
292.753
292.75
292.76
292.778
292.8
292.821
292.845
292.875
292.916
292.96
292.996
293.009
293.007
292.984
292.932
292.866
292.809
292.772
292.746
292.712
292.655
292.603
292.559
292.512
292.47
292.436
292.41
292.401
292.407
292.431
292.482
292.559
292.655
292.747
292.826
292.893
292.949
292.994
293.032
293.052
293.054
293.026
292.962
292.855
292.705
292.514
292.283
292.01
291.686
291.32
290.932
290.555
290.215
289.938
289.719
289.525
289.323
289.089
288.768
288.241
287.382
286.264
284.691
282.549
281.419
281.22
281.868
293
293
293
293
293
293
293
293
293
293
293
293
293
293
293
293
293
293
293
293
293
293
293
293
293
293
293
293
293
293
293
293
293
293
293
293
293
293
293
293
293
293
293
293
293
293
293
293
293
293
293
293
293
293
293
293
293
293
293.002
293.015
293.045
293.078
293.099
293.106
293.104
293.087
293.053
293.025
293.011
293.006
293.007
293.01
293.01
293.004
292.97
292.901
292.829
292.78
292.758
292.754
292.761
292.776
292.795
292.815
292.836
292.863
292.899
292.942
292.98
292.999
293.001
292.986
292.944
292.882
292.825
292.789
292.772
292.758
292.731
292.7
292.673
292.641
292.614
292.593
292.585
292.592
292.611
292.636
292.667
292.703
292.748
292.801
292.858
292.918
292.971
293.014
293.052
293.065
293.053
293.014
292.941
292.827
292.67
292.475
292.244
291.975
291.655
291.296
290.923
290.561
290.233
289.95
289.706
289.473
289.217
288.907
288.505
287.937
287.149
286.235
285.065
283.735
283.161
283.407
284.416
293
293
293
293
293
293
293
293
293
293
293
293
293
293
293
293
293
293
293
293
293
293
293
293
293
293
293
293
293
293
293
293
293
293
293
293
293
293
293
293
293
293
293
293
293
293
293
293
293
293
293
293
293
293
293
293
293
293
293.002
293.013
293.041
293.074
293.097
293.106
293.104
293.091
293.058
293.028
293.013
293.007
293.007
293.01
293.011
293.007
292.978
292.914
292.843
292.791
292.765
292.758
292.762
292.774
292.791
292.809
292.827
292.85
292.882
292.922
292.961
292.986
292.993
292.985
292.954
292.899
292.841
292.802
292.787
292.783
292.777
292.767
292.755
292.739
292.725
292.713
292.709
292.712
292.719
292.727
292.735
292.742
292.755
292.782
292.818
292.863
292.911
292.953
292.985
292.992
292.978
292.938
292.862
292.744
292.582
292.382
292.147
291.88
291.574
291.243
290.91
290.609
290.347
290.109
289.886
289.661
289.417
289.121
288.76
288.294
287.728
287.149
286.498
285.915
285.796
286.228
287.17
293
293
293
293
293
293
293
293
293
293
293
293
293
293
293
293
293
293
293
293
293
293
293
293
293
293
293
293
293
293
293
293
293
293
293
293
293
293
293
293
293
293
293
293
293
293
293
293
293
293
293
293
293
293
293
293
293
293
293.001
293.01
293.036
293.07
293.095
293.105
293.104
293.094
293.063
293.032
293.015
293.009
293.008
293.011
293.012
293.009
292.987
292.929
292.858
292.803
292.772
292.762
292.764
292.773
292.788
292.803
292.818
292.838
292.865
292.901
292.94
292.97
292.983
292.982
292.963
292.919
292.863
292.818
292.795
292.79
292.791
292.792
292.789
292.782
292.773
292.762
292.75
292.742
292.736
292.732
292.734
292.739
292.748
292.765
292.787
292.816
292.848
292.87
292.879
292.871
292.847
292.796
292.711
292.586
292.423
292.226
292.004
291.759
291.494
291.216
290.951
290.724
290.531
290.359
290.197
290.022
289.831
289.605
289.35
289.055
288.756
288.477
288.144
287.956
288.062
288.451
289.134
293
293
293
293
293
293
293
293
293
293
293
293
293
293
293
293
293
293
293
293
293
293
293
293
293
293
293
293
293
293
293
293
293
293
293
293
293
293
293
293
293
293
293
293
293
293
293
293
293
293
293
293
293
293
293
293
293
293
293.001
293.008
293.032
293.065
293.092
293.104
293.104
293.096
293.068
293.037
293.018
293.01
293.008
293.011
293.013
293.01
292.994
292.944
292.875
292.817
292.782
292.768
292.766
292.773
292.785
292.798
292.81
292.826
292.848
292.879
292.916
292.95
292.97
292.975
292.965
292.936
292.888
292.84
292.807
292.792
292.79
292.794
292.794
292.79
292.783
292.772
292.759
292.746
292.734
292.729
292.73
292.737
292.75
292.768
292.79
292.813
292.829
292.831
292.818
292.789
292.741
292.67
292.572
292.445
292.29
292.11
291.912
291.699
291.474
291.246
291.041
290.874
290.742
290.628
290.52
290.404
290.285
290.154
290.015
289.864
289.735
289.601
289.45
289.433
289.574
289.887
290.382
293
293
293
293
293
293
293
293
293
293
293
293
293
293
293
293
293
293
293
293
293
293
293
293
293
293
293
293
293
293
293
293
293
293
293
293
293
293
293
293
293
293
293
293
293
293
293
293
293
293
293
293
293
293
293
293
293
293
293
293.006
293.027
293.06
293.088
293.102
293.105
293.099
293.074
293.042
293.021
293.012
293.009
293.012
293.014
293.012
293.001
292.959
292.894
292.833
292.793
292.774
292.769
292.773
292.782
292.793
292.803
292.815
292.832
292.857
292.891
292.925
292.952
292.964
292.963
292.947
292.913
292.869
292.83
292.804
292.792
292.792
292.792
292.79
292.785
292.778
292.767
292.757
292.747
292.743
292.745
292.752
292.765
292.781
292.798
292.812
292.813
292.802
292.777
292.734
292.672
292.59
292.487
292.363
292.22
292.059
291.885
291.699
291.504
291.319
291.159
291.036
290.943
290.866
290.801
290.74
290.687
290.636
290.581
290.528
290.489
290.421
290.386
290.434
290.57
290.826
291.202
293
293
293
293
293
293
293
293
293
293
293
293
293
293
293
293
293
293
293
293
293
293
293
293
293
293
293
293
293
293
293
293
293
293
293
293
293
293
293
293
293
293
293
293
293
293
293
293
293
293
293
293
293
293
293
293
293
293
293
293.004
293.022
293.053
293.083
293.1
293.105
293.101
293.081
293.049
293.025
293.014
293.011
293.012
293.015
293.014
293.007
292.974
292.914
292.852
292.807
292.783
292.774
292.775
292.781
292.789
292.797
292.805
292.818
292.836
292.864
292.897
292.928
292.948
292.954
292.948
292.929
292.898
292.865
292.835
292.813
292.804
292.802
292.8
292.8
292.799
292.796
292.793
292.789
292.788
292.79
292.792
292.796
292.801
292.803
292.8
292.789
292.769
292.738
292.69
292.624
292.539
292.435
292.317
292.184
292.043
291.89
291.729
291.57
291.425
291.304
291.212
291.146
291.098
291.068
291.051
291.045
291.045
291.043
291.044
291.038
291.027
291.046
291.111
291.242
291.454
291.748
293
293
293
293
293
293
293
293
293
293
293
293
293
293
293
293
293
293
293
293
293
293
293
293
293
293
293
293
293
293
293
293
293
293
293
293
293
293
293
293
293
293
293
293
293
293
293
293
293
293
293
293
293
293
293
293
293
293
293
293.003
293.017
293.046
293.078
293.098
293.104
293.102
293.087
293.056
293.03
293.017
293.012
293.012
293.015
293.016
293.011
292.988
292.936
292.874
292.824
292.794
292.78
292.778
292.781
292.787
292.793
292.798
292.805
292.818
292.839
292.868
292.898
292.923
292.938
292.941
292.933
292.916
292.895
292.875
292.854
292.841
292.836
292.834
292.836
292.841
292.846
292.851
292.854
292.856
292.854
292.85
292.842
292.829
292.813
292.793
292.771
292.744
292.706
292.654
292.585
292.498
292.397
292.284
292.166
292.041
291.911
291.782
291.659
291.551
291.466
291.406
291.368
291.349
291.346
291.354
291.372
291.393
291.413
291.429
291.44
291.458
291.497
291.573
291.699
291.88
292.114
293
293
293
293
293
293
293
293
293
293
293
293
293
293
293
293
293
293
293
293
293
293
293
293
293
293
293
293
293
293
293
293
293
293
293
293
293
293
293
293
293
293
293
293
293
293
293
293
293
293
293
293
293
293
293
293
293
293
293
293.002
293.012
293.039
293.071
293.094
293.104
293.103
293.093
293.064
293.036
293.02
293.014
293.013
293.016
293.017
293.014
292.999
292.957
292.898
292.845
292.808
292.789
292.782
292.783
292.786
292.79
292.792
292.795
292.802
292.815
292.837
292.865
292.892
292.912
292.923
292.925
292.918
292.907
292.897
292.887
292.88
292.876
292.874
292.875
292.878
292.883
292.889
292.893
292.894
292.891
292.883
292.87
292.85
292.825
292.797
292.764
292.725
292.676
292.616
292.543
292.458
292.363
292.264
292.161
292.056
291.952
291.853
291.764
291.693
291.643
291.614
291.601
291.6
291.608
291.625
291.647
291.67
291.693
291.713
291.736
291.77
291.826
291.912
292.033
292.191
292.378
293
293
293
293
293
293
293
293
293
293
293
293
293
293
293
293
293
293
293
293
293
293
293
293
293
293
293
293
293
293
293
293
293
293
293
293
293
293
293
293
293
293
293
293
293
293
293
293
293
293
293
293
293
293
293
293
293
293
293
293.001
293.008
293.031
293.063
293.09
293.102
293.104
293.098
293.073
293.044
293.025
293.016
293.014
293.016
293.018
293.017
293.009
292.977
292.924
292.869
292.827
292.801
292.789
292.786
292.787
292.789
292.79
292.789
292.789
292.795
292.809
292.831
292.856
292.877
292.894
292.904
292.906
292.902
292.898
292.895
292.893
292.89
292.889
292.888
292.888
292.888
292.888
292.887
292.885
292.879
292.87
292.856
292.836
292.809
292.776
292.735
292.685
292.628
292.563
292.491
292.415
292.335
292.254
292.172
292.09
292.011
291.939
291.88
291.84
291.816
291.806
291.805
291.81
291.823
291.843
291.866
291.89
291.917
291.947
291.985
292.036
292.106
292.198
292.311
292.443
292.59
293
293
293
293
293
293
293
293
293
293
293
293
293
293
293
293
293
293
293
293
293
293
293
293
293
293
293
293
293
293
293
293
293
293
293
293
293
293
293
293
293
293
293
293
293
293
293
293
293
293
293
293
293
293
293
293
293
293
293
293
293.005
293.022
293.053
293.083
293.1
293.104
293.101
293.083
293.053
293.03
293.019
293.015
293.016
293.019
293.019
293.015
292.995
292.951
292.897
292.85
292.818
292.8
292.792
292.79
292.79
292.789
292.786
292.782
292.781
292.786
292.798
292.817
292.838
292.855
292.865
292.872
292.874
292.873
292.872
292.871
292.869
292.865
292.86
292.854
292.849
292.845
292.841
292.836
292.828
292.817
292.8
292.777
292.747
292.708
292.661
292.608
292.55
292.49
292.428
292.367
292.306
292.244
292.182
292.121
292.064
292.016
291.982
291.963
291.955
291.955
291.961
291.975
291.997
292.023
292.054
292.089
292.129
292.175
292.229
292.293
292.368
292.455
292.551
292.656
292.768
293
293
293
293
293
293
293
293
293
293
293
293
293
293
293
293
293
293
293
293
293
293
293
293
293
293
293
293
293
293
293
293
293
293
293
293
293
293
293
293
293
293
293
293
293
293
293
293
293
293
293
293
293
293
293
293
293
293
293
293
293.002
293.015
293.043
293.074
293.096
293.104
293.103
293.092
293.064
293.038
293.023
293.017
293.016
293.019
293.021
293.019
293.008
292.976
292.928
292.878
292.84
292.815
292.802
292.796
292.794
292.791
292.787
292.78
292.773
292.77
292.772
292.781
292.796
292.811
292.823
292.829
292.831
292.828
292.824
292.821
292.818
292.813
292.806
292.797
292.786
292.774
292.76
292.745
292.729
292.709
292.686
292.659
292.628
292.591
292.55
292.506
292.459
292.411
292.363
292.315
292.267
292.22
292.175
292.13
292.093
292.069
292.058
292.055
292.06
292.074
292.096
292.125
292.159
292.2
292.246
292.297
292.351
292.41
292.473
292.539
292.608
292.682
292.76
292.842
292.929
293
293
293
293
293
293
293
293
293
293
293
293
293
293
293
293
293
293
293
293
293
293
293
293
293
293
293
293
293
293
293
293
293
293
293
293
293
293
293
293
293
293
293
293
293
293
293
293
293
293
293
293
293
293
293
293
293
293
293
293
293.001
293.009
293.031
293.063
293.09
293.102
293.104
293.099
293.077
293.048
293.029
293.02
293.017
293.019
293.022
293.022
293.018
292.998
292.958
292.911
292.868
292.836
292.817
292.806
292.8
292.797
292.792
292.783
292.773
292.763
292.757
292.756
292.76
292.768
292.776
292.781
292.781
292.775
292.766
292.758
292.751
292.743
292.733
292.72
292.704
292.685
292.664
292.641
292.618
292.593
292.566
292.539
292.51
292.48
292.448
292.415
292.382
292.347
292.311
292.272
292.234
292.198
292.167
292.143
292.13
292.127
292.134
292.151
292.175
292.208
292.248
292.294
292.345
292.401
292.461
292.523
292.584
292.645
292.704
292.762
292.82
292.881
292.945
293.012
293.083
293
293
293
293
293
293
293
293
293
293
293
293
293
293
293
293
293
293
293
293
293
293
293
293
293
293
293
293
293
293
293
293
293
293
293
293
293
293
293
293
293
293
293
293
293
293
293
293
293
293
293
293
293
293
293
293
293
293
293
293
293
293.004
293.02
293.05
293.08
293.099
293.105
293.103
293.089
293.061
293.037
293.024
293.019
293.019
293.022
293.025
293.023
293.014
292.987
292.945
292.901
292.864
292.838
292.821
292.811
292.805
292.8
292.792
292.78
292.766
292.753
292.743
292.738
292.737
292.737
292.736
292.733
292.725
292.712
292.7
292.691
292.68
292.668
292.654
292.638
292.619
292.599
292.577
292.554
292.53
292.506
292.48
292.454
292.427
292.399
292.37
292.339
292.309
292.279
292.253
292.23
292.212
292.2
292.199
292.209
292.23
292.259
292.297
292.341
292.391
292.447
292.506
292.568
292.631
292.692
292.751
292.805
292.855
292.903
292.95
292.998
293.048
293.1
293.154
293.209
293
293
293
293
293
293
293
293
293
293
293
293
293
293
293
293
293
293
293
293
293
293
293
293
293
293
293
293
293
293
293
293
293
293
293
293
293
293
293
293
293
293
293
293
293
293
293
293
293
293
293
293
293
293
293
293
293
293
293
293
293
293.001
293.011
293.035
293.067
293.092
293.104
293.105
293.099
293.076
293.049
293.03
293.022
293.019
293.022
293.026
293.027
293.024
293.01
292.979
292.939
292.899
292.866
292.843
292.827
292.818
292.811
292.804
292.793
292.779
292.762
292.746
292.732
292.72
292.713
292.707
292.7
292.69
292.675
292.662
292.652
292.641
292.63
292.617
292.602
292.586
292.568
292.548
292.526
292.504
292.481
292.458
292.434
292.411
292.388
292.365
292.344
292.325
292.31
292.3
292.295
292.299
292.313
292.337
292.371
292.411
292.458
292.509
292.564
292.622
292.681
292.739
292.795
292.847
292.895
292.938
292.978
293.015
293.052
293.089
293.128
293.167
293.204
293.241
293.276
293
293
293
293
293
293
293
293
293
293
293
293
293
293
293
293
293
293
293
293
293
293
293
293
293
293
293
293
293
293
293
293
293
293
293
293
293
293
293
293
293
293
293
293
293
293
293
293
293
293
293
293
293
293
293
293
293
293
293
293
293
293
293.005
293.021
293.051
293.081
293.099
293.106
293.104
293.092
293.065
293.041
293.027
293.022
293.021
293.024
293.029
293.029
293.025
293.008
292.977
292.939
292.903
292.873
292.852
292.837
292.827
292.819
292.811
292.799
292.782
292.764
292.745
292.728
292.712
292.697
292.683
292.669
292.653
292.64
292.631
292.62
292.61
292.599
292.587
292.575
292.562
292.547
292.532
292.515
292.498
292.481
292.465
292.45
292.437
292.427
292.421
292.42
292.424
292.435
292.454
292.481
292.514
292.554
292.597
292.643
292.692
292.741
292.79
292.837
292.882
292.923
292.961
292.995
293.026
293.056
293.085
293.113
293.141
293.169
293.195
293.221
293.245
293.267
293.287
293
293
293
293
293
293
293
293
293
293
293
293
293
293
293
293
293
293
293
293
293
293
293
293
293
293
293
293
293
293
293
293
293
293
293
293
293
293
293
293
293
293
293
293
293
293
293
293
293
293
293
293
293
293
293
293
293
293
293
293
293
293
293.001
293.01
293.033
293.064
293.09
293.104
293.107
293.103
293.084
293.057
293.036
293.026
293.022
293.023
293.027
293.031
293.032
293.027
293.01
292.981
292.946
292.913
292.886
292.865
292.85
292.839
292.83
292.821
292.809
292.793
292.774
292.754
292.735
292.716
292.698
292.68
292.663
292.65
292.641
292.632
292.623
292.614
292.604
292.595
292.587
292.578
292.57
292.562
292.556
292.551
292.548
292.547
292.55
292.556
292.568
292.584
292.605
292.63
292.66
292.693
292.728
292.764
292.801
292.837
292.872
292.906
292.938
292.968
292.996
293.022
293.047
293.071
293.093
293.115
293.136
293.157
293.176
293.194
293.209
293.224
293.239
293.254
293.27
293
293
293
293
293
293
293
293
293
293
293
293
293
293
293
293
293
293
293
293
293
293
293
293
293
293
293
293
293
293
293
293
293
293
293
293
293
293
293
293
293
293
293
293
293
293
293
293
293
293
293
293
293
293
293
293
293
293
293
293
293
293
293
293.003
293.016
293.043
293.074
293.096
293.106
293.107
293.1
293.078
293.052
293.034
293.026
293.024
293.025
293.03
293.033
293.034
293.031
293.016
292.991
292.961
292.93
292.904
292.883
292.867
292.856
292.846
292.837
292.826
292.812
292.796
292.778
292.759
292.741
292.723
292.706
292.693
292.686
292.679
292.672
292.666
292.66
292.656
292.652
292.651
292.65
292.651
292.655
292.66
292.668
292.678
292.691
292.707
292.725
292.746
292.768
292.792
292.817
292.843
292.868
292.893
292.918
292.941
292.964
292.986
293.007
293.027
293.047
293.066
293.084
293.102
293.119
293.135
293.149
293.163
293.175
293.187
293.199
293.21
293.222
293.236
293.254
293
293
293
293
293
293
293
293
293
293
293
293
293
293
293
293
293
293
293
293
293
293
293
293
293
293
293
293
293
293
293
293
293
293
293
293
293
293
293
293
293
293
293
293
293
293
293
293
293
293
293
293
293
293
293
293
293
293
293
293
293
293
293
293.001
293.006
293.023
293.052
293.081
293.1
293.108
293.107
293.098
293.074
293.05
293.034
293.028
293.026
293.027
293.031
293.035
293.037
293.035
293.026
293.007
292.982
292.955
292.93
292.909
292.892
292.88
292.869
292.86
292.85
292.839
292.827
292.814
292.8
292.787
292.774
292.765
292.761
292.756
292.753
292.75
292.749
292.748
292.749
292.751
292.755
292.76
292.767
292.776
292.786
292.798
292.811
292.825
292.84
292.857
292.874
292.891
292.909
292.926
292.943
292.961
292.978
292.994
293.01
293.026
293.042
293.057
293.071
293.085
293.099
293.112
293.125
293.136
293.147
293.158
293.168
293.18
293.192
293.208
293.227
293.251
293.282
293
293
293
293
293
293
293
293
293
293
293
293
293
293
293
293
293
293
293
293
293
293
293
293
293
293
293
293
293
293
293
293
293
293
293
293
293
293
293
293
293
293
293
293
293
293
293
293
293
293
293
293
293
293
293
293
293
293
293
293
293
293
293
293
293.001
293.008
293.027
293.057
293.085
293.102
293.108
293.108
293.098
293.075
293.052
293.037
293.03
293.028
293.029
293.033
293.036
293.038
293.038
293.035
293.025
293.008
292.987
292.965
292.945
292.928
292.914
292.903
292.894
292.885
292.877
292.868
292.86
292.853
292.846
292.842
292.841
292.839
292.839
292.839
292.84
292.842
292.844
292.848
292.853
292.858
292.865
292.873
292.882
292.891
292.901
292.912
292.924
292.936
292.949
292.962
292.975
292.988
293.001
293.014
293.027
293.04
293.052
293.065
293.077
293.089
293.1
293.112
293.123
293.133
293.144
293.155
293.167
293.179
293.194
293.21
293.229
293.253
293.28
293.312
293.348
293
293
293
293
293
293
293
293
293
293
293
293
293
293
293
293
293
293
293
293
293
293
293
293
293
293
293
293
293
293
293
293
293
293
293
293
293
293
293
293
293
293
293
293
293
293
293
293
293
293
293
293
293
293
293
293
293
293
293
293
293
293
293
293
293
293.002
293.01
293.03
293.059
293.086
293.102
293.108
293.108
293.1
293.079
293.057
293.041
293.034
293.031
293.032
293.034
293.037
293.04
293.041
293.041
293.038
293.031
293.02
293.005
292.99
292.976
292.963
292.952
292.943
292.936
292.929
292.924
292.92
292.918
292.918
292.918
292.919
292.92
292.922
292.925
292.928
292.932
292.936
292.942
292.947
292.954
292.961
292.968
292.976
292.985
292.994
293.003
293.013
293.023
293.033
293.043
293.053
293.064
293.074
293.085
293.096
293.106
293.116
293.127
293.137
293.147
293.157
293.167
293.177
293.188
293.2
293.213
293.228
293.245
293.264
293.286
293.31
293.338
293.368
293.4
293
293
293
293
293
293
293
293
293
293
293
293
293
293
293
293
293
293
293
293
293
293
293
293
293
293
293
293
293
293
293
293
293
293
293
293
293
293
293
293
293
293
293
293
293
293
293
293
293
293
293
293
293
293
293
293
293
293
293
293
293
293
293
293
293
293
293.002
293.01
293.029
293.057
293.083
293.101
293.108
293.108
293.103
293.086
293.065
293.049
293.04
293.036
293.035
293.036
293.038
293.041
293.043
293.044
293.044
293.044
293.042
293.038
293.031
293.024
293.017
293.011
293.005
293.001
292.999
292.998
292.998
293
293.001
293.003
293.005
293.008
293.011
293.015
293.019
293.024
293.029
293.034
293.04
293.046
293.052
293.059
293.066
293.073
293.08
293.088
293.095
293.103
293.11
293.118
293.125
293.133
293.14
293.148
293.156
293.163
293.172
293.18
293.188
293.197
293.206
293.216
293.226
293.238
293.251
293.266
293.282
293.3
293.32
293.341
293.365
293.39
293.416
293
293
293
293
293
293
293
293
293
293
293
293
293
293
293
293
293
293
293
293
293
293
293
293
293
293
293
293
293
293
293
293
293
293
293
293
293
293
293
293
293
293
293
293
293
293
293
293
293
293
293
293
293
293
293
293
293
293
293
293
293
293
293
293
293
293
293
293.002
293.009
293.026
293.051
293.077
293.096
293.105
293.107
293.104
293.095
293.078
293.061
293.05
293.043
293.04
293.04
293.041
293.042
293.044
293.046
293.048
293.049
293.05
293.051
293.052
293.053
293.053
293.054
293.055
293.056
293.058
293.061
293.064
293.066
293.069
293.071
293.074
293.077
293.08
293.083
293.087
293.091
293.095
293.099
293.103
293.107
293.111
293.116
293.121
293.125
293.13
293.136
293.141
293.146
293.152
293.158
293.164
293.169
293.175
293.181
293.187
293.193
293.199
293.206
293.213
293.221
293.23
293.24
293.251
293.263
293.277
293.292
293.31
293.329
293.349
293.371
293.392
293.415
293
293
293
293
293
293
293
293
293
293
293
293
293
293
293
293
293
293
293
293
293
293
293
293
293
293
293
293
293
293
293
293
293
293
293
293
293
293
293
293
293
293
293
293
293
293
293
293
293
293
293
293
293
293
293
293
293
293
293
293
293
293
293
293
293
293
293
293
293.001
293.006
293.02
293.042
293.067
293.088
293.1
293.105
293.104
293.1
293.091
293.077
293.064
293.055
293.05
293.047
293.046
293.047
293.047
293.048
293.05
293.052
293.055
293.057
293.06
293.062
293.065
293.068
293.072
293.075
293.08
293.083
293.086
293.088
293.091
293.094
293.097
293.1
293.103
293.107
293.11
293.114
293.117
293.121
293.125
293.128
293.132
293.136
293.14
293.143
293.147
293.151
293.155
293.158
293.162
293.166
293.17
293.175
293.179
293.184
293.19
293.196
293.202
293.21
293.219
293.229
293.24
293.253
293.267
293.283
293.299
293.316
293.333
293.352
293.37
293.389
293.409
293
293
293
293
293
293
293
293
293
293
293
293
293
293
293
293
293
293
293
293
293
293
293
293
293
293
293
293
293
293
293
293
293
293
293
293
293
293
293
293
293
293
293
293
293
293
293
293
293
293
293
293
293
293
293
293
293
293
293
293
293
293
293
293
293
293
293
293
293
293.001
293.004
293.013
293.03
293.053
293.074
293.091
293.1
293.102
293.101
293.098
293.092
293.083
293.073
293.065
293.06
293.056
293.055
293.054
293.054
293.055
293.056
293.058
293.06
293.062
293.066
293.069
293.073
293.077
293.082
293.085
293.087
293.09
293.092
293.095
293.097
293.1
293.103
293.106
293.108
293.111
293.114
293.117
293.12
293.123
293.126
293.129
293.132
293.135
293.138
293.142
293.145
293.149
293.153
293.157
293.162
293.167
293.173
293.18
293.188
293.196
293.205
293.215
293.226
293.238
293.25
293.263
293.277
293.291
293.305
293.32
293.334
293.348
293.362
293.375
293.386
293
293
293
293
293
293
293
293
293
293
293
293
293
293
293
293
293
293
293
293
293
293
293
293
293
293
293
293
293
293
293
293
293
293
293
293
293
293
293
293
293
293
293
293
293
293
293
293
293
293
293
293
293
293
293
293
293
293
293
293
293
293
293
293
293
293
293
293
293
293
293
293.002
293.007
293.018
293.036
293.056
293.074
293.088
293.096
293.099
293.099
293.097
293.094
293.09
293.085
293.079
293.074
293.07
293.067
293.066
293.065
293.066
293.066
293.068
293.07
293.072
293.074
293.077
293.08
293.083
293.085
293.087
293.089
293.091
293.093
293.096
293.098
293.1
293.103
293.105
293.108
293.111
293.114
293.117
293.12
293.124
293.128
293.132
293.136
293.141
293.146
293.152
293.157
293.164
293.17
293.177
293.185
293.193
293.201
293.21
293.219
293.229
293.239
293.25
293.26
293.271
293.281
293.291
293.3
293.309
293.317
293.322
293.324
293.323
293.318
293
293
293
293
293
293
293
293
293
293
293
293
293
293
293
293
293
293
293
293
293
293
293
293
293
293
293
293
293
293
293
293
293
293
293
293
293
293
293
293
293
293
293
293
293
293
293
293
293
293
293
293
293
293
293
293
293
293
293
293
293
293
293
293
293
293
293
293
293
293
293
293
293.001
293.003
293.009
293.019
293.035
293.052
293.068
293.081
293.089
293.094
293.096
293.096
293.095
293.094
293.092
293.09
293.089
293.087
293.086
293.084
293.084
293.083
293.084
293.085
293.086
293.088
293.091
293.093
293.095
293.097
293.099
293.101
293.103
293.105
293.108
293.11
293.113
293.116
293.119
293.122
293.125
293.129
293.133
293.137
293.141
293.145
293.15
293.155
293.16
293.166
293.172
293.178
293.185
293.192
293.199
293.206
293.213
293.219
293.226
293.233
293.239
293.245
293.251
293.255
293.259
293.261
293.26
293.258
293.252
293.242
293.23
293.213
293.193
293
293
293
293
293
293
293
293
293
293
293
293
293
293
293
293
293
293
293
293
293
293
293
293
293
293
293
293
293
293
293
293
293
293
293
293
293
293
293
293
293
293
293
293
293
293
293
293
293
293
293
293
293
293
293
293
293
293
293
293
293
293
293
293
293
293
293
293
293
293
293
293
293
293
293.001
293.003
293.008
293.017
293.029
293.043
293.057
293.069
293.079
293.085
293.09
293.093
293.095
293.096
293.097
293.097
293.097
293.097
293.097
293.098
293.099
293.1
293.102
293.104
293.106
293.108
293.11
293.111
293.113
293.115
293.117
293.119
293.122
293.124
293.127
293.13
293.133
293.136
293.139
293.143
293.147
293.15
293.154
293.158
293.162
293.166
293.17
293.174
293.178
293.182
293.186
293.19
293.194
293.197
293.2
293.203
293.204
293.205
293.205
293.203
293.2
293.194
293.187
293.178
293.166
293.153
293.137
293.121
293.103
293.085
293.068
293
293
293
293
293
293
293
293
293
293
293
293
293
293
293
293
293
293
293
293
293
293
293
293
293
293
293
293
293
293
293
293
293
293
293
293
293
293
293
293
293
293
293
293
293
293
293
293
293
293
293
293
293
293
293
293
293
293
293
293
293
293
293
293
293
293
293
293
293
293
293
293
293
293
293
293
293.001
293.002
293.005
293.011
293.019
293.029
293.04
293.051
293.061
293.07
293.077
293.082
293.087
293.09
293.093
293.096
293.098
293.101
293.103
293.105
293.107
293.11
293.113
293.115
293.116
293.118
293.12
293.121
293.123
293.125
293.127
293.129
293.13
293.132
293.134
293.137
293.139
293.141
293.143
293.145
293.147
293.149
293.151
293.152
293.154
293.155
293.155
293.156
293.155
293.155
293.153
293.15
293.147
293.143
293.137
293.131
293.123
293.114
293.105
293.094
293.083
293.072
293.06
293.049
293.039
293.03
293.022
293.015
293.01
293
293
293
293
293
293
293
293
293
293
293
293
293
293
293
293
293
293
293
293
293
293
293
293
293
293
293
293
293
293
293
293
293
293
293
293
293
293
293
293
293
293
293
293
293
293
293
293
293
293
293
293
293
293
293
293
293
293
293
293
293
293
293
293
293
293
293
293
293
293
293
293
293
293
293
293
293
293
293
293.001
293.003
293.005
293.01
293.015
293.022
293.03
293.038
293.046
293.053
293.06
293.066
293.071
293.076
293.08
293.084
293.087
293.09
293.093
293.096
293.098
293.099
293.1
293.102
293.103
293.104
293.105
293.106
293.107
293.107
293.108
293.108
293.109
293.109
293.109
293.108
293.108
293.107
293.106
293.104
293.103
293.1
293.097
293.094
293.09
293.086
293.081
293.076
293.071
293.065
293.058
293.052
293.045
293.039
293.033
293.027
293.021
293.017
293.013
293.009
293.006
293.004
293.003
293.002
293.001
293.001
293
293
293
293
293
293
293
293
293
293
293
293
293
293
293
293
293
293
293
293
293
293
293
293
293
293
293
293
293
293
293
293
293
293
293
293
293
293
293
293
293
293
293
293
293
293
293
293
293
293
293
293
293
293
293
293
293
293
293
293
293
293
293
293
293
293
293
293
293
293
293
293
293
293
293
293
293
293
293
293
293
293
293.001
293.002
293.003
293.005
293.008
293.012
293.016
293.02
293.025
293.029
293.034
293.038
293.042
293.045
293.049
293.051
293.053
293.055
293.055
293.056
293.056
293.057
293.057
293.057
293.057
293.056
293.056
293.055
293.054
293.053
293.052
293.05
293.049
293.047
293.045
293.042
293.04
293.037
293.035
293.032
293.029
293.026
293.023
293.02
293.017
293.015
293.012
293.01
293.008
293.006
293.005
293.003
293.002
293.002
293.001
293.001
293
293
293
293
293
293
293
293
293
293
293
293
293
293
293
293
293
293
293
293
293
293
293
293
293
293
293
293
293
293
293
293
293
293
293
293
293
293
293
293
293
293
293
293
293
293
293
293
293
293
293
293
293
293
293
293
293
293
293
293
293
293
293
293
293
293
293
293
293
293
293
293
293
293
293
293
293
293
293
293
293
293
293
293
293
293
293
293
293
293
293
293
293
293.001
293.001
293.002
293.003
293.004
293.005
293.006
293.008
293.009
293.01
293.012
293.013
293.013
293.014
293.014
293.014
293.014
293.014
293.014
293.014
293.014
293.013
293.013
293.012
293.012
293.011
293.01
293.01
293.009
293.008
293.007
293.007
293.006
293.005
293.004
293.004
293.003
293.003
293.002
293.002
293.001
293.001
293.001
293.001
293
293
293
293
293
293
293
293
293
293
293
293
293
293
293
293
293
293
293
293
293
293
293
293
293
293
293
293
293
293
293
293
293
293
293
293
293
293
293
293
293
293
293
293
293
293
293
293
293
293
293
293
293
293
293
293
293
293
293
293
293
293
293
293
293
293
293
293
293
293
293
293
293
293
293
293
293
293
293
293
293
293
293
293
293
293
293
293
293
293
293
293
293
293
293
293
293
293
293
293
293
293
293
293
293
293
293
293
293
293.001
293.001
293.001
293.001
293.001
293.001
293.001
293.001
293.001
293.001
293.001
293.001
293.001
293.001
293.001
293.001
293.001
293.001
293.001
293.001
293.001
293
293
293
293
293
293
293
293
293
293
293
293
293
293
293
293
293
293
293
293
293
293
293
293
293
293
293
293
293
293
293
293
293
293
293
293
293
293
293
293
293
293
293
293
293
293
293
293
293
293
293
293
293
293
293
293
293
293
293
293
293
293
293
293
293
293
293
293
293
293
293
293
293
293
293
293
293
293
293
293
293
293
293
293
293
293
293
293
293
293
293
293
293
293
293
293
293
293
293
293
293
293
293
293
293
293
293
293
293
293
293
293
293
293
293
293
293
293
293
293
293
293
293
293
293
293
293
293
293
293
293
293
293
293
293
293
293
293
293
293
293
293
293
293
293
293
293
293
293
293
293
293
293
293
293
293
293
293
293
293
293
293
293
293
293
293
293
293
293
293
293
293
293
293
293
293
293
293
293
293
293
293
293
293
293
293
293
293
293
293
293
293
293
293
293
293
293
293
293
293
293
293
293
293
293
293
293
293
293
293
293
293
293
293
293
293
293
293
293
293
293
293
293
293
293
293
293
293
293
293
293
293
293
293
293
293
293
293
293
293
293
293
293
293
293
293
293
293
293
293
293
293
293
293
293
293
293
293
293
293
293
293
293
293
293
293
293
293
293
293
293
293
293
293
293
293
293
293
293
293
293
293
293
293
293
293
293
293
293
293
293
293
293
293
293
293
293
293
293
293
293
293
293
293
293
293
293
293
293
293
293
293
293
293
293
293
293
293
293
293
293
293
293
293
293
293
293
293
293
293
293
293
293
293
293
293
293
293
293
293
293
293
293
293
293
293
293
293
293
293
293
293
293
293
293
293
293
293
293
293
293
293
293
293
293
293
293
293
293
293
293
293
293
293
293
293
293
293
293
293
293
293
293
293
293
293
293
293
293
293
293
293
293
293
293
293
293
293
293
293
293
293
293
293
293
293
293
293
293
293
293
293
293
293
293
293
293
293
293
293
293
293
293
293
293
293
293
293
293
293
293
293
293
293
293
293
293
293
293
293
293
293
293
293
293
293
293
293
293
293
293
293
293
293
293
293
293
293
293
293
293
293
293
293
293
293
293
293
293
293
293
293
293
293
293
293
293
293
293
293
293
293
293
293
293
293
293
293
293
293
293
293
293
293
293
293
293
293
293
293
293
293
293
293
293
293
293
293
293
293
293
293
293
293
293
293
293
293
293
293
293
293
293
293
293
293
293
293
293
293
293
293
293
293
293
293
293
293
293
293
293
293
293
293
293
293
293
293
293
293
293
293
293
293
293
293
293
293
293
293
293
293
293
293
293
293
293
293
293
293
293
293
293
293
293
293
293
293
293
293
293
293
293
293
293
293
293
293
293
293
293
293
293
293
293
293
293
293
293
293
293
293
293
293
293
293
293
293
293
293
293
293
293
293
293
293
293
293
293
293
293
293
293
293
293
293
293
293
293
293
293
293
293
293
293
293
293
293
293
293
293
293
293
293
293
293
293
293
293
293
293
293
293
293
293
293
293
293
293
293
293
293
293
293
293
293
293
293
293
293
293
293
293
293
293
293
293
293
293
293
293
293
293
293
293
293
293
293
293
293
293
293
293
293
293
293
293
293
293
293
293
293
293
293
293
293
293
293
293
293
293
293
293
293
293
293
293
293
293
293
293
293
293
293
293
293
293
293
293
293
293
293
293
293
293
293
293
293
293
293
293
293
293
293
293
293
293
293
293
293
293
293
293
293
293
293
293
293
293
293
293
293
293
293
293
293
293
293
293
293
293
293
293
293
293
293
293
293
293
293
293
293
293
293
293
293
293
293
293
293
293
293
293
293
293
293
293
293
293
293
293
293
293
293
293
293
293
293
293
293
293
293
293
293
293
293
293
293
293
293
293
293
293
293
293
293
293
293
293
293
293
293
293
293
293
293
293
293
293
293
293
293
293
293
293
293
293
293
293
293
293
293
293
293
293
293
293
293
293
293
293
293
293
293
293
293
293
293
293
293
293
293
293
293
293
293
293
293
293
293
293
293
293
293
293
293
293
293
293
293
293
293
293
293
293
293
293
293
293
293
)
;

boundaryField
{
    FreestreamLeft
    {
        type            totalTemperature;
        gamma           1.4;
        T0              uniform 293;
        value           uniform 293;
    }
    FreestreamTop
    {
        type            totalTemperature;
        gamma           1.4;
        T0              uniform 293;
        value           uniform 293;
    }
    Inlet
    {
        type            totalTemperature;
        gamma           1.4;
        T0              nonuniform List<scalar> 0();
        value           nonuniform List<scalar> 0();
    }
    Outlet
    {
        type            zeroGradient;
    }
    Wall
    {
        type            zeroGradient;
    }
    Wedge1
    {
        type            wedge;
    }
    Wedge2
    {
        type            wedge;
    }
    procBoundary2to1
    {
        type            processor;
        value           nonuniform List<scalar> 
190
(
329.497
329.497
316.13
332.235
321.898
332.365
332.112
331.632
330.527
328.704
325.956
321.767
316.13
291.6
288.401
300.251
305.402
308.787
310.396
310.975
311.558
311.932
312.581
313.605
314.966
316.718
318.469
319.756
320.907
321.85
322.43
322.674
322.7
322.641
322.235
321.65
320.914
319.916
319.176
318.878
319.091
319.662
320.668
321.429
321.864
321.923
321.898
280.889
286.359
288.401
286.359
298.353
296.192
292.489
284.353
282.494
283.625
286.175
288.523
290.082
291.061
291.701
292.119
292.392
292.585
292.742
292.881
293.017
293.152
293.26
293.308
293.307
293.288
293.278
293.319
293.389
293.434
293.444
293.439
293.427
293.392
293.305
293.168
293.05
293.006
293
293
293
293
293
293
293
293
293
293
329.418
329.418
316.122
316.122
321.765
326.026
328.74
330.489
331.607
332.113
332.37
332.256
321.922
321.922
321.855
321.82
321.482
320.663
319.656
319.098
318.89
319.192
319.963
320.988
321.698
322.252
322.636
322.68
322.674
322.424
321.82
320.857
319.701
318.413
316.654
314.903
313.534
312.504
311.846
311.463
310.872
310.303
308.719
305.336
300.182
291.54
288.377
288.377
280.894
286.436
286.436
298.143
295.934
292.609
284.534
282.643
283.747
286.238
288.53
290.066
291.044
291.689
292.112
292.389
292.587
292.746
292.885
293.02
293.155
293.262
293.309
293.308
293.288
293.278
293.319
293.389
293.433
293.444
293.439
293.427
293.393
293.307
293.17
293.052
293.006
293
293
293
293
293
293
293
293
293
293
)
;
    }
}


// ************************************************************************* //
