/*--------------------------------*- C++ -*----------------------------------*\
| =========                 |                                                 |
| \\      /  F ield         | OpenFOAM: The Open Source CFD Toolbox           |
|  \\    /   O peration     | Version:  2406                                  |
|   \\  /    A nd           | Website:  www.openfoam.com                      |
|    \\/     M anipulation  |                                                 |
\*---------------------------------------------------------------------------*/
FoamFile
{
    version     2.0;
    format      ascii;
    arch        "LSB;label=32;scalar=64";
    class       volScalarField;
    location    "0.06";
    object      T;
}
// * * * * * * * * * * * * * * * * * * * * * * * * * * * * * * * * * * * * * //

dimensions      [0 0 0 1 0 0 0];

internalField   nonuniform List<scalar> 
14020
(
427.459
427.453
427.456
427.46
427.468
427.486
427.522
427.564
427.6
427.632
427.655
427.661
427.66
427.651
427.63
427.602
427.581
427.571
427.564
427.564
427.571
427.581
427.586
427.59
427.593
427.594
427.591
427.59
427.593
427.599
427.605
427.611
427.618
427.619
427.617
427.611
427.603
427.593
427.585
427.58
427.58
427.581
427.585
427.592
427.597
427.601
427.603
427.604
427.603
427.6
427.599
427.599
427.6
427.601
427.602
427.603
427.601
427.596
427.587
427.575
427.561
427.543
427.519
427.49
427.454
427.411
427.361
427.305
427.251
427.206
427.175
427.161
427.156
427.157
427.159
427.165
427.177
427.193
427.215
427.24
427.268
427.295
427.32
427.339
427.352
427.362
427.369
427.374
427.379
427.383
427.388
427.392
427.396
427.401
427.405
427.41
427.415
427.42
427.424
427.427
427.43
427.432
427.433
427.434
427.435
427.436
427.437
427.439
427.443
427.447
427.45
427.454
427.457
427.46
427.461
427.462
427.462
427.463
427.463
427.464
427.465
427.466
427.467
427.469
427.469
427.47
427.47
427.471
427.473
427.474
427.476
427.478
427.48
427.482
427.484
427.484
427.485
427.484
427.483
427.482
427.48
427.479
427.479
427.479
427.479
427.479
427.479
427.48
427.48
427.48
427.48
427.48
427.48
427.48
427.48
427.48
427.48
427.479
427.478
427.477
427.474
427.472
427.469
427.466
427.463
427.461
427.459
427.458
427.457
427.456
427.455
427.454
427.453
427.452
427.451
427.45
427.45
427.45
427.45
427.45
427.449
427.448
427.447
427.446
427.445
427.443
427.442
427.441
427.44
427.439
427.438
427.438
427.437
427.436
427.434
427.433
427.431
427.429
427.428
427.426
427.425
427.423
427.422
427.421
427.421
427.421
427.423
427.425
427.424
427.41
427.283
426.806
425.867
424.593
423.127
421.574
419.957
418.319
416.644
414.965
413.258
411.558
409.835
408.127
406.399
404.694
402.967
401.269
399.525
397.69
394.585
427.459
427.453
427.455
427.46
427.468
427.486
427.522
427.564
427.6
427.632
427.655
427.661
427.66
427.651
427.63
427.602
427.581
427.571
427.564
427.564
427.571
427.581
427.586
427.59
427.593
427.594
427.591
427.59
427.593
427.599
427.605
427.611
427.618
427.619
427.617
427.611
427.603
427.593
427.585
427.58
427.58
427.581
427.585
427.592
427.597
427.601
427.604
427.604
427.603
427.6
427.599
427.599
427.6
427.601
427.602
427.603
427.601
427.596
427.587
427.575
427.561
427.542
427.519
427.49
427.454
427.411
427.36
427.305
427.251
427.206
427.174
427.161
427.156
427.157
427.159
427.165
427.177
427.193
427.215
427.24
427.268
427.296
427.32
427.339
427.352
427.361
427.369
427.374
427.379
427.383
427.388
427.392
427.396
427.401
427.405
427.41
427.415
427.42
427.424
427.427
427.43
427.432
427.433
427.434
427.435
427.436
427.437
427.439
427.443
427.447
427.45
427.454
427.457
427.46
427.461
427.462
427.462
427.463
427.463
427.464
427.465
427.466
427.467
427.469
427.469
427.47
427.47
427.471
427.473
427.474
427.476
427.478
427.48
427.482
427.484
427.484
427.485
427.484
427.483
427.482
427.48
427.479
427.479
427.479
427.479
427.479
427.479
427.48
427.48
427.48
427.48
427.48
427.48
427.48
427.48
427.48
427.48
427.479
427.478
427.477
427.474
427.472
427.469
427.466
427.463
427.461
427.459
427.458
427.457
427.456
427.455
427.454
427.453
427.452
427.451
427.451
427.45
427.45
427.45
427.45
427.449
427.448
427.447
427.446
427.445
427.443
427.442
427.441
427.44
427.439
427.438
427.438
427.437
427.436
427.434
427.433
427.431
427.429
427.428
427.426
427.425
427.423
427.422
427.421
427.421
427.421
427.423
427.425
427.424
427.41
427.283
426.806
425.867
424.593
423.127
421.575
419.957
418.32
416.643
414.965
413.257
411.558
409.835
408.128
406.4
404.695
402.968
401.27
399.523
397.679
394.602
427.459
427.453
427.455
427.46
427.468
427.486
427.522
427.564
427.6
427.632
427.655
427.661
427.66
427.651
427.63
427.602
427.581
427.571
427.564
427.564
427.571
427.581
427.586
427.59
427.593
427.594
427.591
427.59
427.593
427.599
427.605
427.611
427.618
427.619
427.617
427.611
427.603
427.593
427.585
427.58
427.58
427.581
427.585
427.592
427.597
427.601
427.604
427.604
427.603
427.6
427.599
427.599
427.6
427.601
427.602
427.602
427.601
427.596
427.587
427.575
427.56
427.542
427.519
427.49
427.454
427.41
427.36
427.305
427.251
427.206
427.174
427.161
427.156
427.156
427.159
427.165
427.176
427.193
427.215
427.24
427.268
427.296
427.32
427.339
427.352
427.361
427.369
427.374
427.379
427.383
427.387
427.392
427.396
427.401
427.405
427.41
427.415
427.42
427.424
427.427
427.43
427.432
427.433
427.434
427.435
427.436
427.437
427.439
427.443
427.447
427.45
427.454
427.457
427.46
427.461
427.462
427.462
427.463
427.463
427.464
427.465
427.466
427.467
427.469
427.469
427.47
427.47
427.471
427.473
427.474
427.476
427.478
427.48
427.482
427.484
427.484
427.485
427.484
427.483
427.482
427.48
427.479
427.479
427.479
427.479
427.479
427.479
427.48
427.48
427.48
427.48
427.48
427.48
427.48
427.48
427.48
427.48
427.479
427.478
427.477
427.474
427.472
427.469
427.466
427.463
427.461
427.459
427.458
427.457
427.456
427.455
427.454
427.453
427.452
427.451
427.451
427.45
427.45
427.45
427.45
427.449
427.448
427.447
427.446
427.445
427.443
427.442
427.441
427.44
427.439
427.438
427.438
427.437
427.436
427.434
427.433
427.431
427.429
427.428
427.426
427.425
427.423
427.422
427.421
427.421
427.421
427.423
427.425
427.424
427.41
427.283
426.806
425.867
424.594
423.127
421.576
419.956
418.319
416.641
414.964
413.257
411.559
409.836
408.13
406.401
404.697
402.968
401.269
399.516
397.666
394.628
427.458
427.452
427.455
427.46
427.468
427.486
427.522
427.563
427.6
427.632
427.655
427.662
427.66
427.651
427.63
427.602
427.581
427.571
427.564
427.564
427.57
427.581
427.586
427.59
427.593
427.594
427.592
427.59
427.593
427.599
427.605
427.611
427.618
427.619
427.617
427.611
427.603
427.593
427.585
427.58
427.58
427.581
427.585
427.592
427.597
427.601
427.604
427.604
427.603
427.6
427.599
427.599
427.6
427.601
427.602
427.602
427.601
427.596
427.587
427.575
427.56
427.542
427.519
427.49
427.453
427.41
427.36
427.304
427.25
427.205
427.173
427.16
427.156
427.156
427.158
427.165
427.176
427.193
427.215
427.241
427.269
427.296
427.321
427.34
427.352
427.361
427.369
427.374
427.379
427.383
427.387
427.392
427.396
427.401
427.405
427.41
427.415
427.42
427.424
427.427
427.43
427.432
427.433
427.434
427.435
427.436
427.437
427.439
427.443
427.447
427.45
427.454
427.457
427.46
427.461
427.462
427.462
427.463
427.463
427.464
427.465
427.466
427.467
427.469
427.469
427.47
427.47
427.471
427.473
427.474
427.476
427.478
427.48
427.482
427.484
427.484
427.485
427.484
427.483
427.482
427.48
427.479
427.479
427.479
427.479
427.479
427.479
427.48
427.48
427.48
427.48
427.48
427.48
427.48
427.48
427.48
427.48
427.479
427.478
427.477
427.474
427.472
427.469
427.466
427.463
427.461
427.459
427.458
427.457
427.456
427.455
427.454
427.453
427.452
427.451
427.451
427.45
427.45
427.45
427.45
427.449
427.448
427.447
427.446
427.445
427.443
427.442
427.441
427.44
427.439
427.438
427.438
427.437
427.436
427.434
427.433
427.431
427.429
427.428
427.426
427.425
427.423
427.422
427.421
427.421
427.421
427.423
427.425
427.424
427.41
427.283
426.806
425.867
424.595
423.128
421.576
419.956
418.318
416.64
414.963
413.256
411.56
409.838
408.132
406.403
404.699
402.969
401.268
399.508
397.653
394.653
427.458
427.452
427.455
427.46
427.467
427.486
427.522
427.563
427.6
427.632
427.655
427.662
427.66
427.651
427.63
427.602
427.581
427.571
427.564
427.564
427.57
427.581
427.586
427.59
427.593
427.594
427.592
427.59
427.593
427.599
427.605
427.611
427.618
427.619
427.617
427.611
427.603
427.593
427.585
427.58
427.58
427.581
427.585
427.592
427.597
427.601
427.604
427.604
427.603
427.6
427.6
427.599
427.6
427.601
427.602
427.602
427.601
427.596
427.587
427.575
427.56
427.542
427.519
427.489
427.453
427.409
427.359
427.304
427.249
427.204
427.172
427.159
427.155
427.155
427.157
427.164
427.176
427.193
427.215
427.241
427.269
427.297
427.321
427.34
427.353
427.361
427.368
427.374
427.378
427.383
427.387
427.392
427.396
427.4
427.405
427.41
427.415
427.42
427.424
427.427
427.43
427.431
427.433
427.434
427.435
427.436
427.437
427.439
427.443
427.447
427.45
427.454
427.457
427.459
427.461
427.462
427.462
427.463
427.463
427.464
427.465
427.466
427.467
427.469
427.469
427.47
427.47
427.471
427.473
427.474
427.476
427.478
427.48
427.482
427.484
427.484
427.485
427.484
427.483
427.482
427.48
427.479
427.479
427.479
427.479
427.479
427.479
427.48
427.48
427.48
427.48
427.48
427.48
427.48
427.48
427.48
427.48
427.479
427.478
427.477
427.474
427.472
427.469
427.466
427.463
427.461
427.459
427.458
427.457
427.456
427.455
427.454
427.453
427.452
427.451
427.451
427.45
427.45
427.45
427.45
427.449
427.448
427.447
427.446
427.445
427.443
427.442
427.441
427.44
427.439
427.438
427.438
427.437
427.436
427.434
427.433
427.431
427.429
427.428
427.426
427.425
427.423
427.422
427.421
427.421
427.421
427.423
427.425
427.424
427.41
427.283
426.806
425.867
424.596
423.128
421.577
419.955
418.317
416.638
414.962
413.256
411.561
409.84
408.135
406.405
404.701
402.969
401.266
399.5
397.639
394.675
427.458
427.452
427.454
427.459
427.467
427.485
427.522
427.563
427.6
427.632
427.655
427.662
427.661
427.652
427.63
427.602
427.581
427.571
427.564
427.564
427.57
427.58
427.586
427.59
427.593
427.594
427.592
427.59
427.593
427.599
427.605
427.611
427.618
427.619
427.617
427.611
427.603
427.593
427.585
427.58
427.58
427.581
427.585
427.592
427.597
427.601
427.604
427.604
427.602
427.6
427.6
427.599
427.6
427.601
427.601
427.601
427.6
427.596
427.587
427.575
427.56
427.542
427.518
427.489
427.453
427.409
427.358
427.303
427.248
427.203
427.171
427.158
427.154
427.154
427.156
427.163
427.175
427.192
427.215
427.241
427.27
427.297
427.322
427.341
427.353
427.361
427.368
427.373
427.378
427.382
427.386
427.391
427.396
427.4
427.405
427.41
427.416
427.42
427.424
427.427
427.43
427.431
427.433
427.434
427.435
427.436
427.437
427.439
427.443
427.447
427.451
427.454
427.457
427.459
427.461
427.462
427.462
427.463
427.463
427.464
427.465
427.466
427.467
427.469
427.469
427.47
427.47
427.471
427.473
427.474
427.476
427.478
427.48
427.482
427.484
427.484
427.485
427.484
427.483
427.482
427.48
427.479
427.479
427.479
427.479
427.479
427.479
427.48
427.48
427.48
427.48
427.48
427.48
427.48
427.48
427.48
427.48
427.479
427.478
427.477
427.474
427.472
427.469
427.466
427.463
427.461
427.459
427.458
427.457
427.456
427.455
427.454
427.453
427.452
427.451
427.45
427.45
427.45
427.45
427.45
427.449
427.448
427.447
427.446
427.445
427.443
427.442
427.441
427.44
427.439
427.438
427.438
427.437
427.436
427.434
427.433
427.431
427.429
427.428
427.426
427.425
427.423
427.422
427.421
427.421
427.421
427.423
427.425
427.424
427.41
427.283
426.806
425.867
424.596
423.129
421.577
419.954
418.315
416.636
414.961
413.256
411.562
409.841
408.138
406.407
404.703
402.969
401.264
399.491
397.627
394.694
427.458
427.452
427.454
427.459
427.467
427.485
427.522
427.563
427.6
427.632
427.655
427.662
427.661
427.652
427.63
427.602
427.581
427.571
427.564
427.564
427.57
427.58
427.586
427.59
427.593
427.594
427.592
427.59
427.593
427.599
427.605
427.611
427.618
427.619
427.617
427.611
427.603
427.593
427.585
427.58
427.58
427.581
427.585
427.592
427.597
427.601
427.604
427.604
427.602
427.6
427.6
427.599
427.599
427.6
427.601
427.601
427.6
427.595
427.587
427.575
427.56
427.541
427.518
427.489
427.453
427.409
427.358
427.302
427.247
427.201
427.17
427.157
427.152
427.153
427.155
427.162
427.174
427.192
427.215
427.241
427.27
427.298
427.323
427.341
427.353
427.361
427.368
427.373
427.377
427.381
427.386
427.391
427.396
427.4
427.405
427.41
427.416
427.42
427.424
427.427
427.43
427.431
427.433
427.434
427.435
427.436
427.437
427.439
427.443
427.447
427.451
427.454
427.457
427.459
427.461
427.462
427.462
427.463
427.463
427.464
427.465
427.466
427.467
427.469
427.469
427.47
427.47
427.471
427.473
427.474
427.476
427.478
427.48
427.482
427.484
427.484
427.485
427.484
427.483
427.482
427.48
427.479
427.479
427.479
427.479
427.479
427.479
427.48
427.48
427.48
427.48
427.48
427.48
427.48
427.48
427.48
427.48
427.479
427.478
427.477
427.474
427.472
427.469
427.466
427.463
427.461
427.459
427.458
427.457
427.456
427.455
427.454
427.453
427.452
427.451
427.45
427.45
427.45
427.45
427.45
427.449
427.448
427.447
427.446
427.445
427.443
427.442
427.441
427.44
427.439
427.438
427.438
427.437
427.436
427.434
427.433
427.431
427.429
427.428
427.426
427.425
427.423
427.422
427.421
427.421
427.421
427.423
427.425
427.424
427.41
427.283
426.806
425.867
424.597
423.13
421.577
419.953
418.314
416.635
414.96
413.257
411.564
409.843
408.141
406.409
404.705
402.969
401.263
399.484
397.617
394.707
427.457
427.451
427.454
427.459
427.467
427.485
427.522
427.563
427.599
427.632
427.655
427.662
427.661
427.652
427.63
427.602
427.581
427.571
427.564
427.564
427.57
427.58
427.586
427.59
427.593
427.594
427.592
427.59
427.593
427.599
427.605
427.611
427.618
427.619
427.617
427.611
427.603
427.593
427.585
427.58
427.58
427.581
427.585
427.592
427.597
427.601
427.604
427.604
427.602
427.6
427.6
427.599
427.599
427.6
427.601
427.601
427.6
427.595
427.586
427.575
427.56
427.541
427.518
427.489
427.453
427.409
427.358
427.302
427.246
427.2
427.169
427.156
427.151
427.152
427.154
427.161
427.174
427.192
427.215
427.242
427.271
427.299
427.323
427.342
427.353
427.361
427.367
427.372
427.377
427.381
427.386
427.39
427.395
427.4
427.405
427.41
427.416
427.42
427.424
427.427
427.43
427.431
427.433
427.434
427.435
427.436
427.437
427.439
427.443
427.447
427.451
427.454
427.457
427.459
427.461
427.461
427.462
427.463
427.463
427.464
427.465
427.466
427.467
427.469
427.469
427.47
427.47
427.471
427.473
427.474
427.476
427.478
427.48
427.482
427.484
427.484
427.485
427.484
427.483
427.482
427.48
427.479
427.479
427.479
427.479
427.479
427.479
427.48
427.48
427.48
427.48
427.48
427.48
427.48
427.48
427.48
427.48
427.479
427.478
427.477
427.474
427.472
427.469
427.466
427.463
427.461
427.459
427.458
427.457
427.456
427.455
427.454
427.453
427.452
427.451
427.45
427.45
427.45
427.45
427.45
427.449
427.448
427.447
427.446
427.445
427.443
427.442
427.441
427.44
427.439
427.438
427.438
427.437
427.436
427.434
427.433
427.431
427.429
427.428
427.426
427.425
427.423
427.422
427.421
427.421
427.421
427.423
427.425
427.424
427.41
427.283
426.806
425.867
424.597
423.13
421.577
419.953
418.313
416.634
414.96
413.257
411.564
409.844
408.142
406.41
404.706
402.969
401.262
399.478
397.61
394.715
427.457
427.451
427.454
427.459
427.467
427.485
427.522
427.563
427.599
427.632
427.655
427.662
427.661
427.652
427.63
427.602
427.582
427.571
427.564
427.564
427.57
427.58
427.586
427.59
427.593
427.594
427.592
427.59
427.593
427.599
427.605
427.611
427.618
427.619
427.617
427.611
427.603
427.593
427.585
427.58
427.58
427.581
427.585
427.592
427.597
427.601
427.604
427.604
427.602
427.601
427.6
427.6
427.6
427.601
427.602
427.601
427.6
427.595
427.586
427.575
427.56
427.541
427.518
427.488
427.452
427.409
427.357
427.301
427.245
427.2
427.168
427.155
427.151
427.151
427.154
427.161
427.174
427.192
427.215
427.242
427.271
427.299
427.324
427.342
427.353
427.361
427.367
427.372
427.376
427.381
427.385
427.39
427.395
427.4
427.405
427.41
427.416
427.42
427.424
427.427
427.43
427.431
427.433
427.434
427.435
427.436
427.437
427.439
427.443
427.447
427.451
427.454
427.457
427.459
427.461
427.461
427.462
427.463
427.463
427.464
427.465
427.466
427.467
427.469
427.469
427.47
427.47
427.471
427.473
427.474
427.476
427.478
427.48
427.482
427.484
427.484
427.485
427.484
427.483
427.482
427.48
427.479
427.479
427.479
427.479
427.479
427.479
427.48
427.48
427.48
427.48
427.48
427.48
427.48
427.48
427.48
427.48
427.479
427.478
427.477
427.474
427.472
427.469
427.466
427.463
427.461
427.459
427.458
427.457
427.456
427.455
427.454
427.453
427.452
427.451
427.45
427.45
427.45
427.45
427.45
427.449
427.448
427.447
427.446
427.445
427.443
427.442
427.441
427.44
427.439
427.438
427.438
427.437
427.436
427.434
427.433
427.431
427.429
427.428
427.426
427.425
427.423
427.422
427.421
427.421
427.421
427.423
427.425
427.424
427.41
427.283
426.806
425.867
424.598
423.13
421.577
419.952
418.313
416.634
414.96
413.258
411.565
409.844
408.144
406.41
404.707
402.968
401.261
399.474
397.606
394.72
293
293
293
293
293
293
293
293
293
293
293
293
293
293
293
293
293
293
293
293
293
293
293
293
293
293
293
293
293
293
293
293
293
293
293
293
293
293
293
293
293
293
293
293
293
293
293
293
293
293
293
293
293
293
293
293
293
293
293
293
293
293
293
293
293
293
293
293
293
293
293
293
293
293
293.005
293.154
294.279
297.113
300.382
302.729
304.157
305.186
306.157
306.882
306.846
304.667
299.274
293.498
287.986
285.326
285.749
288.41
291.239
292.814
293.88
294.536
295.152
295.608
295.686
295.604
293
293
293
293
293
293
293
293
293
293
293
293
293
293
293
293
293
293
293
293
293
293
293
293
293
293
293
293
293
293
293
293
293
293
293
293
293
293
293
293
293
293
293
293
293
293
293
293
293
293
293
293
293
293
293
293
293
293
293
293
293
293
293
293
293
293
293
293
293
293
293
293
293
293
293
293.002
293.079
293.843
296.22
299.394
301.832
303.247
304.07
304.665
305.061
304.874
303.101
299.059
294.259
289.549
286.569
286.241
287.765
289.993
291.33
292.441
293.125
293.65
294.055
294.072
293
293
293
293
293
293
293
293
293
293
293
293
293
293
293
293
293
293
293
293
293
293
293
293
293
293
293
293
293
293
293
293
293
293
293
293
293
293
293
293
293
293
293
293
293
293
293
293
293
293
293
293
293
293
293
293
293
293
293
293
293
293
293
293
293
293
293
293
293
293
293
293
293
293
293
293.001
293.034
293.492
295.342
298.321
300.865
302.346
303.068
303.41
303.551
303.191
301.668
298.811
295.216
291.709
289.152
293
293
293
293
293
293
293
293
293
293
293
293
293
293
293
293
293
293
293
293
293
293
293
293
293
293
293
293
293
293
293
293
293
293
293
293
293
293
293
293
293
293
293
293
293
293
293
293
293
293
293
293
293
293
293
293
293
293
293
293
293
293
293
293
293
293
293
293
293
293
293
293
293
293
293
293
293
293
293
293
293
293
293
293
293
293
293
293
293
293
293
293
293
293
293
293
293
293
293
293
293
293
293
293
293
293
293
293
293
293
293
293
293
293
293
293
293
293
293
293
293
293
293
293
293
293
293
293
293
293
293
293
293
293
293
293
293
293
293
293
293
293
293
293
293
293
293
293
293
293
293
293
293
293
293
293
293
293
293
293
293
293
293
293
293
293
293
293
293
293
293
293
293
293
293
293
293
293
293
293
293
293
293
293
293
293
293
293
293
293
293
293
293
293
293
293
293
293
293
293
293
293
293
293
293
293
293
293
293
293
293
293
293
293
293
293
293
293
293
293
293
293
293
293
293
293
293
293
293
293
293
293
293
293
293
293
293
293
293
293
293
293
293
293
293
293
293
293
293
293
293
293
293
293
293
293
293
293
293
293
293
293
293
293
293
293
293
293
293
293
293
293
293
293
293
293
293
293
293
293
293
293
293
293
293
293
293
293
293
293
293
293
293
293
293
293
293
293
293
293
293
293
293
293
293
293
293
293
293
293
293
293
293
293
293
293
293
293
293
293
293
293
293
293
293
293
293
293
293
293
293
293
293
293
293
293
293
293
293
293
293
293
293
293
293
293
293
293
293
293
293
293
293
293
293
293
293
293
293
293
293
293
293
293
293
293
293
293
293
293
293
293
293
293
293
293
293
293
293
293
293
293
293
293
293
293
293
293
293
293
293
293
293
293
293
293
293
293
293
293
293
293
293
293
293
293
293
293
293
293
293
293
293
293
293
293
293
293
293
293
293
293
293
293
293
293
293
293
293
293
293
293
293
293
293
293
293
293
293
293
293
293
293
293
293
293
293
293
293
293
293
293
293
293
293
293
293
293
293
293
293
293
293
293
293
293
293
293
293
293
293
293
293
293
293
293
293
293
293
293
293
293
293
293
293
293
293
293
293
293
293
293
293
293
293
293
293
293
293
293
293
293
293
293
293
293
293
293
293
293
293
293
293
293
293
293
293
293
293
293
293
293
293
293
293
293
293
293
293
293
293
293
293
293
293
293
293
293
293
293
293
293
293
293
293
293
293
293
293
293
293
293
293
293
293
293
293
293
293
293
293
293
293
293
293
293
293
293
293
293
293
293
293
293
293
293
293
293
293
293
293
293
293
293
293
293
293
293
293
293
293
293
293
293
293
293
293
293
293
293
293
293
293
293
293
293
293
293
293
293
293
293
293
293
293
293
293
293
293
293
293
293
293
293
293
293
293
293
293
293
293
293
293
293
293
293
293
293
293
293
293
293
293
293
293
293
293
293
293
293
293
293
293
293
293
293
293
293
293
293
293
293
293
293
293
293
293
293
293
293
293
293
293
293
293
293
293
293
293
293
293
293
293
293
293
293
293
293
293
293
293
293
293
293
293
293
293
293
293
293
293
293
293
293
293
293
293
293
293
293
293
293
293
293
293
293
293
293
293
293
293
293
293
293
293
293
293
293
293
293
293
293
293
293
293
293
293
293
293
293
293
293
293
293
293
293
293
293
293
293
293
293
293
293
293
293
293
293
293
293
293
293
293
293
293
293
293
293
293
293
293
293
293
293
293
293
293
293
293
293
293
293
293
293
293
293
293
293
293
293
293
293
293
293
293
293
293
293
293
293
293
293
293
293
293
293
293
293
293
293
293
293
293
293
293
293
293
293
293
293
293
293
293
293
293
293
293
293
293
293
293
293
293
293
293
293
293
293
293
293
293
293
293
293
293
293
293
293
293
293
293
293
293
293
293
293
293
293
293
293
293
293
293
293
293
293
293
293
293
293
293
293
293
293
293
293
293
293
293
293
293
293
293
293
293
293
293
293
293
293
293
293
293
293
293
293
293
293
293
293
293
293
293
293
293
293
293
293
293
293
293
293
293
293
293
293
293
293
293
293
293
293
293
293
293
293
293
293
293
293
293
293
293
293
293
293
293
293
293
293
293
293
293
293
293
293
293
293
293
293
293
293
293
293
293
293
293
293
293
293
293
293
293
293
293
293
293
293
293
293
293
293
293
293
293
293
293
293
293
293
293
293
293
293
293
293
293
293
293
293
293
293
293
293
293
293
293
293
293
293
293
293
293
293
293
293
293
293
293
293
293
293
293
293
293
293
293
293
293
293
293
293
293
293
293
293
293
293
293
293
293
293
293
293
293
293
293
293
293
293
293
293
293
293
293
293
293
293
293
293
293
293
293
293
293
293
293
293
293
293
293
293
293
293
293
293
293
293
293
293
293
293
293
293
293
293
293
293
293
293
293
293
293
293
293
293
293
293
293
293
293
293
293
293
293
293
293
293
293
293
293
293
293
293
293
293
293
293
293
293
293
293
293
293
293
293
293
293
293
293
293
293
293
293
293
293
293
293
293
293
293
293
293
293
293
293
293
293
293
293
293
293
293
293
293
293
293
293
293
293
293
293
293
293
293
293
293
293
293
293
293
293
293
293
293
293
293
293
293
293
293
293
293
293
293
293
293
293
293
293
293
293
293
293
293
293
293
293
293
293
293
293
293
293
293
293
293
293
293
293
293
293
293
293
293
293
293
293
293
293
293
293
293
293
293
293
293
293
293
293
293
293
293
293
293
293
293
293
293
293
293
293
293
293
293
293
293
293
293
293
293
293
293
293
293
293
293
293
293
293
293
293
293
293
293
293
293
293
293
293
293
293
293
293
293
293
293
293
293
293
293
293
293
293
293
293
293
293
293
293
293
293
293
293
293
293
293
293
293
293
293
293
293
293
293
293
293
293
293
293
293
293
293
293
293
293
293
293
293
293
293
293
293
293
293
293
293
293
293
293
293
293
293
293
293
293
293
293
293
293
293
293
293
293
293
293
293
293
293
293
293
293
293
293
293
293
293
293
293
293
293
293
293
293
293
293
293
293
293
293
293
293
293
293
293
293
293
293
293
293
293
293
293
293
293
293
293
293
293
293
293
293
293
293
293
293
293
293
293
293
293
293
293
293
293
293
293
293
293
293
293
293
293
293
293
293
293
293
293
293
293
293
293
293
293
293
293
293
293
293
293
293
293
293
293
293
293
293
293
293
293
293
293
293
293
293
293
293
293
293
293
293
293
293
293
293
293
293
293
293
293
293
293
293
293
293
293
293
293
293
293
293
293
293
293
293
293
293
293
293
293
293
293
293
293
293
293
293
293
293
293
293
293
293
293
293
293
293
293
293
293
293
293
293
293
293
293
293
293
293
293
293
293
293
293
293
293
293
293
293
293
293
293
293
293
293
293
293
293
293
293
293
293
293
293
293
293
293
293
293
293
293
293
293
293
293
293
293
293
293
293
293
293
293
293
293
293
293
293
293
293
293
293
293
293
293
293
293
293
293
293
293
293
293
293
293
293
293
293
293
293
293
293
293
293
293
293
293
293
293
293
293
293
293
293
293
293
293
293
293
293
293
293
293
293
293
293
293
293
293
293
293
293
293
293
293
293
293
293
293
293
293
293
293
293
293
293
293
293
293
293
293
293
293
293
293
293
293
293
293
293
293
293
293
293
293
293
293
293
293
293
293
293
293
293
293
293
293
293
293
293
293
293
293
293
293
293
293
293
293
293
293
293
293
293
293
293
293
293
293
293
293
293
293
293
293
293
293
293
293
293
293
293
293
293
293
293
293
293
293
293
293
293
293
293
293
293
293
293
293
293
293
293
293
293
293
293
293
293
293
293
293
293
293
293
293
293
293
293
293
293
293
293
293
293
293
293
293
293
293
293
293
293
293
293
293
293
293
293
293
293
293
293
293
293
293
293
293
293
293
293
293
293
293
293
293
293
293
293
293
293
293
293
293
293
293
293
293
293
293
293
293
293
293
293
293
293
293
293
293
293
293
293
293
293
293
293
293
293
293
293
293
293
293
293
293
293
293
293
293
293
293
293
293
293
293
293
293
293
293
293
293
293
293
293
293
293
293
293
293
293
293
293
293
293
293
293
293
293
293
293
293
293
293
293
293
293
293
293
293
293
293
293
293
293
293
293
293
293
293
293
293
293
293
293
293
293
293
293
293
293
293
293
293
293
293
293
293
293
293
293
293
293
293
293
293
293
293
293
293
293
293
293
293
293
293
293
293
293
293
293
293
293
293
293
293
293
293
293
293
293
293
293
293
293
293
293
293
293
293
293
293
293
293
293
293
293
293
293
293
293
293
293
293
293
293
293
293
293
293
293
293
293
293
293
293
293
293
293
293
293
293
293
293
293
293
293
293
293
293
293
293
293
293
293
293
293
293
293
293
293
293
293
293
293
293
293
293
293
293
293
293
293
293
293
293
293
293
293
293
293
293
293
293
293
293
293
293
293
293
293
293
293
293
293
293
293
293
293
293
293
293
293
293
293
293
293
293
293
293
293
293
293
293
293
293
293
293
293
293
293
293
293
293
293
293
293
293
293
293
293
293
293
293
293
293
293
293
293
293
293
293
293
293
293
293
293
293
293
293
293
293
293
293
293
293
293
293
293
293
293
293
293
293
293
293
293
293
293
293
293
293
293
293
293
293
293
293
293
293
293
293
293
293
293
293
293
293
293
293
293
293
293
293
293
293
293
293
293
293
293
293
293
293
293
293
293
293
293
293
293
293
293
293
293
293
293
293
293
293
293
293
293
293
293
293
293
293
293
293
293
293
293
293
293
293
293
293
293
293
293
293
293
293
293
293
293
293
293
293
293
293
293
293
293
293
293
293
293
293
293
293
293
293
293
293
293
293
293
293
293
293
293
293
293
293
293
293
293
293
293
293
293
293
293
293
293
293
293
293
293
293
293
293
293
293
293
293
293
293
293
293
293
293
293
293
293
293
293
293
293
293
293
293
293
293
293
293
293
293
293
293
293
293
293
293
293
293
293
293
293
293
293
293
293
293
293
293
293
293
293
293
293
293
293
293
293
293
293
293
293
293
293
293
293
293
293
293
293
293
293
293
293
293
293
293
293
293
293
293
293
293
293
293
293
293
293
293
293
293
293
293
293
293
293
293
293
293
293
293
293
293
293
293
293
293
293
293
293
293
293
293
293
293
293
293
293
293
293
293
293
293
293
293
293
293
293
293
293
293
293
293
293
293
293
293
293
293
293
293
293
293
293
293
293
293
293
293
293
293
293
293
293
293
293
293
293
293
293
293
293
293
293
293
293
293
293
293
293
293
293
293
293
293
293
293
293
293
293
293
293
293
293
293
293
293
293
293
293
293
293
293
293
293
293
293
293
293
293
293
293
293
293
293
293
293
293
293
293
293
293
293
293
293
293
293
293
293
293
293
293
293
293
293
293
293
293
293
293
293
293
293
293
293
293
293
293
293
293
293
293
293
293
293
293
293
293
293
293
293
293
293
293
293
293
293
293
293
293
293
293
293
293
293
293
293
293
293
293
293
293
293
293
293
293
293
293
293
293
293
293
293
293
293
293
293
293
293
293
293
293
293
293
293
293
293
293
293
293
293
293
293
293
293
293
293
293
293
293
293
293
293
293
293
293
293
293
293
293
293
293
293
293
293
293
293
293
293
293
293
293
293
293
293
293
293
293
293
293
293
293
293
293
293
293
293
293
293
293
293
293
293
293
293
293
293
293
293
293
293
293
293
293
293
293
293
293
293
293
293
293
293
293
293
293
293
293
293
293
293
293
293
293
293
293
293
293
293
293
293
293
293
293
293
293
293
293
293
293
293
293
293
293
293
293
293
293
293
293
293
293
293
293
293
293
293
293
293
293
293
293
293
293
293
293
293
293
293
293
293
293
293
293
293
293
293
293
293
293
293
293
293
293
293
293
293
293
293
293
293
293
293
293
293
293
293
293
293
293
293
293
293.015
293.358
295.388
299.574
303.912
307.331
310.452
313.958
317.531
320.911
325.538
332.136
346.459
364.245
381.64
407.048
433.801
461.661
469.392
457.203
462.899
185.378
209.366
253.72
290.821
335.543
374.417
293
293
293
293
293
293
293
293
293
293
293
293
293
293
293
293
293
293
293
293
293
293
293
293
293
293
293
293
293
293
293
293
293
293
293
293
293
293
293
293
293
293
293
293
293
293
293
293
293
293
293
293
293
293
293
293
293
293
293
293
293
293
293
293
293
293
293
293
293
293
293
293.014
293.355
295.379
299.569
303.917
307.348
310.485
314.025
317.653
321.201
325.878
332.545
347.289
366.056
383.888
406.478
431.664
455.499
467.229
463.665
400.716
181.389
215.246
256.896
292.891
334.687
373.993
293
293
293
293
293
293
293
293
293
293
293
293
293
293
293
293
293
293
293
293
293
293
293
293
293
293
293
293
293
293
293
293
293
293
293
293
293
293
293
293
293
293
293
293
293
293
293
293
293
293
293
293
293
293
293
293
293
293
293
293
293
293
293
293
293
293
293
293
293
293
293
293.014
293.349
295.352
299.521
303.857
307.28
310.393
313.886
317.437
320.936
325.752
333.048
349.012
368.702
385.814
403.071
419.755
435.375
443.882
447.964
290.114
177.539
208.494
250.814
288.038
331.537
372.721
293
293
293
293
293
293
293
293
293
293
293
293
293
293
293
293
293
293
293
293
293
293
293
293
293
293
293
293
293
293
293
293
293
293
293
293
293
293
293
293
293
293
293
293
293
293
293
293
293
293
293
293
293
293
293
293
293
293
293
293
293
293
293
293
293
293
293
293
293
293
293
293.013
293.34
295.313
299.457
303.79
307.207
310.301
313.775
317.312
320.834
325.999
334.434
352.177
370.874
385.8
391.96
396.47
402.936
409.118
388.584
236.802
176.811
204.265
245.647
283.557
327.288
370.607
293
293
293
293
293
293
293
293
293
293
293
293
293
293
293
293
293
293
293
293
293
293
293
293
293
293
293
293
293
293
293
293
293
293
293
293
293
293
293
293
293
293
293
293
293
293
293
293
293
293
293
293
293
293
293
293
293
293
293
293
293
293
293
293
293
293
293
293
293
293
293
293.013
293.327
295.262
299.372
303.698
307.107
310.175
313.609
317.09
320.54
326.07
336.298
355.617
371.86
380.048
373.606
368.938
373.179
379.481
333.941
236.117
192.671
198.473
239.12
277.47
321.198
367.262
293
293
293
293
293
293
293
293
293
293
293
293
293
293
293
293
293
293
293
293
293
293
293
293
293
293
293
293
293
293
293
293
293
293
293
293
293
293
293
293
293
293
293
293
293
293
293
293
293
293
293
293
293
293
293
293
293
293
293
293
293
293
293
293
293
293
293
293
293
293
293
293.012
293.313
295.199
299.266
303.584
306.986
310.024
313.407
316.821
320.259
326.359
338.344
357.746
369.942
367.764
353.652
348.498
354.864
360.585
303.099
245.415
214.276
209.585
232.156
269.615
312.795
362.112
293
293
293
293
293
293
293
293
293
293
293
293
293
293
293
293
293
293
293
293
293
293
293
293
293
293
293
293
293
293
293
293
293
293
293
293
293
293
293
293
293
293
293
293
293
293
293
293
293
293
293
293
293
293
293
293
293
293
293
293
293
293
293
293
293
293
293
293
293
293
293
293.011
293.296
295.125
299.141
303.448
306.842
309.841
313.158
316.516
320.024
326.91
340.304
357.826
365.881
351.987
339.345
336.638
345.197
347.653
289.51
256.551
240.038
230.758
229.799
261.811
302.687
354.445
293
293
293
293
293
293
293
293
293
293
293
293
293
293
293
293
293
293
293
293
293
293
293
293
293
293
293
293
293
293
293
293
293
293
293
293
293
293
293
293
293
293
293
293
293
293
293
293
293
293
293
293
293
293
293
293
293
293
293
293
293
293
293
293
293
293
293
293
293
293
293
293.01
293.277
295.04
298.995
303.289
306.674
309.63
312.87
316.188
319.871
327.665
341.916
356.612
359.523
338.812
329.677
330.838
338.972
334.323
285.421
269.003
259.555
250.579
244.379
258.906
293.52
343.418
293
293
293
293
293
293
293
293
293
293
293
293
293
293
293
293
293
293
293
293
293
293
293
293
293
293
293
293
293
293
293
293
293
293
293
293
293
293
293
293
293
293
293
293
293
293
293
293
293
293
293
293
293
293
293
293
293
293
293
293
293
293
293
293
293
293
293
293
293
293
293
293.009
293.257
294.947
298.83
303.109
306.484
309.391
312.548
315.848
319.735
328.313
342.6
353.758
352.515
330.315
322.626
328.053
336.415
321.084
288.157
278.004
271.136
266.162
261.84
268.385
290.677
329.724
293
293
293
293
293
293
293
293
293
293
293
293
293
293
293
293
293
293
293
293
293
293
293
293
293
293
293
293
293
293
293
293
293
293
293
293
293
293
293
293
293
293
293
293
293
293
293
293
293
293
293
293
293
293
293
293
293
293
293
293
293
293
293
293
293
293
293
293
293
293
293
293.008
293.231
294.824
298.61
302.866
306.229
309.073
312.126
315.411
319.525
328.943
343.275
352.093
347.195
324.731
317.984
324.392
330.518
310.751
292.88
286.397
282.029
279.938
279.396
285.376
294.428
305.224
293
293
293
293
293
293
293
293
293
293
293
293
293
293
293
293
293
293
293
293
293
293
293
293
293
293
293
293
293
293
293
293
293
293
293
293
293
293
293
293
293
293
293
293
293
293
293
293
293
293
293
293
293
293
293
293
293
293
293
293
293
293
293
293
293
293
293
293
293
293
293
293.006
293.201
294.672
298.33
302.553
305.902
308.673
311.612
314.848
318.997
328.087
340.991
348.325
343.422
322.708
315.121
320.427
321.997
306.468
298.264
294.018
290.665
289.171
291.736
300.627
309.796
314.823
293
293
293
293
293
293
293
293
293
293
293
293
293
293
293
293
293
293
293
293
293
293
293
293
293
293
293
293
293
293
293
293
293
293
293
293
293
293
293
293
293
293
293
293
293
293
293
293
293
293
293
293
293
293
293
293
293
293
293
293
293
293
293
293
293
293
293
293
293
293
293
293.005
293.17
294.512
298.021
302.204
305.538
308.239
311.057
314.204
318.182
326.645
338.55
345.751
342.775
322.531
312.799
316.049
314.823
306.351
303.182
300.212
296.77
295.647
299.616
308.524
314.866
317.702
293
293
293
293
293
293
293
293
293
293
293
293
293
293
293
293
293
293
293
293
293
293
293
293
293
293
293
293
293
293
293
293
293
293
293
293
293
293
293
293
293
293
293
293
293
293
293
293
293
293
293
293
293
293
293
293
293
293
293
293
293
293
293
293
293
293
293
293
293
293
293
293.004
293.141
294.346
297.689
301.822
305.143
307.771
310.462
313.482
317.13
324.52
335.383
343.082
342.35
322.499
309.474
309.819
311.117
309.602
310.203
308.154
304.143
303.481
306.904
313.997
318.176
319.632
293
293
293
293
293
293
293
293
293
293
293
293
293
293
293
293
293
293
293
293
293
293
293
293
293
293
293
293
293
293
293
293
293
293
293
293
293
293
293
293
293
293
293
293
293
293
293
293
293
293
293
293
293
293
293
293
293
293
293
293
293
293
293
293
293
293
293
293
293
293
293
293.003
293.114
294.179
297.335
301.409
304.718
307.274
309.822
312.683
315.944
322.03
331.491
340.159
341.318
322.217
305.242
304.45
310.091
313.797
315.667
314.799
311.726
310.754
314.816
319.116
321.708
322.338
293
293
293
293
293
293
293
293
293
293
293
293
293
293
293
293
293
293
293
293
293
293
293
293
293
293
293
293
293
293
293
293
293
293
293
293
293
293
293
293
293
293
293
293
293
293
293
293
293
293
293
293
293
293
293
293
293
293
293
293
293
293
293
293
293
293
293
293
293
293
293
293.002
293.09
294.013
296.965
300.968
304.27
306.753
309.142
311.82
314.716
319.487
327.093
336.243
339.263
322.065
301.034
300.955
308.796
315.845
320.523
321.458
320.374
319.518
321.298
323.49
324.826
325.338
293
293
293
293
293
293
293
293
293
293
293
293
293
293
293
293
293
293
293
293
293
293
293
293
293
293
293
293
293
293
293
293
293
293
293
293
293
293
293
293
293
293
293
293
293
293
293
293
293
293
293
293
293
293
293
293
293
293
293
293
293
293
293
293
293
293
293
293
293
293
293
293.001
293.068
293.853
296.583
300.5
303.799
306.215
308.431
310.903
313.501
317.133
322.478
330.595
335.178
321.97
298.68
299.045
307.184
316.302
322.523
325.023
325.911
326.076
326.659
327.655
328.565
328.982
293
293
293
293
293
293
293
293
293
293
293
293
293
293
293
293
293
293
293
293
293
293
293
293
293
293
293
293
293
293
293
293
293
293
293
293
293
293
293
293
293
293
293
293
293
293
293
293
293
293
293
293
293
293
293
293
293
293
293
293
293
293
293
293
293
293
293
293
293
293
293
293.001
293.05
293.702
296.193
300.008
303.309
305.666
307.702
309.95
312.321
315.106
318.364
323.803
327.879
319.573
298.401
298.534
306.006
314.57
320.622
325.25
327.488
328.328
328.723
329.118
329.602
330.05
293
293
293
293
293
293
293
293
293
293
293
293
293
293
293
293
293
293
293
293
293
293
293
293
293
293
293
293
293
293
293
293
293
293
293
293
293
293
293
293
293
293
293
293
293
293
293
293
293
293
293
293
293
293
293
293
293
293
293
293
293
293
293
293
293
293
293
293
293
293
293
293
293.035
293.563
295.802
299.493
302.799
305.11
306.973
308.981
311.167
313.361
315.06
316.987
320.372
315.056
299.831
298.991
304.266
309.899
314.723
319.338
322.818
324.905
326.086
326.707
326.988
327.354
293
293
293
293
293
293
293
293
293
293
293
293
293
293
293
293
293
293
293
293
293
293
293
293
293
293
293
293
293
293
293
293
293
293
293
293
293
293
293
293
293
293
293
293
293
293
293
293
293
293
293
293
293
293
293
293
293
293
293
293
293
293
293
293
293
293
293
293
293
293
293
293
293.024
293.439
295.417
298.958
302.269
304.554
306.262
308.019
309.993
311.761
312.513
311.617
311.44
307.513
297.924
295.941
299.637
303.321
306.389
309.96
313.376
315.85
317.479
318.361
318.796
319.297
293
293
293
293
293
293
293
293
293
293
293
293
293
293
293
293
293
293
293
293
293
293
293
293
293
293
293
293
293
293
293
293
293
293
293
293
293
293
293
293
293
293
293
293
293
293
293
293
293
293
293
293
293
293
293
293
293
293
293
293
293
293
293
293
293
293
293
293
293
293
293
293
293.015
293.332
295.043
298.407
301.718
303.998
305.582
307.087
308.77
310.15
310.456
308.272
304.332
299.404
293.609
290.343
292.904
296.942
298.753
301
303.136
304.944
306.363
307.156
307.455
307.725
293
293
293
293
293
293
293
293
293
293
293
293
293
293
293
293
293
293
293
293
293
293
293
293
293
293
293
293
293
293
293
293
293
293
293
293
293
293
293
293
293
293
293
293
293
293
293
293
293
293
293
293
293
293
293
293
293
293
293
293
293
293
293
293
293
293
293
293
293
293
293
293
293
293
293.009
293.241
294.69
297.845
301.148
303.442
304.935
306.206
307.562
308.629
308.742
306.272
300.549
294.241
288.252
286.08
287.361
291.491
294.015
295.684
296.827
297.755
298.659
299.209
299.458
300.068
394.585
397.69
399.525
401.269
402.967
404.694
406.399
408.127
409.835
411.558
413.258
414.965
416.644
418.319
419.957
421.574
423.127
424.593
425.867
426.806
427.283
427.41
427.424
427.425
427.423
427.421
427.421
427.421
427.422
427.423
427.425
427.426
427.428
427.429
427.431
427.433
427.434
427.436
427.437
427.438
427.438
427.439
427.44
427.441
427.442
427.443
427.445
427.446
427.447
427.448
427.449
427.45
427.45
427.45
427.45
427.45
427.451
427.452
427.453
427.454
427.455
427.456
427.457
427.458
427.459
427.461
427.463
427.466
427.469
427.472
427.474
427.477
427.478
427.479
427.48
427.48
427.48
427.48
427.48
427.48
427.48
427.48
427.48
427.48
427.479
427.479
427.479
427.479
427.479
427.479
427.48
427.482
427.483
427.484
427.485
427.484
427.484
427.482
427.48
427.478
427.476
427.474
427.473
427.471
427.47
427.47
427.469
427.469
427.467
427.466
427.465
427.464
427.463
427.463
427.462
427.462
427.461
427.46
427.457
427.454
427.45
427.447
427.443
427.439
427.437
427.436
427.435
427.434
427.433
427.432
427.43
427.427
427.424
427.42
427.415
427.41
427.405
427.401
427.396
427.392
427.388
427.383
427.379
427.374
427.369
427.361
427.352
427.339
427.32
427.295
427.268
427.24
427.215
427.193
427.177
427.165
427.159
427.157
427.156
427.161
427.175
427.206
427.251
427.305
427.361
427.411
427.454
427.49
427.519
427.543
427.561
427.575
427.587
427.596
427.601
427.603
427.602
427.601
427.6
427.599
427.599
427.6
427.603
427.604
427.603
427.601
427.597
427.592
427.585
427.581
427.58
427.58
427.585
427.593
427.603
427.611
427.617
427.619
427.618
427.611
427.605
427.599
427.593
427.59
427.591
427.594
427.593
427.59
427.586
427.581
427.571
427.564
427.564
427.571
427.581
427.602
427.63
427.651
427.66
427.661
427.655
427.632
427.6
427.564
427.522
427.486
427.468
427.46
427.456
427.453
427.459
394.602
397.679
399.523
401.27
402.968
404.695
406.4
408.128
409.835
411.558
413.257
414.965
416.643
418.32
419.957
421.575
423.127
424.593
425.867
426.806
427.283
427.41
427.424
427.425
427.423
427.421
427.421
427.421
427.422
427.423
427.425
427.426
427.428
427.429
427.431
427.433
427.434
427.436
427.437
427.438
427.438
427.439
427.44
427.441
427.442
427.443
427.445
427.446
427.447
427.448
427.449
427.45
427.45
427.45
427.45
427.451
427.451
427.452
427.453
427.454
427.455
427.456
427.457
427.458
427.459
427.461
427.463
427.466
427.469
427.472
427.474
427.477
427.478
427.479
427.48
427.48
427.48
427.48
427.48
427.48
427.48
427.48
427.48
427.48
427.479
427.479
427.479
427.479
427.479
427.479
427.48
427.482
427.483
427.484
427.485
427.484
427.484
427.482
427.48
427.478
427.476
427.474
427.473
427.471
427.47
427.47
427.469
427.469
427.467
427.466
427.465
427.464
427.463
427.463
427.462
427.462
427.461
427.46
427.457
427.454
427.45
427.447
427.443
427.439
427.437
427.436
427.435
427.434
427.433
427.432
427.43
427.427
427.424
427.42
427.415
427.41
427.405
427.401
427.396
427.392
427.388
427.383
427.379
427.374
427.369
427.361
427.352
427.339
427.32
427.296
427.268
427.24
427.215
427.193
427.177
427.165
427.159
427.157
427.156
427.161
427.174
427.206
427.251
427.305
427.36
427.411
427.454
427.49
427.519
427.542
427.561
427.575
427.587
427.596
427.601
427.603
427.602
427.601
427.6
427.599
427.599
427.6
427.603
427.604
427.604
427.601
427.597
427.592
427.585
427.581
427.58
427.58
427.585
427.593
427.603
427.611
427.617
427.619
427.618
427.611
427.605
427.599
427.593
427.59
427.591
427.594
427.593
427.59
427.586
427.581
427.571
427.564
427.564
427.571
427.581
427.602
427.63
427.651
427.66
427.661
427.655
427.632
427.6
427.564
427.522
427.486
427.468
427.46
427.455
427.453
427.459
394.628
397.666
399.516
401.269
402.968
404.697
406.401
408.13
409.836
411.559
413.257
414.964
416.641
418.319
419.956
421.576
423.127
424.594
425.867
426.806
427.283
427.41
427.424
427.425
427.423
427.421
427.421
427.421
427.422
427.423
427.425
427.426
427.428
427.429
427.431
427.433
427.434
427.436
427.437
427.438
427.438
427.439
427.44
427.441
427.442
427.443
427.445
427.446
427.447
427.448
427.449
427.45
427.45
427.45
427.45
427.451
427.451
427.452
427.453
427.454
427.455
427.456
427.457
427.458
427.459
427.461
427.463
427.466
427.469
427.472
427.474
427.477
427.478
427.479
427.48
427.48
427.48
427.48
427.48
427.48
427.48
427.48
427.48
427.48
427.479
427.479
427.479
427.479
427.479
427.479
427.48
427.482
427.483
427.484
427.485
427.484
427.484
427.482
427.48
427.478
427.476
427.474
427.473
427.471
427.47
427.47
427.469
427.469
427.467
427.466
427.465
427.464
427.463
427.463
427.462
427.462
427.461
427.46
427.457
427.454
427.45
427.447
427.443
427.439
427.437
427.436
427.435
427.434
427.433
427.432
427.43
427.427
427.424
427.42
427.415
427.41
427.405
427.401
427.396
427.392
427.387
427.383
427.379
427.374
427.369
427.361
427.352
427.339
427.32
427.296
427.268
427.24
427.215
427.193
427.177
427.165
427.159
427.156
427.156
427.161
427.174
427.206
427.251
427.305
427.36
427.41
427.454
427.49
427.519
427.542
427.56
427.575
427.587
427.596
427.601
427.602
427.602
427.601
427.6
427.599
427.599
427.6
427.603
427.604
427.604
427.601
427.597
427.592
427.585
427.581
427.58
427.58
427.585
427.593
427.603
427.611
427.617
427.619
427.618
427.611
427.605
427.599
427.593
427.59
427.591
427.594
427.593
427.59
427.586
427.581
427.571
427.564
427.564
427.571
427.581
427.602
427.63
427.651
427.66
427.661
427.655
427.632
427.6
427.564
427.522
427.486
427.468
427.46
427.455
427.453
427.459
394.653
397.653
399.508
401.268
402.968
404.699
406.403
408.132
409.838
411.56
413.256
414.963
416.64
418.318
419.956
421.576
423.128
424.595
425.867
426.806
427.283
427.41
427.424
427.425
427.423
427.421
427.421
427.421
427.422
427.423
427.425
427.426
427.428
427.429
427.431
427.433
427.434
427.436
427.437
427.438
427.438
427.439
427.44
427.441
427.442
427.443
427.445
427.446
427.447
427.448
427.449
427.45
427.45
427.45
427.45
427.451
427.451
427.452
427.453
427.454
427.455
427.456
427.457
427.458
427.459
427.461
427.463
427.466
427.469
427.472
427.474
427.477
427.478
427.479
427.48
427.48
427.48
427.48
427.48
427.48
427.48
427.48
427.48
427.48
427.479
427.479
427.479
427.479
427.479
427.479
427.48
427.482
427.483
427.484
427.485
427.484
427.484
427.482
427.48
427.478
427.476
427.474
427.473
427.471
427.47
427.47
427.469
427.469
427.467
427.466
427.465
427.464
427.463
427.463
427.462
427.462
427.461
427.46
427.457
427.454
427.45
427.447
427.443
427.439
427.437
427.436
427.435
427.434
427.433
427.432
427.43
427.427
427.424
427.42
427.415
427.41
427.405
427.401
427.396
427.392
427.387
427.383
427.379
427.374
427.369
427.361
427.352
427.34
427.321
427.296
427.269
427.241
427.215
427.193
427.176
427.165
427.158
427.156
427.156
427.16
427.173
427.205
427.25
427.304
427.36
427.41
427.453
427.49
427.519
427.542
427.56
427.575
427.587
427.596
427.601
427.602
427.602
427.601
427.6
427.599
427.599
427.6
427.603
427.604
427.604
427.601
427.597
427.592
427.585
427.581
427.58
427.58
427.585
427.593
427.603
427.611
427.617
427.619
427.618
427.611
427.605
427.599
427.593
427.59
427.592
427.594
427.593
427.59
427.586
427.581
427.57
427.564
427.564
427.571
427.581
427.602
427.63
427.651
427.66
427.662
427.655
427.632
427.6
427.563
427.522
427.486
427.468
427.46
427.455
427.452
427.458
394.675
397.639
399.5
401.266
402.969
404.701
406.405
408.135
409.839
411.561
413.256
414.962
416.638
418.317
419.955
421.577
423.128
424.596
425.867
426.806
427.283
427.41
427.424
427.425
427.423
427.421
427.421
427.421
427.422
427.423
427.425
427.426
427.428
427.429
427.431
427.433
427.434
427.436
427.437
427.438
427.438
427.439
427.44
427.441
427.442
427.443
427.445
427.446
427.447
427.448
427.449
427.45
427.45
427.45
427.45
427.451
427.451
427.452
427.453
427.454
427.455
427.456
427.457
427.458
427.459
427.461
427.463
427.466
427.469
427.472
427.474
427.477
427.478
427.479
427.48
427.48
427.48
427.48
427.48
427.48
427.48
427.48
427.48
427.48
427.479
427.479
427.479
427.479
427.479
427.479
427.48
427.482
427.483
427.484
427.485
427.484
427.484
427.482
427.48
427.478
427.476
427.474
427.473
427.471
427.47
427.47
427.469
427.469
427.467
427.466
427.465
427.464
427.463
427.463
427.462
427.462
427.461
427.459
427.457
427.454
427.45
427.447
427.443
427.439
427.437
427.436
427.435
427.434
427.433
427.431
427.43
427.427
427.424
427.42
427.415
427.41
427.405
427.4
427.396
427.392
427.387
427.383
427.378
427.374
427.368
427.361
427.353
427.34
427.321
427.297
427.269
427.241
427.215
427.193
427.176
427.164
427.157
427.155
427.155
427.159
427.173
427.204
427.249
427.303
427.359
427.409
427.453
427.489
427.519
427.542
427.56
427.575
427.587
427.596
427.601
427.602
427.602
427.601
427.6
427.599
427.6
427.6
427.603
427.604
427.604
427.601
427.597
427.592
427.585
427.581
427.58
427.58
427.585
427.593
427.603
427.611
427.617
427.619
427.618
427.611
427.605
427.599
427.593
427.59
427.592
427.594
427.593
427.59
427.586
427.581
427.57
427.564
427.564
427.571
427.581
427.602
427.63
427.651
427.66
427.662
427.655
427.632
427.6
427.563
427.522
427.486
427.467
427.46
427.455
427.452
427.458
394.694
397.627
399.491
401.264
402.969
404.703
406.407
408.138
409.841
411.562
413.256
414.961
416.636
418.315
419.954
421.577
423.129
424.596
425.867
426.806
427.283
427.41
427.424
427.425
427.423
427.421
427.421
427.421
427.422
427.423
427.425
427.426
427.428
427.429
427.431
427.433
427.434
427.436
427.437
427.438
427.438
427.439
427.44
427.441
427.442
427.443
427.445
427.446
427.447
427.448
427.449
427.45
427.45
427.45
427.45
427.45
427.451
427.452
427.453
427.454
427.455
427.456
427.457
427.458
427.459
427.461
427.463
427.466
427.469
427.472
427.474
427.477
427.478
427.479
427.48
427.48
427.48
427.48
427.48
427.48
427.48
427.48
427.48
427.48
427.479
427.479
427.479
427.479
427.479
427.479
427.48
427.482
427.483
427.484
427.485
427.484
427.484
427.482
427.48
427.478
427.476
427.474
427.473
427.471
427.47
427.47
427.469
427.469
427.467
427.466
427.465
427.464
427.463
427.463
427.462
427.462
427.461
427.459
427.457
427.454
427.451
427.447
427.443
427.439
427.437
427.436
427.435
427.434
427.433
427.431
427.43
427.427
427.424
427.42
427.416
427.41
427.405
427.4
427.396
427.391
427.386
427.382
427.378
427.373
427.368
427.361
427.353
427.341
427.322
427.297
427.27
427.241
427.215
427.192
427.175
427.163
427.156
427.154
427.154
427.158
427.171
427.203
427.248
427.303
427.358
427.409
427.453
427.489
427.518
427.542
427.56
427.575
427.587
427.596
427.6
427.601
427.601
427.601
427.6
427.599
427.6
427.6
427.602
427.604
427.604
427.601
427.597
427.592
427.585
427.581
427.58
427.58
427.585
427.593
427.603
427.611
427.617
427.619
427.618
427.611
427.605
427.599
427.593
427.59
427.592
427.594
427.593
427.59
427.586
427.58
427.57
427.564
427.564
427.571
427.581
427.602
427.63
427.652
427.661
427.662
427.655
427.632
427.6
427.563
427.522
427.485
427.467
427.459
427.454
427.452
427.458
394.707
397.617
399.484
401.263
402.969
404.705
406.409
408.141
409.843
411.564
413.257
414.96
416.635
418.314
419.953
421.577
423.13
424.597
425.867
426.806
427.283
427.41
427.424
427.425
427.423
427.421
427.421
427.421
427.422
427.423
427.425
427.426
427.428
427.429
427.431
427.433
427.434
427.436
427.437
427.438
427.438
427.439
427.44
427.441
427.442
427.443
427.445
427.446
427.447
427.448
427.449
427.45
427.45
427.45
427.45
427.45
427.451
427.452
427.453
427.454
427.455
427.456
427.457
427.458
427.459
427.461
427.463
427.466
427.469
427.472
427.474
427.477
427.478
427.479
427.48
427.48
427.48
427.48
427.48
427.48
427.48
427.48
427.48
427.48
427.479
427.479
427.479
427.479
427.479
427.479
427.48
427.482
427.483
427.484
427.485
427.484
427.484
427.482
427.48
427.478
427.476
427.474
427.473
427.471
427.47
427.47
427.469
427.469
427.467
427.466
427.465
427.464
427.463
427.463
427.462
427.462
427.461
427.459
427.457
427.454
427.451
427.447
427.443
427.439
427.437
427.436
427.435
427.434
427.433
427.431
427.43
427.427
427.424
427.42
427.416
427.41
427.405
427.4
427.396
427.391
427.386
427.381
427.377
427.373
427.368
427.361
427.353
427.341
427.323
427.298
427.27
427.241
427.215
427.192
427.174
427.162
427.155
427.153
427.152
427.157
427.17
427.201
427.247
427.302
427.358
427.409
427.453
427.489
427.518
427.541
427.56
427.575
427.587
427.595
427.6
427.601
427.601
427.6
427.599
427.599
427.6
427.6
427.602
427.604
427.604
427.601
427.597
427.592
427.585
427.581
427.58
427.58
427.585
427.593
427.603
427.611
427.617
427.619
427.618
427.611
427.605
427.599
427.593
427.59
427.592
427.594
427.593
427.59
427.586
427.58
427.57
427.564
427.564
427.571
427.581
427.602
427.63
427.652
427.661
427.662
427.655
427.632
427.6
427.563
427.522
427.485
427.467
427.459
427.454
427.452
427.458
394.715
397.609
399.478
401.262
402.969
404.706
406.41
408.142
409.844
411.564
413.257
414.96
416.634
418.314
419.953
421.577
423.13
424.597
425.867
426.806
427.283
427.41
427.424
427.425
427.423
427.421
427.421
427.421
427.422
427.423
427.425
427.426
427.428
427.429
427.431
427.433
427.434
427.436
427.437
427.438
427.438
427.439
427.44
427.441
427.442
427.443
427.445
427.446
427.447
427.448
427.449
427.45
427.45
427.45
427.45
427.45
427.451
427.452
427.453
427.454
427.455
427.456
427.457
427.458
427.459
427.461
427.463
427.466
427.469
427.472
427.474
427.477
427.478
427.479
427.48
427.48
427.48
427.48
427.48
427.48
427.48
427.48
427.48
427.48
427.479
427.479
427.479
427.479
427.479
427.479
427.48
427.482
427.483
427.484
427.485
427.484
427.484
427.482
427.48
427.478
427.476
427.474
427.473
427.471
427.47
427.47
427.469
427.469
427.467
427.466
427.465
427.464
427.463
427.463
427.462
427.461
427.461
427.459
427.457
427.454
427.451
427.447
427.443
427.439
427.437
427.436
427.435
427.434
427.433
427.431
427.43
427.427
427.424
427.42
427.416
427.41
427.405
427.4
427.395
427.39
427.386
427.381
427.377
427.372
427.367
427.361
427.353
427.342
427.323
427.299
427.271
427.242
427.215
427.192
427.174
427.161
427.154
427.152
427.151
427.156
427.169
427.2
427.246
427.302
427.358
427.409
427.453
427.489
427.518
427.541
427.56
427.575
427.586
427.595
427.6
427.601
427.601
427.6
427.599
427.599
427.6
427.6
427.602
427.604
427.604
427.601
427.597
427.592
427.585
427.581
427.58
427.58
427.585
427.593
427.603
427.611
427.617
427.619
427.618
427.611
427.605
427.599
427.593
427.59
427.592
427.594
427.593
427.59
427.586
427.58
427.57
427.564
427.564
427.571
427.581
427.602
427.63
427.652
427.661
427.662
427.655
427.632
427.599
427.563
427.522
427.485
427.467
427.459
427.454
427.451
427.457
394.72
397.606
399.474
401.261
402.968
404.707
406.41
408.144
409.844
411.565
413.258
414.96
416.634
418.313
419.952
421.577
423.13
424.598
425.867
426.806
427.283
427.41
427.424
427.425
427.423
427.421
427.421
427.421
427.422
427.423
427.425
427.426
427.428
427.429
427.431
427.433
427.434
427.436
427.437
427.438
427.438
427.439
427.44
427.441
427.442
427.443
427.445
427.446
427.447
427.448
427.449
427.45
427.45
427.45
427.45
427.45
427.451
427.452
427.453
427.454
427.455
427.456
427.457
427.458
427.459
427.461
427.463
427.466
427.469
427.472
427.474
427.477
427.478
427.479
427.48
427.48
427.48
427.48
427.48
427.48
427.48
427.48
427.48
427.48
427.479
427.479
427.479
427.479
427.479
427.479
427.48
427.482
427.483
427.484
427.485
427.484
427.484
427.482
427.48
427.478
427.476
427.474
427.473
427.471
427.47
427.47
427.469
427.469
427.467
427.466
427.465
427.464
427.463
427.463
427.462
427.461
427.461
427.459
427.457
427.454
427.451
427.447
427.443
427.439
427.437
427.436
427.435
427.434
427.433
427.431
427.43
427.427
427.424
427.42
427.416
427.41
427.405
427.4
427.395
427.39
427.385
427.381
427.376
427.372
427.367
427.361
427.353
427.342
427.324
427.299
427.271
427.242
427.215
427.192
427.174
427.161
427.154
427.151
427.151
427.155
427.168
427.2
427.245
427.301
427.357
427.409
427.452
427.488
427.518
427.541
427.56
427.575
427.586
427.595
427.6
427.601
427.602
427.601
427.6
427.6
427.6
427.601
427.602
427.604
427.604
427.601
427.597
427.592
427.585
427.581
427.58
427.58
427.585
427.593
427.603
427.611
427.617
427.619
427.618
427.611
427.605
427.599
427.593
427.59
427.592
427.594
427.593
427.59
427.586
427.58
427.57
427.564
427.564
427.571
427.582
427.602
427.63
427.652
427.661
427.662
427.655
427.632
427.599
427.563
427.522
427.485
427.467
427.459
427.454
427.451
427.457
295.533
295.615
295.537
295.084
294.472
293.821
292.765
291.215
288.409
285.752
285.333
288.019
293.52
299.242
304.598
306.782
306.838
306.133
305.178
304.16
302.736
300.392
297.122
294.284
293.155
293.005
293
293
293
293
293
293
293
293
293
293
293
293
293
293
293
293
293
293
293
293
293
293
293
293
293
293
293
293
293
293
293
293
293
293
293
293
293
293
293
293
293
293
293
293
293
293
293
293
293
293
293
293
293
293
293
293
293
293
293
293
293
293
293
293
293
293
293
293
293
293
293
293
293
293
294.018
293.998
293.596
293.076
292.401
291.307
289.987
287.768
286.245
286.585
289.56
294.249
299.024
303.044
304.83
305.033
304.649
304.065
303.25
301.84
299.405
296.23
293.848
293.08
293.002
293
293
293
293
293
293
293
293
293
293
293
293
293
293
293
293
293
293
293
293
293
293
293
293
293
293
293
293
293
293
293
293
293
293
293
293
293
293
293
293
293
293
293
293
293
293
293
293
293
293
293
293
293
293
293
293
293
293
293
293
293
293
293
293
293
293
293
293
293
293
293
293
293
293
293
289.151
291.694
295.187
298.776
301.628
303.161
303.533
303.401
303.067
302.351
300.875
298.333
295.352
293.496
293.034
293.001
293
293
293
293
293
293
293
293
293
293
293
293
293
293
293
293
293
293
293
293
293
293
293
293
293
293
293
293
293
293
293
293
293
293
293
293
293
293
293
293
293
293
293
293
293
293
293
293
293
293
293
293
293
293
293
293
293
293
293
293
293
293
293
293
293
293
293
293
293
293
293
293
293
293
293
293
293
293
293
293
293
293
293
293
293
293
293
293
293
293
293
293
293
293
293
293
293
293
293
293
293
293
293
293
293
293
293
293
293
293
293
293
293
293
293
293
293
293
293
293
293
293
293
293
293
293
293
293
293
293
293
293
293
293
293
293
293
293
293
293
293
293
293
293
293
293
293
293
293
293
293
293
293
293
293
293
293
293
293
293
293
293
293
293
293
293
293
293
293
293
293
293
293
293
293
293
293
293
293
293
293
293
293
293
293
293
293
293
293
293
293
293
293
293
293
293
293
293
293
293
293
293
293
293
293
293
293
293
293
293
293
293
293
293
293
293
293
293
293
293
293
293
293
293
293
293
293
293
293
293
293
293
293
293
293
293
293
293
293
293
293
293
293
293
293
293
293
293
293
293
293
293
293
293
293
293
293
293
293
293
293
293
293
293
293
293
293
293
293
293
293
293
293
293
293
293
293
293
293
293
293
293
293
293
293
293
293
293
293
293
293
293
293
293
293
293
293
293
293
293
293
293
293
293
293
293
293
293
293
293
293
293
293
293
293
293
293
293
293
293
293
293
293
293
293
293
293
293
293
293
293
293
293
293
293
293
293
293
293
293
293
293
293
293
293
293
293
293
293
293
293
293
293
293
293
293
293
293
293
293
293
293
293
293
293
293
293
293
293
293
293
293
293
293
293
293
293
293
293
293
293
293
293
293
293
293
293
293
293
293
293
293
293
293
293
293
293
293
293
293
293
293
293
293
293
293
293
293
293
293
293
293
293
293
293
293
293
293
293
293
293
293
293
293
293
293
293
293
293
293
293
293
293
293
293
293
293
293
293
293
293
293
293
293
293
293
293
293
293
293
293
293
293
293
293
293
293
293
293
293
293
293
293
293
293
293
293
293
293
293
293
293
293
293
293
293
293
293
293
293
293
293
293
293
293
293
293
293
293
293
293
293
293
293
293
293
293
293
293
293
293
293
293
293
293
293
293
293
293
293
293
293
293
293
293
293
293
293
293
293
293
293
293
293
293
293
293
293
293
293
293
293
293
293
293
293
293
293
293
293
293
293
293
293
293
293
293
293
293
293
293
293
293
293
293
293
293
293
293
293
293
293
293
293
293
293
293
293
293
293
293
293
293
293
293
293
293
293
293
293
293
293
293
293
293
293
293
293
293
293
293
293
293
293
293
293
293
293
293
293
293
293
293
293
293
293
293
293
293
293
293
293
293
293
293
293
293
293
293
293
293
293
293
293
293
293
293
293
293
293
293
293
293
293
293
293
293
293
293
293
293
293
293
293
293
293
293
293
293
293
293
293
293
293
293
293
293
293
293
293
293
293
293
293
293
293
293
293
293
293
293
293
293
293
293
293
293
293
293
293
293
293
293
293
293
293
293
293
293
293
293
293
293
293
293
293
293
293
293
293
293
293
293
293
293
293
293
293
293
293
293
293
293
293
293
293
293
293
293
293
293
293
293
293
293
293
293
293
293
293
293
293
293
293
293
293
293
293
293
293
293
293
293
293
293
293
293
293
293
293
293
293
293
293
293
293
293
293
293
293
293
293
293
293
293
293
293
293
293
293
293
293
293
293
293
293
293
293
293
293
293
293
293
293
293
293
293
293
293
293
293
293
293
293
293
293
293
293
293
293
293
293
293
293
293
293
293
293
293
293
293
293
293
293
293
293
293
293
293
293
293
293
293
293
293
293
293
293
293
293
293
293
293
293
293
293
293
293
293
293
293
293
293
293
293
293
293
293
293
293
293
293
293
293
293
293
293
293
293
293
293
293
293
293
293
293
293
293
293
293
293
293
293
293
293
293
293
293
293
293
293
293
293
293
293
293
293
293
293
293
293
293
293
293
293
293
293
293
293
293
293
293
293
293
293
293
293
293
293
293
293
293
293
293
293
293
293
293
293
293
293
293
293
293
293
293
293
293
293
293
293
293
293
293
293
293
293
293
293
293
293
293
293
293
293
293
293
293
293
293
293
293
293
293
293
293
293
293
293
293
293
293
293
293
293
293
293
293
293
293
293
293
293
293
293
293
293
293
293
293
293
293
293
293
293
293
293
293
293
293
293
293
293
293
293
293
293
293
293
293
293
293
293
293
293
293
293
293
293
293
293
293
293
293
293
293
293
293
293
293
293
293
293
293
293
293
293
293
293
293
293
293
293
293
293
293
293
293
293
293
293
293
293
293
293
293
293
293
293
293
293
293
293
293
293
293
293
293
293
293
293
293
293
293
293
293
293
293
293
293
293
293
293
293
293
293
293
293
293
293
293
293
293
293
293
293
293
293
293
293
293
293
293
293
293
293
293
293
293
293
293
293
293
293
293
293
293
293
293
293
293
293
293
293
293
293
293
293
293
293
293
293
293
293
293
293
293
293
293
293
293
293
293
293
293
293
293
293
293
293
293
293
293
293
293
293
293
293
293
293
293
293
293
293
293
293
293
293
293
293
293
293
293
293
293
293
293
293
293
293
293
293
293
293
293
293
293
293
293
293
293
293
293
293
293
293
293
293
293
293
293
293
293
293
293
293
293
293
293
293
293
293
293
293
293
293
293
293
293
293
293
293
293
293
293
293
293
293
293
293
293
293
293
293
293
293
293
293
293
293
293
293
293
293
293
293
293
293
293
293
293
293
293
293
293
293
293
293
293
293
293
293
293
293
293
293
293
293
293
293
293
293
293
293
293
293
293
293
293
293
293
293
293
293
293
293
293
293
293
293
293
293
293
293
293
293
293
293
293
293
293
293
293
293
293
293
293
293
293
293
293
293
293
293
293
293
293
293
293
293
293
293
293
293
293
293
293
293
293
293
293
293
293
293
293
293
293
293
293
293
293
293
293
293
293
293
293
293
293
293
293
293
293
293
293
293
293
293
293
293
293
293
293
293
293
293
293
293
293
293
293
293
293
293
293
293
293
293
293
293
293
293
293
293
293
293
293
293
293
293
293
293
293
293
293
293
293
293
293
293
293
293
293
293
293
293
293
293
293
293
293
293
293
293
293
293
293
293
293
293
293
293
293
293
293
293
293
293
293
293
293
293
293
293
293
293
293
293
293
293
293
293
293
293
293
293
293
293
293
293
293
293
293
293
293
293
293
293
293
293
293
293
293
293
293
293
293
293
293
293
293
293
293
293
293
293
293
293
293
293
293
293
293
293
293
293
293
293
293
293
293
293
293
293
293
293
293
293
293
293
293
293
293
293
293
293
293
293
293
293
293
293
293
293
293
293
293
293
293
293
293
293
293
293
293
293
293
293
293
293
293
293
293
293
293
293
293
293
293
293
293
293
293
293
293
293
293
293
293
293
293
293
293
293
293
293
293
293
293
293
293
293
293
293
293
293
293
293
293
293
293
293
293
293
293
293
293
293
293
293
293
293
293
293
293
293
293
293
293
293
293
293
293
293
293
293
293
293
293
293
293
293
293
293
293
293
293
293
293
293
293
293
293
293
293
293
293
293
293
293
293
293
293
293
293
293
293
293
293
293
293
293
293
293
293
293
293
293
293
293
293
293
293
293
293
293
293
293
293
293
293
293
293
293
293
293
293
293
293
293
293
293
293
293
293
293
293
293
293
293
293
293
293
293
293
293
293
293
293
293
293
293
293
293
293
293
293
293
293
293
293
293
293
293
293
293
293
293
293
293
293
293
293
293
293
293
293
293
293
293
293
293
293
293
293
293
293
293
293
293
293
293
293
293
293
293
293
293
293
293
293
293
293
293
293
293
293
293
293
293
293
293
293
293
293
293
293
293
293
293
293
293
293
293
293
293
293
293
293
293
293
293
293
293
293
293
293
293
293
293
293
293
293
293
293
293
293
293
293
293
293
293
293
293
293
293
293
293
293
293
293
293
293
293
293
293
293
293
293
293
293
293
293
293
293
293
293
293
293
293
293
293
293
293
293
293
293
293
293
293
293
293
293
293
293
293
293
293
293
293
293
293
293
293
293
293
293
293
293
293
293
293
293
293
293
293
293
293
293
293
293
293
293
293
293
293
293
293
293
293
293
293
293
293
293
293
293
293
293
293
293
293
293
293
293
293
293
293
293
293
293
293
293
293
293
293
293
293
293
293
293
293
293
293
293
293
293
293
293
293
293
293
293
293
293
293
293
293
293
293
293
293
293
293
293
293
293
293
293
293
293
293
293
293
293
293
293
293
293
293
293
293
293
293
293
293
293
293
293
293
293
293
293
293
293
293
293
293
293
293
293
293
293
293
293
293
293
293
293
293
293
293
293
293
293
293
293
293
293
293
293
293
293
293
293
293
293
293
293
293
293
293
293
293
293
293
293
293
293
293
293
293
293
293
293
293
293
293
293
293
293
293
293
293
293
293
293
293
293
293
293
293
293
293
293
293
293
293
293
293
293
293
293
293
293
293
293
293
293
293
293
293
293
293
293
293
293
293
293
293
293
293
293
293
293
293
293
293
293
293
293
293
293
293
293
293
293
293
293
293
293
293
293
293
293
293
293
293
293
293
293
293
293
293
293
293
293
293
293
293
293
293
293
293
293
293
293
293
293
293
293
293
293
293
293
293
293
293
293
293
293
293
293
293
293
293
293
293
293
293
293
293
293
293
293
293
293
293
293
293
293
293
293
293
293
293
293
293
293
293
293
293
293
293
293
293
293
293
293
293
293
293
293
293
293
293
293
293
293
293
293
293
293
293
293
293
293
293
293
293
293
293
293
293
293
293
293
293
293
293
293
293
293
293
293
293
293
293
293
293
293
293
293
293
293
293
293
293
293
293
293
293
293
293
293
293
293
293
293
293
293
293
293
293
293
293
293
293
293
293
293
293
293
293
293
293
293
293
293
293
293
293
293
293
293
293
293
293
293
293
293
293
293
293
293
293
293
293
293
293
293
293
293
293
293
293
293
293
293
293
293
293
293
293
293
293
293
293
293
293
293
293
293
293
293
293
293
293
293
293
293
293
293
293
293
293
293
293
293
293
293
293
293
293
293
293
293
293
293
293
293
293
293
293
293
293
293
293
293
293
293
293
293
293
293
293
293
293
293
293
293
293
293
293
293
293
293
293
293
293
293
293
293
293
293
293
293
293
293
293
293
293
293
293
293
293
293
293
293
293
293
293
293
293
293
293
293
293
293
293
293
293
293
293
293
293
293
293
293
293
293
293
293
293
293
293
293
293
293
293
293
293
293
293
293
293
293
293
293
293
293
293
293
293
293
293
293
293
293
293
293
293
293
293
293
293
293
293
293
293
293
293
293
293
293
293
293
293
293
293
293
293
293
293
293
293
293
293
293
293
293
293
293
293
293
293
293
293
293
293
293
293
293
293
293
293
293
293
293
293
293
293
293
293
293
293
293
293
293
293
293
293
293
293
293
293
293
293
293
293
293
293
293
293
293
293
293
293
293
293
293
293
293
293
293
293
293
293
293
293
293
293
293
293
293
293
293
293
293
293
293
293
293
293
293
293
293
293
293
293
293
293
293
293
293
293
293
293
293
293
293
293
293
293
293
293
293
293
293
293
293
293
293
293
293
293
293
293
293
293
293
293
293
293
293
293
293
293
293
293
293
293
293
293
293
293
293
293
293
293
293
293
293
293
293
293
293
293
293
293
293
293
293
293
293
293
293
293
293
293
293
293
293
293
293
293
293
293
293
293
293
293
293
293
293
293
293
293
293
293
293
293
293
293
293
293
293
293
293
293
293
293
293
293
293
293
293
293
293
293
293
293
293
293
293
293
293
293
293
293
293
293
293
293
293
293
293
293
293
293
293
293
293
293
293
293
293
293
293
293
293
293
293
293
293
293
293
293
293
293
293
293
293
293
293
293
293
293
293
293
293
293
293
293
293
374.417
335.543
290.82
253.721
209.367
185.381
462.892
457.191
469.378
461.639
433.79
407.047
381.639
364.245
346.46
332.135
325.532
320.911
317.533
313.958
310.452
307.331
303.912
299.574
295.388
293.358
293.015
293
293
293
293
293
293
293
293
293
293
293
293
293
293
293
293
293
293
293
293
293
293
293
293
293
293
293
293
293
293
293
293
293
293
293
293
293
293
293
293
293
293
293
293
293
293
293
293
293
293
293
293
293
293
293
293
293
293
293
293
293
293
293
293
293
293
293
293
293
293
293
373.993
334.689
292.892
256.897
215.25
181.376
400.725
463.638
467.15
455.424
431.669
406.474
383.887
366.056
347.291
332.549
325.887
321.204
317.653
314.025
310.486
307.348
303.917
299.569
295.379
293.355
293.014
293
293
293
293
293
293
293
293
293
293
293
293
293
293
293
293
293
293
293
293
293
293
293
293
293
293
293
293
293
293
293
293
293
293
293
293
293
293
293
293
293
293
293
293
293
293
293
293
293
293
293
293
293
293
293
293
293
293
293
293
293
293
293
293
293
293
293
293
293
293
293
372.721
331.536
288.037
250.811
208.502
177.493
290.155
448.046
443.764
435.272
419.78
403.081
385.817
368.703
349.015
333.053
325.755
320.936
317.437
313.887
310.394
307.28
303.857
299.521
295.352
293.349
293.014
293
293
293
293
293
293
293
293
293
293
293
293
293
293
293
293
293
293
293
293
293
293
293
293
293
293
293
293
293
293
293
293
293
293
293
293
293
293
293
293
293
293
293
293
293
293
293
293
293
293
293
293
293
293
293
293
293
293
293
293
293
293
293
293
293
293
293
293
293
293
293
370.607
327.287
283.555
245.642
204.259
176.803
236.826
388.517
408.982
402.804
396.521
391.966
385.806
370.875
352.175
334.433
325.988
320.825
317.308
313.776
310.302
307.208
303.79
299.457
295.313
293.34
293.013
293
293
293
293
293
293
293
293
293
293
293
293
293
293
293
293
293
293
293
293
293
293
293
293
293
293
293
293
293
293
293
293
293
293
293
293
293
293
293
293
293
293
293
293
293
293
293
293
293
293
293
293
293
293
293
293
293
293
293
293
293
293
293
293
293
293
293
293
293
293
293
367.261
321.195
277.465
239.113
198.469
192.679
236.133
333.896
379.362
373.053
368.986
373.61
380.05
371.865
355.621
336.287
326.064
320.533
317.086
313.611
310.177
307.109
303.698
299.372
295.262
293.327
293.013
293
293
293
293
293
293
293
293
293
293
293
293
293
293
293
293
293
293
293
293
293
293
293
293
293
293
293
293
293
293
293
293
293
293
293
293
293
293
293
293
293
293
293
293
293
293
293
293
293
293
293
293
293
293
293
293
293
293
293
293
293
293
293
293
293
293
293
293
293
293
293
362.111
312.79
269.609
232.151
209.581
214.288
245.404
303.087
360.539
354.767
348.524
353.671
367.777
369.951
357.75
338.334
326.353
320.249
316.818
313.41
310.027
306.988
303.585
299.267
295.199
293.313
293.012
293
293
293
293
293
293
293
293
293
293
293
293
293
293
293
293
293
293
293
293
293
293
293
293
293
293
293
293
293
293
293
293
293
293
293
293
293
293
293
293
293
293
293
293
293
293
293
293
293
293
293
293
293
293
293
293
293
293
293
293
293
293
293
293
293
293
293
293
293
293
293
354.442
302.68
261.802
229.793
230.752
240.066
256.537
289.495
347.612
345.152
336.646
339.362
352.017
365.9
357.833
340.289
326.893
320.016
316.518
313.163
309.845
306.843
303.448
299.141
295.125
293.296
293.011
293
293
293
293
293
293
293
293
293
293
293
293
293
293
293
293
293
293
293
293
293
293
293
293
293
293
293
293
293
293
293
293
293
293
293
293
293
293
293
293
293
293
293
293
293
293
293
293
293
293
293
293
293
293
293
293
293
293
293
293
293
293
293
293
293
293
293
293
293
293
293
343.413
293.51
258.899
244.362
250.567
259.568
268.975
285.415
334.27
338.938
330.844
329.698
338.835
359.557
356.635
341.908
327.65
319.864
316.192
312.876
309.634
306.676
303.29
298.995
295.04
293.277
293.01
293
293
293
293
293
293
293
293
293
293
293
293
293
293
293
293
293
293
293
293
293
293
293
293
293
293
293
293
293
293
293
293
293
293
293
293
293
293
293
293
293
293
293
293
293
293
293
293
293
293
293
293
293
293
293
293
293
293
293
293
293
293
293
293
293
293
293
293
293
293
293
329.715
290.67
268.376
261.816
266.141
271.096
277.963
288.147
321.048
336.413
328.05
322.636
330.336
352.555
353.784
342.6
328.297
319.725
315.85
312.554
309.395
306.487
303.111
298.831
294.947
293.257
293.009
293
293
293
293
293
293
293
293
293
293
293
293
293
293
293
293
293
293
293
293
293
293
293
293
293
293
293
293
293
293
293
293
293
293
293
293
293
293
293
293
293
293
293
293
293
293
293
293
293
293
293
293
293
293
293
293
293
293
293
293
293
293
293
293
293
293
293
293
293
293
293
305.205
294.412
285.347
279.345
279.905
281.956
286.359
292.871
310.76
330.524
324.362
317.961
324.738
347.246
352.096
343.237
328.901
319.503
315.405
312.132
309.078
306.232
302.868
298.611
294.824
293.231
293.008
293
293
293
293
293
293
293
293
293
293
293
293
293
293
293
293
293
293
293
293
293
293
293
293
293
293
293
293
293
293
293
293
293
293
293
293
293
293
293
293
293
293
293
293
293
293
293
293
293
293
293
293
293
293
293
293
293
293
293
293
293
293
293
293
293
293
293
293
293
293
293
314.779
309.763
300.612
291.704
289.102
290.616
294.018
298.238
306.496
322.035
320.429
315.126
322.712
343.449
348.326
340.958
328.041
318.964
314.837
311.616
308.679
305.906
302.556
298.331
294.673
293.201
293.006
293
293
293
293
293
293
293
293
293
293
293
293
293
293
293
293
293
293
293
293
293
293
293
293
293
293
293
293
293
293
293
293
293
293
293
293
293
293
293
293
293
293
293
293
293
293
293
293
293
293
293
293
293
293
293
293
293
293
293
293
293
293
293
293
293
293
293
293
293
293
293
317.663
314.814
308.463
299.571
295.561
296.801
300.199
303.263
306.419
314.856
316.102
312.838
322.546
342.793
345.742
338.5
326.576
318.137
314.187
311.06
308.244
305.543
302.207
298.023
294.513
293.171
293.005
293
293
293
293
293
293
293
293
293
293
293
293
293
293
293
293
293
293
293
293
293
293
293
293
293
293
293
293
293
293
293
293
293
293
293
293
293
293
293
293
293
293
293
293
293
293
293
293
293
293
293
293
293
293
293
293
293
293
293
293
293
293
293
293
293
293
293
293
293
293
293
319.585
318.119
313.916
306.791
303.399
304.054
308.088
310.271
309.609
311.12
309.871
309.498
322.515
342.379
343.07
335.312
324.43
317.076
313.462
310.463
307.777
305.148
301.826
297.691
294.347
293.142
293.004
293
293
293
293
293
293
293
293
293
293
293
293
293
293
293
293
293
293
293
293
293
293
293
293
293
293
293
293
293
293
293
293
293
293
293
293
293
293
293
293
293
293
293
293
293
293
293
293
293
293
293
293
293
293
293
293
293
293
293
293
293
293
293
293
293
293
293
293
293
293
293
322.265
321.631
319.018
314.664
310.68
311.691
314.846
315.606
313.737
310.063
304.484
305.284
322.232
341.35
340.144
331.401
321.927
315.885
312.661
309.822
307.28
304.724
301.413
297.338
294.18
293.114
293.003
293
293
293
293
293
293
293
293
293
293
293
293
293
293
293
293
293
293
293
293
293
293
293
293
293
293
293
293
293
293
293
293
293
293
293
293
293
293
293
293
293
293
293
293
293
293
293
293
293
293
293
293
293
293
293
293
293
293
293
293
293
293
293
293
293
293
293
293
293
293
293
325.267
324.746
323.403
321.21
319.447
320.349
321.466
320.516
315.82
308.76
300.826
301.033
322.089
339.299
336.222
326.992
319.379
314.655
311.796
309.142
306.759
304.276
300.973
296.969
294.014
293.09
293.002
293
293
293
293
293
293
293
293
293
293
293
293
293
293
293
293
293
293
293
293
293
293
293
293
293
293
293
293
293
293
293
293
293
293
293
293
293
293
293
293
293
293
293
293
293
293
293
293
293
293
293
293
293
293
293
293
293
293
293
293
293
293
293
293
293
293
293
293
293
293
293
328.932
328.515
327.621
326.622
326.028
325.893
324.992
322.502
316.287
307.144
299.016
298.644
322.023
335.214
330.563
322.372
317.024
313.441
310.88
308.43
306.221
303.806
300.506
296.587
293.854
293.068
293.001
293
293
293
293
293
293
293
293
293
293
293
293
293
293
293
293
293
293
293
293
293
293
293
293
293
293
293
293
293
293
293
293
293
293
293
293
293
293
293
293
293
293
293
293
293
293
293
293
293
293
293
293
293
293
293
293
293
293
293
293
293
293
293
293
293
293
293
293
293
293
293
330.014
329.567
329.095
328.723
328.307
327.464
325.213
320.612
314.572
305.961
298.501
298.334
319.693
327.908
323.761
318.258
315.002
312.264
309.928
307.701
305.672
303.316
300.014
296.197
293.703
293.05
293.001
293
293
293
293
293
293
293
293
293
293
293
293
293
293
293
293
293
293
293
293
293
293
293
293
293
293
293
293
293
293
293
293
293
293
293
293
293
293
293
293
293
293
293
293
293
293
293
293
293
293
293
293
293
293
293
293
293
293
293
293
293
293
293
293
293
293
293
293
293
293
293
327.36
326.998
326.731
326.12
324.915
322.809
319.308
314.708
309.902
304.241
298.931
299.818
315.236
320.407
316.936
314.959
313.264
311.114
308.961
306.972
305.116
302.806
299.5
295.807
293.565
293.036
293
293
293
293
293
293
293
293
293
293
293
293
293
293
293
293
293
293
293
293
293
293
293
293
293
293
293
293
293
293
293
293
293
293
293
293
293
293
293
293
293
293
293
293
293
293
293
293
293
293
293
293
293
293
293
293
293
293
293
293
293
293
293
293
293
293
293
293
293
293
293
293
319.222
318.723
318.292
317.421
315.783
313.298
309.916
306.382
303.336
299.693
295.85
297.982
307.688
311.459
311.552
312.414
311.675
309.945
308.001
306.263
304.561
302.277
298.965
295.421
293.441
293.024
293
293
293
293
293
293
293
293
293
293
293
293
293
293
293
293
293
293
293
293
293
293
293
293
293
293
293
293
293
293
293
293
293
293
293
293
293
293
293
293
293
293
293
293
293
293
293
293
293
293
293
293
293
293
293
293
293
293
293
293
293
293
293
293
293
293
293
293
293
293
293
293
307.645
307.383
307.087
306.298
304.875
303.058
300.936
298.744
296.947
292.906
290.321
293.699
299.516
304.327
308.201
310.366
310.076
308.729
307.073
305.583
304.004
301.727
298.415
295.048
293.333
293.016
293
293
293
293
293
293
293
293
293
293
293
293
293
293
293
293
293
293
293
293
293
293
293
293
293
293
293
293
293
293
293
293
293
293
293
293
293
293
293
293
293
293
293
293
293
293
293
293
293
293
293
293
293
293
293
293
293
293
293
293
293
293
293
293
293
293
293
293
293
293
293
293
299.976
299.38
299.132
298.585
297.68
296.751
295.62
293.976
291.475
287.352
286.114
288.305
294.325
300.527
306.198
308.661
308.569
307.529
306.195
304.937
303.449
301.157
297.853
294.695
293.243
293.01
293
293
293
293
293
293
293
293
293
293
293
293
293
293
293
293
293
293
293
293
293
293
293
293
293
293
293
293
293
293
293
293
293
293
293
293
293
293
293
293
293
293
293
293
293
293
293
293
293
293
293
293
293
293
293
293
293
293
293
293
293
293
293
293
293
293
293
293
293
293
293
293
293
293
)
;

boundaryField
{
    FreestreamLeft
    {
        type            totalTemperature;
        gamma           1.4;
        T0              nonuniform List<scalar> 0();
        value           nonuniform List<scalar> 0();
    }
    FreestreamTop
    {
        type            totalTemperature;
        gamma           1.4;
        T0              uniform 293;
        value           uniform 293;
    }
    Inlet
    {
        type            totalTemperature;
        gamma           1.4;
        T0              nonuniform List<scalar> 0();
        value           nonuniform List<scalar> 0();
    }
    Outlet
    {
        type            zeroGradient;
    }
    Wall
    {
        type            zeroGradient;
    }
    Wedge1
    {
        type            wedge;
    }
    Wedge2
    {
        type            wedge;
    }
    procBoundary1to0
    {
        type            processor;
        value           nonuniform List<scalar> 
18
(
427.476
427.476
427.476
427.476
427.476
427.476
427.475
427.475
427.475
427.476
427.476
427.476
427.476
427.476
427.476
427.475
427.475
427.475
)
;
    }
    procBoundary1to2
    {
        type            processor;
        value           nonuniform List<scalar> 
190
(
293.223
293.999
293.999
288.125
288.125
288.56
290.03
291.109
291.964
292.563
293.005
293.355
293.424
293
293
293
293
293
293
293
293
293
293
293
293
293
293
293
293
293
293
293
293.011
293.243
294.531
297.168
299.804
301.435
302.165
302.382
302.33
301.811
300.48
298.415
295.826
293.306
291.323
293
293
293
293
293
293
293
293
293
293
293
293
293
293
293
293
293
293
293
293
293
293
293
293
293
293
293
293
293
293
293
293
293
293
293
293
293
293
293
293
293
293
293
293
293
293
293
293
293.214
293.954
293.954
293.391
293.318
292.971
292.535
291.944
291.1
290.025
288.558
288.124
288.124
291.308
293.282
295.801
298.387
300.455
301.793
302.32
302.378
302.166
301.441
299.814
297.181
294.54
293.245
293.012
293
293
293
293
293
293
293
293
293
293
293
293
293
293
293
293
293
293
293
293
293
293
293
293
293
293
293
293
293
293
293
293
293
293
293
293
293
293
293
293
293
293
293
293
293
293
293
293
293
293
293
293
293
293
293
293
293
293
293
293
293
293
293
293
293
293
293
)
;
    }
    procBoundary1to4
    {
        type            processor;
        value           nonuniform List<scalar> 
148
(
293
293
293
293
293
293
293
293
293
293
293
293
293
293
293
293
293
293
293
293
293
293
293
293
293
293
293
293
293
293
293
293
293
293
293
293
293
293
293
293
293
293
293
293
293
293
293
293
293
293
293
293
293
293
293
293
293
293
293
293
293
293
293
293
293
293
293
293
293
293
293
293
293
293
293
293
293
293
293
293
293
293
293
293
293
293
293
293
293
293
293
293
293
293
293
293
293
293
293
293
293
293
293
293
293
293
293
293
293
293
293
293
293
293
293
293
293
293
293
293
293
293
293
293
293
293
293
293
293
293
293
293
293
293
293
293
293
293
293
293
293
293
293
293
293
293
293
293
)
;
    }
}


// ************************************************************************* //
