/*--------------------------------*- C++ -*----------------------------------*\
| =========                 |                                                 |
| \\      /  F ield         | OpenFOAM: The Open Source CFD Toolbox           |
|  \\    /   O peration     | Version:  2406                                  |
|   \\  /    A nd           | Website:  www.openfoam.com                      |
|    \\/     M anipulation  |                                                 |
\*---------------------------------------------------------------------------*/
FoamFile
{
    version     2.0;
    format      ascii;
    arch        "LSB;label=32;scalar=64";
    class       faceSet;
    location    "constant/polyMesh/sets";
    object      nonOrthoFaces;
}
// * * * * * * * * * * * * * * * * * * * * * * * * * * * * * * * * * * * * * //


4105
(
16384
49153
1
16386
3
49156
16388
5
16390
7
16392
9
16394
11
16396
13
16398
15
16400
17
16402
19
16404
21
16406
23
16408
25
16410
27
16412
29
16414
31
16416
33
49186
16418
35
16420
37
16422
39
16424
41
16426
43
16428
45
16430
47
16432
49
16434
51
16436
53
16438
55
16440
57
16442
59
16444
61
16446
63
16448
65
16450
67
16452
69
16454
71
16456
73
16458
75
16460
77
16462
79
16464
81
16466
83
16468
85
16470
87
16472
89
16474
91
16476
93
16478
95
16480
97
16482
99
16484
101
16486
103
16488
105
16490
107
16492
109
16494
111
16496
113
16498
16500
16502
16504
16506
16508
16510
16512
16514
16516
16518
136
16520
138
16522
140
16524
142
16526
144
16528
146
16530
148
16532
150
16534
152
16536
154
16538
156
16540
158
16542
160
16544
162
16546
164
16548
166
16550
168
16552
170
16554
172
16556
174
16558
176
16560
178
16562
180
16564
182
16566
184
16568
186
16570
188
16572
190
16574
192
194
196
198
200
202
204
206
208
210
212
214
216
218
220
222
224
226
228
232
234
236
238
240
242
244
246
248
250
252
254
256
258
260
262
264
266
268
270
272
274
276
278
280
282
284
286
288
290
292
294
296
298
300
302
304
306
308
310
312
314
316
318
320
322
324
326
328
330
332
334
336
338
340
342
344
346
348
350
352
354
356
358
360
362
364
366
368
370
393
395
397
399
401
403
405
407
409
411
413
415
417
419
421
423
425
427
429
431
433
435
437
439
441
443
445
447
449
451
453
455
457
459
461
463
465
467
469
471
473
475
477
479
481
483
485
487
489
491
493
495
497
499
501
503
505
507
509
511
513
515
517
519
521
523
525
527
529
531
533
535
537
539
541
543
545
547
549
551
553
555
557
559
561
563
565
567
569
571
573
575
577
579
581
583
585
587
589
591
593
595
597
599
601
603
605
607
630
632
634
636
638
640
642
644
646
648
650
652
654
656
658
660
662
664
666
668
670
672
674
676
678
680
682
684
686
688
690
691
692
694
696
698
700
702
704
706
708
710
712
714
716
718
720
722
724
726
728
730
732
734
736
738
740
742
744
746
748
750
752
754
756
758
760
762
764
766
768
770
772
774
776
778
780
782
784
786
788
790
792
794
796
798
800
802
804
806
808
810
812
814
816
818
820
822
824
826
828
830
832
834
836
838
840
842
844
846
848
850
852
854
856
858
860
862
864
887
889
891
893
895
897
899
901
903
905
907
909
911
913
915
917
919
921
923
925
927
929
931
933
935
937
939
941
943
945
947
949
951
953
955
957
959
961
963
965
967
969
971
973
975
977
979
981
983
985
987
989
991
993
995
997
999
1001
1003
1005
1007
17391
1009
17394
1011
1013
17397
1015
17400
1017
1019
17403
1021
17406
1023
1025
17409
1027
17412
1029
1031
17415
1033
17418
1035
1037
17421
1039
17424
1041
1043
17427
1045
17430
1047
1049
17433
1051
17436
1053
1055
17439
1057
17442
1059
1061
17445
1063
17448
1065
1067
17451
1069
17454
1071
1073
17457
1075
17460
1077
1079
17463
1081
17466
1083
1085
17469
1087
17472
1089
1091
17475
1093
17478
1095
1097
17481
1099
17484
1101
17487
17490
17493
17496
17499
17502
17505
1124
17508
1126
17511
1128
1130
17514
1132
17517
1134
1136
17520
1138
17523
1140
1142
17526
1144
17529
1146
1148
17532
1150
17535
1154
17538
1156
17541
1158
1160
17544
1162
17547
1164
1166
17550
1168
17553
1170
1172
17556
1174
17559
1176
1178
17562
1180
17565
1182
1184
17568
1186
17571
1188
1190
17574
1192
17577
1194
1196
17580
1198
17583
1200
1202
17586
1204
17589
1206
1208
17592
1210
17595
1212
1214
17598
1216
17601
1218
1220
17604
1222
17607
1224
1226
17610
1228
17613
1230
1232
17616
1234
17619
1236
1238
17622
1240
17625
1242
1244
17628
1246
17631
1248
1250
17634
1252
17637
1254
1256
17640
1258
17643
1260
1262
17646
1264
17649
1266
1268
17652
1270
17655
1272
1274
17658
1276
17661
1278
1280
17664
1282
17667
1284
1286
17670
1288
17673
1290
1292
17676
1294
17679
1296
1298
17682
1300
17685
1302
1304
17688
1306
17691
1308
1310
17694
1312
17697
1314
1316
17700
1318
17703
1320
1322
17706
1324
17709
1326
1328
17712
1330
17715
1332
1334
17718
1336
17721
1338
1340
17724
1342
17727
1344
1346
17730
1348
17733
1350
1352
17736
1354
17739
1356
1358
17742
17745
17748
17751
17754
17757
17760
17763
1381
17766
1383
1385
17769
1387
17772
1389
1391
17775
1393
17778
1395
1397
17781
1399
17784
1401
1403
17787
1405
17790
1407
1409
17793
1411
17796
1413
1415
9607
17799
1417
9609
17802
1419
9612
1421
17805
1423
9615
17808
1425
9618
1427
17811
1429
9621
17814
1431
1433
17817
1435
17820
1437
1439
17823
1441
17826
1443
1445
17829
1447
17832
1449
1451
17835
1453
17838
1455
1457
17841
1459
17844
1461
1463
17847
9656
1465
17850
1467
9659
1469
17853
9662
1471
17856
1473
9665
1475
17859
9668
1477
17862
1479
9671
1481
17865
9674
1483
17868
1485
9677
1487
17871
9680
1489
17874
1491
9683
1493
17877
9686
1495
17880
1497
9689
1499
17883
9692
1501
17886
1503
9695
1505
17889
9698
1507
17892
1509
9701
1511
17895
9704
1513
17898
1515
9707
1517
17901
9710
1519
17904
1521
9713
1523
17907
9716
1525
17910
1527
9719
1529
17913
9722
1531
17916
1533
9725
1535
17919
9728
1537
17922
1539
9731
1541
17925
9734
1543
17928
1545
9737
1547
17931
9740
1549
17934
1551
9743
1553
17937
9746
1555
17940
1557
9749
1559
17943
9752
1561
17946
1563
9755
1565
17949
9758
1567
17952
1569
9761
1571
17955
9764
1573
17958
1575
9767
1577
17961
9770
1579
17964
1581
9773
1583
17967
9776
1585
17970
1587
9779
1589
17973
9782
1591
17976
1593
9785
1595
17979
9788
17982
9791
17985
9794
17988
9797
17991
9800
9803
9805
1615
9808
9811
9814
9817
9820
9823
9826
9829
1638
1640
9832
1642
9835
1644
1646
9838
1648
9841
1650
1652
9844
1654
9847
1656
1658
9850
1660
9853
1662
1664
9856
1666
9859
1668
1670
9862
1672
9865
1674
1676
9868
1678
9871
1680
1682
9874
1684
9877
1686
1688
9880
1690
9883
1692
1694
9886
1696
9889
1698
1700
9892
1702
9895
1704
1706
9898
1708
9901
1710
1712
9904
1714
9907
1716
1718
9910
1720
9913
1722
1724
9916
1726
9919
1728
1730
9922
1732
9925
1734
1736
9928
1738
9931
1740
1742
9934
1744
9937
1746
1748
9940
1750
9943
1752
1754
9946
1756
9949
1758
1760
9952
1762
9955
1764
1766
9958
1768
9961
1770
1772
9964
1774
9967
1776
1778
9970
1780
9973
1782
1784
9976
1786
9979
1788
1790
9982
1792
9985
1794
1796
9988
1798
9991
1800
1802
9994
1804
9997
1806
1808
1810
10002
1812
10005
1814
1816
10008
1818
10011
1820
1822
10014
1824
10017
1826
1828
10020
1830
26407
10023
1832
26409
1834
10026
26412
1836
10029
1838
26415
1840
10032
26418
1842
10035
1844
26421
1846
10038
26424
1848
10041
1850
26427
1852
10044
26430
10047
26433
10050
26436
10053
26439
10056
26442
10059
26445
10062
26448
10065
1875
10068
1877
1879
10071
1881
10074
1883
1885
10077
1887
10080
1889
1891
10083
1893
10086
1895
1897
10089
1899
10092
1901
1903
10095
1905
10098
1907
1909
10101
1911
10104
1913
1915
10107
1917
10110
1919
1921
10113
1923
10116
1925
1927
10119
1929
10122
1931
1933
10125
1935
10128
1937
1939
10131
1941
10134
1943
1945
10137
1947
10140
1949
1951
10143
1953
10146
1955
1957
10149
1959
10152
1961
1963
10155
1965
10158
1967
1969
10161
1971
10164
1973
1975
10167
1977
10170
1979
1981
10173
1983
10176
1985
1987
10179
1989
10182
1991
1993
10185
1995
10188
1997
1999
10191
2001
10194
2003
10196
2005
2007
10199
2009
10202
2011
2013
10205
2015
10208
2017
2019
10211
2021
10214
2023
2025
10217
2027
10220
2029
2031
10223
2033
10226
2035
2037
10229
2039
10232
2041
2043
10235
2045
10238
2047
2049
10241
2051
10244
2053
26631
2055
10247
2057
26634
10250
2059
26637
2061
10253
2063
26640
10256
2065
26643
2067
10259
2069
26646
10262
2071
26649
2073
10265
2074
2075
26652
10268
2077
26655
2079
10271
2081
26658
10274
2083
26661
2085
10277
2087
26664
10280
2089
26667
2091
10283
2093
26670
10286
2095
26673
2097
10289
2099
26676
10292
2101
26679
2103
10295
2105
26682
10298
2107
26685
2109
10301
26688
10304
26691
10307
26694
26697
26700
26703
26706
2132
26709
2134
26712
2136
2138
26715
2140
26718
2142
2144
26721
2146
26724
2148
2150
10342
26727
2152
10345
26730
2154
2156
10348
26733
2158
10351
26736
2160
2162
10354
26739
2164
10357
2166
2168
10360
2170
10363
2172
2174
10366
2176
10369
2178
2180
10372
2182
10375
2184
2186
10378
2188
10381
2190
2192
10384
2194
10387
2196
2198
10390
10391
2200
10393
2202
2204
10396
2206
10399
2208
2210
10402
2212
10405
2214
2216
10408
2218
10411
2220
2222
10414
2224
10417
2226
2228
2230
2232
2234
2236
2238
2240
2242
2244
2246
2248
2250
2252
2254
2256
2258
2260
10452
2262
10455
2264
2266
10458
2268
10461
2270
2272
10464
2274
10467
2276
2278
10470
2280
10473
2282
2284
10476
2286
10479
2288
2290
10482
2292
10485
2294
2296
10488
2298
10491
2300
2302
10494
2304
10497
2306
2308
10500
2310
10503
2312
2314
10506
2316
10509
2318
2320
10512
2322
10515
2324
2326
10518
2328
10521
2330
26907
2332
10524
26909
2334
10527
26912
2336
2338
10530
26915
2340
10533
26918
2342
2344
10536
26921
2346
10539
26924
10542
26927
10545
26930
10548
26933
10551
26936
10554
26939
10557
26942
10560
26945
2369
2371
10563
26948
2373
10566
26951
2375
2377
10569
26954
2379
10572
26957
2381
2383
10575
26960
2385
10578
26963
2387
2389
10581
26966
2391
10584
26969
2393
2395
10587
26972
2397
10589
26975
2399
10592
2401
26978
2403
10595
26981
2405
10598
2407
26984
2409
10601
26987
2411
10604
2413
26990
2415
10607
26993
2417
10610
2419
26996
2421
10613
26999
2423
10616
2425
27002
2427
10619
27005
2429
10622
2431
27008
2433
10625
27011
2435
10628
2437
27014
2439
10631
27017
2441
10634
2443
27020
2445
10637
27023
2447
10640
2449
27026
2451
10643
27029
2453
10646
2455
27032
2457
10649
27035
2459
10652
2461
27038
2463
10655
27041
2465
10658
2467
2469
10661
2471
10664
2473
2475
10667
2477
10670
2479
2481
10673
2483
10676
2485
2487
10679
2489
10682
2491
2493
10685
2495
10688
2497
2499
10691
2501
10694
2503
2505
10697
2507
10700
2509
2511
10703
2513
10706
2515
2517
10709
2519
10712
2521
2523
10715
2525
10718
2527
2529
10721
2531
10724
2533
10727
27113
2537
10730
2539
27117
2541
10733
2543
10736
27121
2545
2547
10739
27125
2549
10742
2551
27129
2553
10745
2555
10748
27133
2557
2559
10751
27137
2561
10754
2563
27141
2565
10757
2567
10760
27145
2569
2571
10763
27149
2573
10766
2575
27153
2577
10769
2579
10772
27157
2581
2583
10775
27161
2585
10778
2587
27165
2589
10781
2591
27169
2593
10786
2595
27173
2597
10789
2599
10792
27177
2601
2603
10795
27181
10798
27185
10801
10804
27189
10807
27193
10810
27197
10813
10816
27201
2625
2627
10819
27205
2629
10822
2631
27209
2633
10825
2635
10828
27213
2637
2639
10831
27217
2641
10834
2643
27221
2645
10837
2647
10840
27225
2649
2651
10843
27229
2653
10846
2655
27233
2657
10849
2659
10852
27237
2661
2663
10855
2665
10858
2667
2669
10861
2671
10864
2673
2675
10867
2677
10870
2679
2681
10873
2683
10876
2685
2687
10879
2689
10882
2691
2693
10885
2695
10888
2697
2699
10891
2701
10894
2703
2705
10897
2707
10900
2709
2711
10903
2713
10906
2715
2717
10909
2719
10912
2721
2723
10915
2725
10918
2727
2729
10921
2731
10924
2733
2735
10927
2737
10930
2739
2741
10933
2743
10936
2745
2747
10939
2749
10942
2751
2753
10945
2755
10948
2757
2759
10951
2761
10954
2763
2765
10957
2767
10960
2769
2771
10963
2773
10966
2775
2777
10969
2779
10972
2781
2783
10975
2785
10978
2787
10980
2789
2791
10983
2793
10986
2795
2797
10989
2799
10992
2801
2803
10995
2805
10998
2807
19191
2809
11001
19194
2811
11004
2813
19197
2815
11007
19200
2817
11010
2819
19203
2821
11013
19206
2823
11016
2825
19209
2827
11019
19212
2829
11022
2831
19215
2833
11025
19218
2835
11028
2837
19221
2839
11031
19224
11034
19227
11037
19230
11040
19233
11043
19236
11046
19239
11049
19242
11052
19245
11055
19248
11058
19251
11061
19254
11064
19257
11067
19260
11070
19263
11073
19266
11076
19269
11079
19272
11082
19275
11085
19278
11088
19281
11091
19284
11094
19287
11097
19290
11100
19293
11103
19296
19299
19302
19305
19308
19311
19314
19317
19320
19323
19326
19329
11138
19332
11141
19335
11144
19338
11147
19341
11150
19344
11153
19347
11156
19350
11159
19353
11162
19356
11165
19359
11168
19362
11171
19365
11174
11175
19368
11177
19371
11180
19374
11183
19377
11186
19380
11189
19383
11192
19386
11195
19389
11198
19392
11201
19395
11204
19398
11207
19401
11210
19404
11213
19407
19410
19413
19416
19419
19422
19425
19428
19431
19434
19437
11248
19440
11251
19443
11254
19446
11257
19449
11260
19452
11263
19455
11266
19458
11269
19461
11272
19464
11275
19467
11278
19470
11281
19473
11284
19476
11287
19479
11290
19482
11293
19485
11296
19488
11299
19491
11302
19494
11305
19497
11308
19500
11311
19503
11314
19506
11317
19509
11320
19512
11323
19515
11326
19518
11329
19521
11332
19524
11335
19527
11338
19530
11341
19533
11344
19536
11347
19539
11350
19542
11353
19545
11356
19548
11359
19551
11362
19554
11365
19557
11368
19560
19563
11373
19566
11376
19569
11379
19572
11382
19575
11385
19578
11388
19581
11391
19584
11394
19587
11397
19590
11400
19593
11403
19596
11406
19599
11409
19602
11412
19605
11415
19608
11418
19611
11421
11424
11427
11430
11433
11436
11439
11442
11445
11448
11451
11454
11457
11460
11463
11466
11469
11472
11475
11478
11481
11484
11487
11490
11493
11496
11499
11502
11505
11508
11511
11514
11517
11520
11523
11526
11529
11532
11535
11538
11541
11544
11547
11550
11553
11556
11559
11562
11565
11567
11570
11573
11576
11579
11582
11585
11588
11591
11594
11597
11600
11603
11606
11609
11612
11615
11618
11621
11624
19817
11627
19820
11630
19823
11633
19826
11636
19829
11639
19832
11642
19835
11645
19838
11648
19841
11651
19844
11654
19847
11657
19850
11660
19853
11663
19856
11666
19859
11669
19862
11672
19865
11675
19868
11678
19871
11681
19874
11684
19877
11687
19880
11690
19883
11693
19886
11696
19889
11699
19892
11702
19895
11705
19898
11708
19901
11711
19904
11714
19907
11717
19910
11720
19913
11723
19916
11726
19919
11729
19922
11732
19925
11735
19928
11738
19931
11741
19934
11744
19937
11747
19940
11750
19943
11753
19946
11756
19949
11759
19952
11761
19955
11764
19958
11767
19961
11770
19964
11773
19967
11776
19970
11779
19973
11782
19976
11785
19979
11788
19982
11791
19985
11794
19988
11797
19991
11800
19994
11803
19997
11806
20000
11809
20003
11812
20006
11815
20009
11818
20012
11821
20015
11824
20018
11827
20021
11830
20024
11833
20027
11836
20030
11839
20033
11842
20036
11845
20039
11848
20042
11851
20045
11854
20048
11857
20051
11860
20054
11863
20057
11866
20060
11869
20063
11872
20066
11875
20069
11878
20072
11881
20075
11884
20078
11887
20081
11890
20084
11893
20087
11896
20090
11899
20093
20096
20099
20102
20105
20108
20110
20111
20113
20116
20119
20122
20125
11934
20128
11937
20131
11940
20134
11943
20137
11946
20140
11949
20143
11952
20146
20149
11958
20152
11961
20155
11964
20158
11967
20161
11970
20164
11973
20167
11976
20170
11979
20173
11982
20176
11985
20179
11988
20182
11991
20185
11994
20188
11997
20191
12000
20194
12003
20197
12006
20200
12009
20203
20206
20209
20212
20215
20218
20221
20224
20227
20230
20233
20236
12044
20239
12047
20242
12050
20245
12053
20248
12056
20251
12059
20254
12062
20257
12065
20260
12068
20263
12071
20266
12074
20269
12077
20272
12080
20275
12083
20278
12086
20281
12089
20284
12092
20287
12095
20290
12098
20293
12101
20296
12104
20299
12107
20302
12110
20305
12113
20308
12116
20311
12119
20314
12122
20317
12125
20320
12128
20323
12131
20326
12134
20329
12137
20332
12140
20335
12143
20338
12146
20341
12149
20344
12154
20347
12157
20350
12160
20353
12163
20356
12166
20359
12169
20362
12172
20365
12175
20368
12178
20371
12181
20374
12184
20377
12187
20380
12190
20384
12193
20386
12196
20389
12199
20392
12202
20395
12205
20398
12208
20401
12211
20404
12214
20407
12217
20410
12220
20413
12223
20416
12226
20419
12229
20422
12232
20425
12235
20428
12238
20431
12241
20434
12244
20437
12247
20440
12250
20443
12253
20446
12256
20449
12259
20452
12262
20455
12265
20458
12268
20461
12271
20464
12274
20467
12277
20470
12280
20473
12283
20476
12286
20479
12289
20482
12292
20485
12295
20488
12298
20491
12301
20494
12304
20497
12307
20500
12310
20503
12313
20506
12316
20509
12319
20512
12322
20515
12325
20518
12328
20521
12331
20524
12334
20527
12337
20530
12340
20533
12343
20536
20539
12348
20542
12351
20545
12354
20548
12357
20551
12360
20554
12363
12366
12369
20562
12372
20565
12375
20568
12378
20571
12381
20574
12384
20577
12387
20580
12390
20583
12393
20586
12396
20589
12399
20592
12402
20595
12405
20598
12408
20601
12411
20604
12414
20607
12417
20610
12420
20613
12423
20616
12426
20619
12429
20622
12432
20625
12435
20628
12438
20631
12441
20634
12444
20637
12447
20640
12450
20643
12453
20646
12456
20649
12459
20652
12462
20655
12465
20658
12468
20661
12471
20664
12474
20667
12477
20670
12480
20673
12483
20676
12486
20679
12489
20682
12492
20685
12495
20688
12498
20691
12501
20694
12504
20697
12507
20700
12510
20703
12513
20706
12516
20709
12519
20712
12522
20715
12525
20718
12528
20721
12531
20724
12534
20727
20728
12537
20730
12540
20733
12542
20736
12545
20739
12548
20742
12551
20745
12554
20748
12557
20751
12560
20754
12563
20757
12566
20760
12569
20763
12572
20766
12575
20769
12578
20772
12581
20775
12584
20778
12587
20781
12590
20784
12593
20787
12596
20790
12599
20793
12602
20796
12605
20799
12608
20802
12611
20805
12614
20808
12617
20811
12620
20814
12623
20817
12626
20820
12629
20823
12632
20826
12635
20829
12638
20832
12641
20835
12644
20838
12647
20841
12650
20844
12653
20847
12656
20850
12659
20853
12662
20856
12665
20859
12668
20862
12671
20865
12674
20868
12677
20871
12680
20874
12683
20877
12686
20880
12689
20883
12692
20886
12695
20889
20892
20896
20898
20901
20904
20907
20910
20913
20916
20919
20922
12730
20925
12733
12735
20928
12737
20931
12740
20934
12743
20937
12746
20940
12749
20943
12752
20946
12755
20949
12758
20952
12761
20955
12764
20958
12767
20961
12770
20964
12773
20967
12776
20970
12779
20973
12782
20976
12785
20979
12788
20982
12791
20985
12794
20988
12797
20991
12800
20994
12803
20997
21000
21003
21006
21009
21012
21015
21018
21021
21024
21027
21030
21033
21036
21039
21042
21045
21048
21051
21054
21057
21060
4680
21066
4682
4684
21069
4686
21072
4688
4690
21075
4692
21078
4694
4696
21081
4698
21084
4700
4702
21087
4704
21090
4706
4708
21093
4710
21096
4712
4714
21099
4716
21102
4718
4720
21105
4722
21108
4724
4726
21111
4728
21114
4730
4732
21117
4734
21120
21123
21126
21129
21132
21135
21138
21141
21144
21147
21150
21153
21156
21159
21162
21165
21168
21171
21174
4792
21177
4794
21180
4796
4798
21183
4800
21186
4802
4804
21189
4806
21192
4808
4810
21195
4812
21198
4814
4816
21201
4818
21204
4820
4822
21207
4824
21210
4826
4828
21213
4830
21216
4832
4834
21219
4836
21222
4838
4840
21225
4842
21228
4844
21229
4846
21231
21234
21237
21240
21243
21246
21249
21252
21255
21258
21261
21264
21267
21270
21273
21276
21279
21282
21285
21288
4904
4906
21291
4908
21294
4910
4912
21297
4914
21300
4916
4918
21303
4920
21306
4922
4924
21309
4926
21312
4928
4930
21315
4932
21318
4934
4936
21321
4938
21324
4940
4942
21327
4944
21330
4946
4948
21333
4950
21336
4952
4954
21339
4956
21342
21345
21348
21351
21354
21357
21360
21363
21366
21369
21372
21375
21378
21381
21384
21387
21390
21393
21397
21399
5016
21402
5018
5020
21405
5022
21408
5024
5026
21411
5028
21414
5030
5032
21417
5034
21420
5036
5038
21423
5040
21426
5042
5044
21429
5046
21432
5048
5050
21435
5052
21438
5054
5056
21441
5058
21444
5060
5062
21447
5064
21450
5066
5068
21453
21456
21459
21462
21465
21468
21471
21474
21477
21480
21483
21486
21489
21492
21495
21498
21501
21504
21507
21510
5128
21513
5130
21516
5132
5134
21519
5136
21522
5138
5140
21525
5142
21528
5144
5146
21531
5148
21534
5150
5152
21537
5154
21540
5156
5158
21543
5160
21546
5162
5164
21549
5166
21552
5168
5170
21555
5172
21558
5174
5176
21561
5178
21567
21570
21573
21576
21579
21582
21585
21588
21591
21594
21597
21600
21603
21606
21609
21612
21615
21618
21621
21624
5240
5242
21627
5244
21630
5246
5248
21633
5250
21636
5252
5254
21639
5256
21642
5258
5260
21645
5262
21648
5264
5266
21651
5268
21654
5270
5272
21657
5274
21660
5276
5278
21663
5280
21666
5282
5284
21669
5286
21672
5288
5290
21675
21678
21681
21684
21687
21690
21693
21696
21699
21702
21705
21708
21711
21714
21717
21720
21723
21726
21729
21731
21733
21736
5352
5354
21739
5356
21742
5358
5360
21745
5362
21748
5364
5366
21751
5368
21754
5370
5372
21757
5374
21760
5376
5378
21763
5380
21766
5382
5384
21769
5386
21772
5388
5390
21775
5392
21778
5394
5396
21781
5398
21784
5400
21787
21790
21793
21796
21799
21802
21805
21808
21811
21814
21817
21820
21823
21826
21829
21832
21835
21838
21841
21844
21847
5464
21850
5466
5468
21853
5470
21856
5472
5474
21859
5476
21862
5478
5480
21865
5482
21868
5484
5486
21871
5488
21874
5490
5492
21877
5494
21880
5496
5498
21883
5500
21886
5502
5504
21889
5506
21892
5508
5510
21895
5512
5576
5578
5580
5582
5584
5586
5588
5590
5592
5594
5596
5598
5600
5602
5604
5606
5608
5610
5612
5614
5616
5618
5620
5622
5688
5690
5692
5694
5696
5698
5700
5702
5704
5706
5708
5710
5712
5714
5716
5718
5720
5722
5724
5726
5728
5730
5732
5734
5800
5802
5804
5806
5808
5810
5812
5814
5816
5818
5820
5822
5824
5826
5828
5830
5832
5834
5836
5838
5840
5842
5844
5912
5914
5916
5918
5920
5922
5924
5926
5928
5930
5932
5934
5936
5938
5940
5942
5944
5946
5948
5950
5952
5954
5956
6024
6026
6028
6030
6032
6034
6036
6038
6040
6042
6044
6046
6048
6050
6052
6054
6056
6058
6060
6062
6064
6066
6136
6138
6140
6142
6144
6146
6148
6150
6152
6154
6156
6158
6160
6162
6164
6166
6168
6170
6172
6174
6176
6178
6248
6250
6252
6254
6256
6258
6260
6262
6264
6266
6268
6270
6272
6274
6276
6278
6280
6282
6284
6286
6288
6360
6362
6364
6366
6368
6370
6372
6374
6376
6378
6380
6382
6384
6386
6388
6390
6392
6394
6396
6398
6400
6472
6474
6476
6478
6480
6482
6484
6486
6488
6490
6492
6494
6496
6498
6500
6502
6504
6506
6508
6510
6583
6585
6587
6589
6591
6593
6595
6597
6599
6601
6603
6605
6607
6609
6611
6613
6615
6617
6619
6621
48862
48863
48865
48866
48868
48879
48930
48932
48934
48936
48938
48940
48942
48944
48946
48977
48988
48989
48990
48991
48992
48993
48994
48995
48996
48997
48998
48999
49000
49001
49002
49003
49004
49005
49006
49007
49008
49009
49010
16242
49011
49012
16244
49013
49014
16246
49015
49016
16248
49017
49018
16250
49019
49020
16252
16254
49024
16256
16258
49028
16260
16262
49031
16264
16266
16268
16270
16272
16274
16276
16278
16280
16282
16284
16286
16288
16290
16292
16294
16296
16298
16300
16302
16304
16306
16308
16310
16312
16314
16316
16318
16320
16322
16324
16326
16328
16330
16332
16334
16336
16338
16340
16342
16344
16346
16348
16350
16352
16354
49124
16356
16358
49128
16360
16362
49131
16364
49134
16366
49136
16368
16370
16372
16374
16376
49146
16378
49148
16380
49150
16382
)


// ************************************************************************* //
