/*--------------------------------*- C++ -*----------------------------------*\
| =========                 |                                                 |
| \\      /  F ield         | OpenFOAM: The Open Source CFD Toolbox           |
|  \\    /   O peration     | Version:  2406                                  |
|   \\  /    A nd           | Website:  www.openfoam.com                      |
|    \\/     M anipulation  |                                                 |
\*---------------------------------------------------------------------------*/
FoamFile
{
    version     2.0;
    format      ascii;
    arch        "LSB;label=32;scalar=64";
    class       faceSet;
    location    "constant/polyMesh/sets";
    object      skewFaces;
}
// * * * * * * * * * * * * * * * * * * * * * * * * * * * * * * * * * * * * * //


880
(
10242
10245
10248
10251
10254
10257
10260
10263
49191
10367
10370
10373
10376
10379
10382
10385
10388
32968
32969
32970
32971
32972
32973
32974
32975
32976
32977
32978
32979
32980
32981
32982
32983
32984
32985
32986
32987
32988
32989
32990
32991
10483
10486
10489
10492
10495
10498
33026
33027
33028
10501
33029
33030
33031
10504
33032
33033
33034
10507
33035
33036
33037
10510
33038
33039
33040
10513
33041
33042
33043
10516
33044
33045
33046
10519
33047
33048
33049
10522
33050
33051
33052
10525
33053
33054
33055
10528
33056
33057
33058
10531
33059
33060
33061
10534
33062
33063
33064
10537
33065
33066
33067
10540
33068
33069
33070
10543
33071
33072
33073
10546
33074
33075
33076
10549
33077
33078
33079
10552
33080
33081
33082
10555
33083
33084
33085
10558
33086
33087
33088
10561
33089
33090
33091
10564
33092
33093
33094
10567
33095
33096
33097
10570
33098
33099
33100
10573
33101
33102
33103
10576
33104
33105
33106
10579
33107
33108
33109
10582
10585
10599
10602
10605
10608
10611
10614
10617
33146
33147
10620
33148
33149
33150
10623
33151
33152
33153
10626
33154
33155
33156
10629
33157
33158
33159
10632
33160
33161
33162
10635
33163
33164
33165
10638
33166
33167
33168
10641
33169
33170
33171
10644
33172
33173
33174
10647
33175
33176
33177
10650
33178
33179
33180
10653
33181
33182
33183
10656
33184
33185
33186
10659
33187
33188
33189
10662
33190
33191
33192
10665
33193
33194
33195
10668
33196
33197
33198
10671
33199
33200
33201
10674
33202
33203
33204
10677
33205
33206
33207
10680
33208
33209
33210
10683
33211
33212
33213
10686
33214
33215
33216
10689
33217
33218
33219
10692
33220
33221
33222
10695
33223
33224
33225
10698
33226
33227
10701
10704
10707
10710
10713
10716
10719
10722
10725
10728
10731
33261
10734
33262
33263
10737
10740
10743
10746
10749
10752
10755
10758
10761
10764
10767
10770
10773
10776
10779
10782
10784
10787
10790
10793
10796
10799
10802
33331
33332
10805
33333
33334
33335
10808
33336
33337
33338
10811
33339
33340
33341
10814
33342
33343
33344
10817
33345
33346
33347
10820
33348
33349
33350
10823
33351
33352
33353
10826
33354
33355
33356
10829
33357
33358
33359
33360
10832
33361
33362
33363
10835
33364
33365
33366
10838
33367
33368
33369
10841
33370
33371
33372
10844
33373
33374
33375
10847
33376
33377
33378
10850
10853
10856
10859
10862
10865
10868
10871
10874
10877
10880
10883
10886
10889
10892
10895
10898
10901
10904
10907
10910
10913
10916
10919
10922
33455
33456
33457
33458
33459
33460
33461
33462
33463
33464
33465
33466
33467
33468
33469
33470
33471
33472
33473
33474
33475
33476
33477
33478
33479
33480
33481
33482
33483
33484
33485
33486
33487
33488
33489
33490
33491
33492
10979
10981
10984
10987
10990
10993
10996
10999
11002
11005
11008
11011
11014
11017
27432
27433
27434
27435
27436
27437
27438
27439
27440
27441
27442
27443
27444
27445
27446
27447
27448
27449
27450
27451
27452
27453
27454
27455
27456
27457
27458
27459
27460
27461
27462
27463
27464
27465
27466
27467
27468
27469
27470
27471
27472
27473
27474
27475
27476
27477
27478
27479
27480
27481
27482
27483
27484
27485
27486
27487
27488
27489
27490
27491
27492
27493
27494
27495
27496
27497
27498
27499
27500
27501
27502
27503
27504
27505
27506
27507
27508
27509
27510
27511
27512
27513
27514
27515
27516
27517
27518
27519
27520
27521
27551
27552
27553
27554
27555
27556
27557
27558
27559
27560
27561
27562
27563
27564
27565
27566
27567
27568
27569
27570
27571
27572
27573
27574
27575
27576
27577
27578
27579
27580
27581
27582
27583
27584
27585
27586
27587
27588
27589
27590
27591
27592
27593
27594
27595
27596
27597
27598
27599
27600
27601
27602
27603
27604
27605
27606
27607
27608
27609
27670
27671
27672
27673
27674
27675
27676
27677
27678
27679
27680
27681
27682
27683
27684
27685
27686
27687
27688
27689
27690
27691
27692
27693
27694
27695
27696
27697
27698
27699
27700
27701
27702
27703
27704
27705
27706
27707
27708
27709
27710
27711
27712
27713
27714
27715
27716
27717
27718
27719
11336
27720
27721
27722
11339
27723
27724
27725
11342
11345
11348
11351
11354
11357
11360
11363
11366
11369
11467
11470
11473
11476
11479
11482
11485
11488
11491
11494
11497
11500
11503
11506
11509
11512
11515
11518
11521
11524
11527
11530
11533
11536
11539
11542
11545
9666
9669
9672
9675
9678
9681
9684
9687
9690
9693
9696
9699
9702
9705
9708
9711
9714
9717
9720
9723
9726
9729
9732
9735
9738
9741
9744
9747
9750
9753
9756
9759
9762
9765
9768
9771
9774
9777
9780
9783
9786
9789
9792
9795
9798
9801
9806
9809
9812
9815
9818
9821
9824
9827
9830
9833
9836
9839
9842
9845
9848
9851
9854
9857
9860
9863
9866
9869
9872
9875
9878
9881
9884
9887
9890
9893
9896
9899
9902
9905
9908
9911
9914
9917
9920
9923
9926
9929
9932
9935
9938
9941
9944
9947
9950
9953
9956
9959
9962
9965
9968
9971
9974
9977
9980
9983
9986
9989
9992
9995
9998
10000
10003
10006
10009
10012
10015
10018
10021
10024
10027
10030
10033
10036
10039
10042
10045
10048
10051
10054
10057
10060
10063
10066
10069
10072
10075
10078
10081
10084
10087
10090
10093
10096
10099
10102
10105
10108
10111
10114
10117
10120
10123
10126
10129
10132
10135
10138
10141
10144
10147
10150
10153
49067
10156
10195
10197
10200
10203
10206
10209
49123
10212
10215
10218
10221
10224
10227
10230
10233
10236
10239
)


// ************************************************************************* //
