/*--------------------------------*- C++ -*----------------------------------*\
| =========                 |                                                 |
| \\      /  F ield         | OpenFOAM: The Open Source CFD Toolbox           |
|  \\    /   O peration     | Version:  2406                                  |
|   \\  /    A nd           | Website:  www.openfoam.com                      |
|    \\/     M anipulation  |                                                 |
\*---------------------------------------------------------------------------*/
FoamFile
{
    version     2.0;
    format      ascii;
    arch        "LSB;label=32;scalar=64";
    class       volScalarField;
    location    "0.07";
    object      T;
}
// * * * * * * * * * * * * * * * * * * * * * * * * * * * * * * * * * * * * * //

dimensions      [0 0 0 1 0 0 0];

internalField   nonuniform List<scalar> 
13948
(
295.631
291.817
290.797
290.768
291.114
291.701
292.273
292.723
292.976
293.048
293.061
293.005
292.938
292.933
292.977
293.091
293.255
293.344
293.359
293.311
293.195
293.069
293.01
293
293
293
293
293
293
293
293
293
293
293
293
293
293
293
293
293
293
293
293
293
293
293
293
293
293
293
293
293
293
293
293
293
293
293
293
293
293
293
293
293
293
293
293
293
293
293
293
293
293
293
293
293
293
293
293
293
293
293
293
293
293
293
293
293
293
293
293
293
293
293
293
293
293
293
293
302.188
295.298
292.091
291.066
290.987
291.284
291.81
292.334
292.751
292.985
293.052
293.063
293.01
292.946
292.944
292.987
293.098
293.255
293.337
293.351
293.302
293.189
293.066
293.009
293
293
293
293
293
293
293
293
293
293
293
293
293
293
293
293
293
293
293
293
293
293
293
293
293
293
293
293
293
293
293
293
293
293
293
293
293
293
293
293
293
293
293
293
293
293
293
293
293
293
293
293
293
293
293
293
293
293
293
293
293
293
293
293
293
293
293
293
293
293
293
293
293
293
293
293
305.218
306.056
306.644
306.947
305.994
304.207
301.842
299.002
295.859
294.049
292.43
291.678
291.145
291.151
291.438
291.911
292.391
292.778
292.994
293.055
293.065
293.012
292.951
292.952
292.995
293.104
293.257
293.333
293.345
293.295
293.182
293.063
293.009
293
293
293
293
293
293
293
293
293
293
293
293
293
293
293
293
293
293
293
293
293
293
293
293
293
293
293
293
293
293
293
293
293
293
293
293
293
293
293
293
293
293
293
293
293
293
293
293
293
293
293
293
293
293
293
293
293
293
293
293
293
293
293
293
293
293
293
293
293
293
293
293
293
293
293
293
298.74
299.814
300.933
302.024
303.061
304.099
305.202
306.334
307.335
307.98
308.125
306.707
303.15
298.829
293.791
285.538
279.573
277.59
282.973
291.295
295.014
296.869
297.993
298.377
298.351
298.176
297.844
297.34
296.911
296.607
296.454
296.442
296.653
296.839
296.936
296.951
296.826
296.247
295.295
294.103
292.845
291.681
291.358
291.246
291.346
291.218
291.318
291.608
292.025
292.456
292.81
293.004
293.06
293.066
293.013
292.955
292.959
293.003
293.113
293.261
293.329
293.338
293.288
293.175
293.059
293.008
293
293
293
293
293
293
293
293
293
293
293
293
293
293
293
293
293
293
293
293
293
293
293
293
293
293
293
293
293
293
293
293
293
293
293
293
293
293
293
293
293
293
293
293
293
293
293
293
293
293
293
293
293
293
293
293
293
293
293
293
293
293
293
293
293
293
293
293
293
293
293
293
293
293
293
293
296.425
297.417
298.368
299.363
300.407
301.429
302.372
303.265
304.167
305.065
305.82
306.217
306.082
304.475
300.567
295.128
288.966
282.308
277.197
275.544
277.992
284.248
288.84
291.641
293.647
294.852
295.386
295.518
295.507
295.346
295.091
294.805
294.461
294.043
293.642
293.292
293.004
292.787
292.587
292.288
291.832
291.375
291.012
290.759
290.76
290.765
291.064
291.249
291.474
291.766
292.137
292.524
292.845
293.015
293.065
293.066
293.013
292.96
292.967
293.012
293.123
293.266
293.327
293.333
293.28
293.166
293.054
293.007
293
293
293
293
293
293
293
293
293
293
293
293
293
293
293
293
293
293
293
293
293
293
293
293
293
293
293
293
293
293
293
293
293
293
293
293
293
293
293
293
293
293
293
293
293
293
293
293
293
293
293
293
293
293
293
293
293
293
293
293
293
293
293
293
293
293
293
293
293
293
293
293
293
293
293
293
295.067
296.142
297.099
297.986
298.897
299.859
300.811
301.673
302.437
303.15
303.821
304.346
304.582
304.266
302.684
299.347
294.721
289.213
283.253
278.386
276.459
277.707
282.062
286.516
289.374
291.416
292.839
293.703
294.169
294.376
294.386
294.258
294.052
293.812
293.474
293.089
292.683
292.253
291.832
291.486
291.264
291.128
290.905
290.785
290.782
290.81
290.849
291.117
291.362
291.63
291.914
292.249
292.598
292.882
293.025
293.072
293.066
293.012
292.964
292.975
293.023
293.134
293.271
293.324
293.327
293.27
293.156
293.049
293.006
293
293
293
293
293
293
293
293
293
293
293
293
293
293
293
293
293
293
293
293
293
293
293
293
293
293
293
293
293
293
293
293
293
293
293
293
293
293
293
293
293
293
293
293
293
293
293
293
293
293
293
293
293
293
293
293
293
293
293
293
293
293
293
293
293
293
293
293
293
293
293
293
293
293
293
293
294.793
295.843
296.772
297.601
298.424
299.296
300.174
300.967
301.629
302.181
302.647
302.977
303.091
302.673
301.203
298.548
294.93
290.475
285.838
282.036
280.054
280.159
282.652
286.381
288.861
290.649
291.986
292.907
293.486
293.807
293.941
293.956
293.836
293.623
293.355
293.046
292.72
292.344
291.967
291.635
291.369
291.182
291.057
290.975
290.969
290.996
291.045
291.266
291.509
291.775
292.049
292.357
292.673
292.919
293.036
293.079
293.066
293.011
292.968
292.983
293.035
293.147
293.277
293.323
293.32
293.26
293.145
293.043
293.005
293
293
293
293
293
293
293
293
293
293
293
293
293
293
293
293
293
293
293
293
293
293
293
293
293
293
293
293
293
293
293
293
293
293
293
293
293
293
293
293
293
293
293
293
293
293
293
293
293
293
293
293
293
293
293
293
293
293
293
293
293
293
293
293
293
293
293
293
293
293
293
293
293
293
293
293
294.506
295.528
296.438
297.218
297.955
298.727
299.524
300.257
300.846
301.279
301.581
301.753
301.752
301.276
299.99
297.947
295.206
291.894
288.502
285.67
283.963
283.573
284.679
287.188
289.173
290.627
291.775
292.61
293.167
293.507
293.689
293.761
293.714
293.563
293.37
293.102
292.827
292.526
292.219
291.937
291.689
291.498
291.378
291.299
291.264
291.269
291.315
291.499
291.704
291.933
292.183
292.467
292.748
292.956
293.048
293.084
293.065
293.009
292.973
292.993
293.048
293.162
293.283
293.321
293.314
293.248
293.133
293.037
293.004
293
293
293
293
293
293
293
293
293
293
293
293
293
293
293
293
293
293
293
293
293
293
293
293
293
293
293
293
293
293
293
293
293
293
293
293
293
293
293
293
293
293
293
293
293
293
293
293
293
293
293
293
293
293
293
293
293
293
293
293
293
293
293
293
293
293
293
293
293
293
293
293
293
293
293
293
294.209
295.193
296.094
296.841
297.502
298.168
298.87
299.541
300.083
300.446
300.639
300.708
300.598
300.061
298.973
297.429
295.4
292.983
290.5
288.381
287.004
286.487
286.862
288.313
289.839
290.923
291.827
292.53
293.02
293.333
293.513
293.594
293.588
293.487
293.349
293.154
292.926
292.689
292.446
292.213
291.999
291.82
291.694
291.619
291.572
291.56
291.592
291.741
291.9
292.09
292.318
292.576
292.821
292.99
293.061
293.089
293.062
293.006
292.978
293.002
293.063
293.179
293.289
293.32
293.306
293.234
293.119
293.03
293.003
293
293
293
293
293
293
293
293
293
293
293
293
293
293
293
293
293
293
293
293
293
293
293
293
293
293
293
293
293
293
293
293
293
293
293
293
293
293
293
293
293
293
293
293
293
293
293
293
293
293
293
293
293
293
293
293
293
293
293
293
293
293
293
293
293
293
293
293
293
293
293
293
293
293
293
293
293.911
294.836
295.736
296.468
297.072
297.638
298.23
298.825
299.331
299.666
299.813
299.825
299.65
299.083
298.121
296.924
295.448
293.695
291.864
290.257
289.124
288.602
288.624
289.326
290.487
291.318
291.985
292.544
292.964
293.238
293.392
293.459
293.463
293.4
293.289
293.157
292.993
292.813
292.626
292.441
292.267
292.113
291.992
291.911
291.861
291.841
291.85
291.961
292.09
292.252
292.457
292.685
292.889
293.021
293.076
293.092
293.057
293.003
292.986
293.013
293.08
293.198
293.294
293.318
293.297
293.219
293.104
293.024
293.002
293
293
293
293
293
293
293
293
293
293
293
293
293
293
293
293
293
293
293
293
293
293
293
293
293
293
293
293
293
293
293
293
293
293
293
293
293
293
293
293
293
293
293
293
293
293
293
293
293
293
293
293
293
293
293
293
293
293
293
293
293
293
293
293
293
293
293
293
293
293
293
293
293
293
293
293
293.627
294.461
295.355
296.096
296.668
297.152
297.631
298.127
298.586
298.914
299.063
299.069
298.895
298.361
297.478
296.47
295.359
294.076
292.735
291.509
290.582
290.069
289.936
290.211
290.966
291.63
292.13
292.561
292.904
293.146
293.287
293.35
293.362
293.33
293.244
293.148
293.035
292.903
292.762
292.618
292.479
292.352
292.248
292.174
292.123
292.099
292.09
292.166
292.273
292.412
292.594
292.788
292.951
293.049
293.093
293.093
293.049
293.001
292.995
293.025
293.101
293.219
293.298
293.316
293.287
293.201
293.088
293.018
293.001
293
293
293
293
293
293
293
293
293
293
293
293
293
293
293
293
293
293
293
293
293
293
293
293
293
293
293
293
293
293
293
293
293
293
293
293
293
293
293
293
293
293
293
293
293
293
293
293
293
293
293
293
293
293
293
293
293
293
293
293
293
293
293
293
293
293
293
293
293
293
293
293
293
293
293
293
293.38
294.077
294.945
295.71
296.283
296.717
297.097
297.481
297.863
298.175
298.348
298.38
298.262
297.847
297.067
296.166
295.249
294.274
293.266
292.324
291.567
291.079
290.883
290.937
291.315
291.843
292.233
292.557
292.818
293.02
293.16
293.24
293.271
293.268
293.223
293.147
293.068
292.975
292.87
292.761
292.654
292.555
292.47
292.406
292.359
292.334
292.318
292.36
292.449
292.569
292.725
292.883
293.007
293.075
293.106
293.09
293.04
292.999
293.005
293.04
293.124
293.24
293.301
293.312
293.274
293.18
293.072
293.013
293.001
293
293
293
293
293
293
293
293
293
293
293
293
293
293
293
293
293
293
293
293
293
293
293
293
293
293
293
293
293
293
293
293
293
293
293
293
293
293
293
293
293
293
293
293
293
293
293
293
293
293
293
293
293
293
293
293
293
293
293
293
293
293
293
293
293
293
293
293
293
293
293
293
293
293
293
293
293.191
293.708
294.504
295.294
295.901
296.326
296.641
296.92
297.201
297.462
297.645
297.712
297.666
297.418
296.818
296.035
295.239
294.441
293.641
292.89
292.26
291.811
291.573
291.517
291.651
291.997
292.311
292.561
292.772
292.937
293.063
293.148
293.197
293.217
293.212
293.167
293.109
293.043
292.966
292.884
292.803
292.727
292.661
292.609
292.569
292.547
292.528
292.544
292.616
292.716
292.846
292.968
293.055
293.103
293.11
293.082
293.031
293.001
293.016
293.059
293.15
293.261
293.304
293.306
293.258
293.157
293.055
293.008
293
293
293
293
293
293
293
293
293
293
293
293
293
293
293
293
293
293
293
293
293
293
293
293
293
293
293
293
293
293
293
293
293
293
293
293
293
293
293
293
293
293
293
293
293
293
293
293
293
293
293
293
293
293
293
293
293
293
293
293
293
293
293
293
293
293
293
293
293
293
293
293
293
293
293
293
293
293.073
293.391
294.048
294.833
295.496
295.955
296.253
296.463
296.643
296.818
296.966
297.05
297.057
296.955
296.596
295.979
295.305
294.642
293.985
293.364
292.827
292.413
292.148
292.032
292.036
292.187
292.425
292.617
292.788
292.93
293.041
293.123
293.178
293.209
293.221
293.202
293.159
293.114
293.057
292.997
292.936
292.879
292.83
292.789
292.757
292.738
292.719
292.72
292.776
292.857
292.958
293.042
293.097
293.118
293.107
293.069
293.023
293.007
293.029
293.082
293.18
293.278
293.307
293.298
293.237
293.131
293.039
293.005
293
293
293
293
293
293
293
293
293
293
293
293
293
293
293
293
293
293
293
293
293
293
293
293
293
293
293
293
293
293
293
293
293
293
293
293
293
293
293
293
293
293
293
293
293
293
293
293
293
293
293
293
293
293
293
293
293
293
293
293
293
293
293
293
293
293
293
293
293
293
293
293
293
293
293
293
293
293.019
293.167
293.619
294.328
295.039
295.571
295.903
296.095
296.211
296.298
296.371
296.424
296.442
296.42
296.279
295.884
295.354
294.821
294.296
293.786
293.327
292.95
292.679
292.52
292.46
292.486
292.608
292.752
292.876
292.988
293.081
293.153
293.203
293.231
293.248
293.246
293.219
293.185
293.146
293.104
293.061
293.02
292.984
292.953
292.929
292.912
292.894
292.891
292.93
292.989
293.054
293.1
293.121
293.122
293.099
293.054
293.018
293.017
293.045
293.111
293.214
293.29
293.309
293.286
293.211
293.103
293.026
293.002
293
293
293
293
293
293
293
293
293
293
293
293
293
293
293
293
293
293
293
293
293
293
293
293
293
293
293
293
293
293
293
293
293
293
293
293
293
293
293
293
293
293
293
293
293
293
293
293
293
293
293
293
293
293
293
293
293
293
293
293
293
293
293
293
293
293
293
293
293
293
293
293
293
293
293
293
293
293.003
293.048
293.283
293.819
294.514
295.129
295.546
295.777
295.883
295.92
295.924
295.899
295.87
295.861
295.832
295.664
295.312
294.898
294.492
294.097
293.719
293.39
293.131
292.953
292.856
292.825
292.853
292.933
293.019
293.098
293.162
293.21
293.251
293.276
293.289
293.294
293.279
293.255
293.23
293.202
293.173
293.145
293.119
293.096
293.076
293.06
293.045
293.041
293.061
293.09
293.116
293.129
293.131
293.118
293.084
293.041
293.018
293.031
293.067
293.146
293.248
293.299
293.306
293.269
293.179
293.074
293.015
293.001
293
293
293
293
293
293
293
293
293
293
293
293
293
293
293
293
293
293
293
293
293
293
293
293
293
293
293
293
293
293
293
293
293
293
293
293
293
293
293
293
293
293
293
293
293
293
293
293
293
293
293
293
293
293
293
293
293
293
293
293
293
293
293
293
293
293
293
293
293
293
293
293
293
293
293
293
293
293
293.008
293.087
293.389
293.953
294.599
295.123
295.449
295.604
295.648
295.628
295.545
295.428
295.364
295.342
295.296
295.137
294.859
294.548
294.246
293.956
293.684
293.45
293.271
293.152
293.09
293.073
293.093
293.136
293.184
293.227
293.267
293.298
293.318
293.329
293.331
293.327
293.313
293.296
293.277
293.257
293.237
293.216
293.197
293.179
293.163
293.146
293.136
293.137
293.14
293.143
293.141
293.13
293.106
293.066
293.032
293.025
293.048
293.097
293.187
293.277
293.306
293.299
293.243
293.142
293.048
293.007
293
293
293
293
293
293
293
293
293
293
293
293
293
293
293
293
293
293
293
293
293
293
293
293
293
293
293
293
293
293
293
293
293
293
293
293
293
293
293
293
293
293
293
293
293
293
293
293
293
293
293
293
293
293
293
293
293
293
293
293
293
293
293
293
293
293
293
293
293
293
293
293
293
293
293
293
293
293
293
293.001
293.015
293.123
293.455
294.006
294.592
295.043
295.305
295.411
295.422
295.35
295.181
295.018
294.926
294.882
294.824
294.693
294.489
294.262
294.041
293.829
293.633
293.464
293.335
293.251
293.208
293.196
293.207
293.234
293.268
293.297
293.319
293.335
293.346
293.349
293.349
293.342
293.33
293.315
293.3
293.283
293.266
293.248
293.231
293.216
293.198
293.181
293.169
293.161
293.152
293.14
293.12
293.087
293.05
293.031
293.04
293.071
293.137
293.233
293.297
293.31
293.284
293.207
293.101
293.026
293.003
293
293
293
293
293
293
293
293
293
293
293
293
293
293
293
293
293
293
293
293
293
293
293
293
293
293
293
293
293
293
293
293
293
293
293
293
293
293
293
293
293
293
293
293
293
293
293
293
293
293
293
293
293
293
293
293
293
293
293
293
293
293
293
293
293
293
293
293
293
293
293
293
293
293
293
293
293
293
293
293
293.001
293.021
293.14
293.467
293.978
294.507
294.909
295.136
295.218
295.209
295.095
294.882
294.697
294.574
294.494
294.424
294.326
294.187
294.025
293.863
293.709
293.566
293.44
293.343
293.277
293.241
293.231
293.236
293.25
293.272
293.293
293.311
293.324
293.332
293.336
293.334
293.327
293.317
293.304
293.29
293.274
293.259
293.244
293.231
293.214
293.194
293.177
293.163
293.147
293.128
293.099
293.065
293.042
293.04
293.06
293.106
293.188
293.276
293.308
293.305
293.257
293.161
293.062
293.011
293.001
293
293
293
293
293
293
293
293
293
293
293
293
293
293
293
293
293
293
293
293
293
293
293
293
293
293
293
293
293
293
293
293
293
293
293
293
293
293
293
293
293
293
293
293
293
293
293
293
293
293
293
293
293
293
293
293
293
293
293
293
293
293
293
293
293
293
293
293
293
293
293
293
293
293
293
293
293
293
293
293
293
293.001
293.022
293.133
293.426
293.88
294.359
294.731
294.947
295.026
295.012
294.881
294.67
294.477
294.327
294.221
294.132
294.042
293.941
293.83
293.716
293.606
293.501
293.408
293.331
293.275
293.241
293.225
293.221
293.225
293.234
293.248
293.261
293.272
293.28
293.283
293.284
293.28
293.273
293.264
293.253
293.242
293.23
293.22
293.205
293.186
293.168
293.151
293.13
293.105
293.075
293.052
293.045
293.058
293.09
293.156
293.246
293.305
293.314
293.288
293.212
293.108
293.03
293.003
293
293
293
293
293
293
293
293
293
293
293
293
293
293
293
293
293
293
293
293
293
293
293
293
293
293
293
293
293
293
293
293
293
293
293
293
293
293
293
293
293
293
293
293
293
293
293
293
293
293
293
293
293
293
293
293
293
293
293
293
293
293
293
293
293
293
293
293
293
293
293
293
293
293
293
293
293
293
293
293
293
293
293
293.001
293.018
293.106
293.343
293.727
294.157
294.514
294.739
294.83
294.824
294.703
294.519
294.345
294.186
294.052
293.946
293.857
293.773
293.689
293.604
293.524
293.447
293.377
293.317
293.269
293.236
293.215
293.202
293.195
293.193
293.195
293.2
293.205
293.209
293.212
293.213
293.212
293.21
293.206
293.2
293.194
293.188
293.177
293.162
293.144
293.125
293.102
293.08
293.061
293.054
293.061
293.087
293.139
293.223
293.299
293.318
293.307
293.251
293.152
293.058
293.01
293.001
293
293
293
293
293
293
293
293
293
293
293
293
293
293
293
293
293
293
293
293
293
293
293
293
293
293
293
293
293
293
293
293
293
293
293
293
293
293
293
293
293
293
293
293
293
293
293
293
293
293
293
293
293
293
293
293
293
293
293
293
293
293
293
293
293
293
293
293
293
293
293
293
293
293
293
293
293
293
293
293
293
293
293
293
293.001
293.011
293.07
293.24
293.542
293.914
294.257
294.5
294.619
294.635
294.553
294.408
294.258
294.115
293.978
293.857
293.755
293.667
293.59
293.521
293.457
293.398
293.344
293.297
293.257
293.226
293.203
293.187
293.175
293.168
293.162
293.159
293.158
293.157
293.157
293.156
293.155
293.154
293.152
293.148
293.145
293.137
293.125
293.111
293.096
293.081
293.069
293.066
293.072
293.093
293.139
293.214
293.293
293.321
293.318
293.275
293.188
293.086
293.022
293.002
293
293
293
293
293
293
293
293
293
293
293
293
293
293
293
293
293
293
293
293
293
293
293
293
293
293
293
293
293
293
293
293
293
293
293
293
293
293
293
293
293
293
293
293
293
293
293
293
293
293
293
293
293
293
293
293
293
293
293
293
293
293
293
293
293
293
293
293
293
293
293
293
293
293
293
293
293
293
293
293
293
293
293
293
293
293
293
293.006
293.037
293.141
293.352
293.649
293.963
294.221
294.379
294.431
294.402
294.314
294.195
294.075
293.958
293.845
293.739
293.645
293.563
293.491
293.427
293.371
293.322
293.28
293.244
293.215
293.192
293.175
293.162
293.153
293.146
293.141
293.137
293.134
293.131
293.128
293.125
293.123
293.119
293.116
293.11
293.101
293.093
293.085
293.082
293.081
293.088
293.11
293.154
293.223
293.296
293.324
293.324
293.29
293.211
293.11
293.034
293.005
293
293
293
293
293
293
293
293
293
293
293
293
293
293
293
293
293
293
293
293
293
293
293
293
293
293
293
293
293
293
293
293
293
293
293
293
293
293
293
293
293
293
293
293
293
293
293
293
293
293
293
293
293
293
293
293
293
293
293
293
293
293
293
293
293
293
293
293
293
293
293
293
293
293
293
293
293
293
293
293
293
293
293
293
293
293
293
293
293
293.002
293.015
293.067
293.19
293.396
293.652
293.901
294.093
294.198
294.222
294.194
294.129
294.042
293.947
293.857
293.77
293.687
293.607
293.533
293.467
293.409
293.359
293.315
293.276
293.244
293.217
293.195
293.178
293.164
293.153
293.145
293.138
293.133
293.128
293.124
293.121
293.118
293.115
293.111
293.106
293.104
293.103
293.106
293.119
293.143
293.187
293.25
293.309
293.328
293.327
293.295
293.22
293.122
293.043
293.007
293
293
293
293
293
293
293
293
293
293
293
293
293
293
293
293
293
293
293
293
293
293
293
293
293
293
293
293
293
293
293
293
293
293
293
293
293
293
293
293
293
293
293
293
293
293
293
293
293
293
293
293
293
293
293
293
293
293
293
293
293
293
293
293
293
293
293
293
293
293
293
293
293
293
293
293
293
293
293
293
293
293
293
293
293
293
293
293
293
293
293
293.001
293.005
293.024
293.08
293.194
293.367
293.571
293.764
293.911
293.997
294.024
294.012
293.976
293.922
293.857
293.789
293.723
293.662
293.604
293.548
293.494
293.442
293.394
293.352
293.315
293.284
293.257
293.235
293.217
293.202
293.19
293.18
293.172
293.165
293.159
293.155
293.151
293.147
293.144
293.145
293.154
293.171
293.2
293.244
293.291
293.32
293.331
293.325
293.288
293.215
293.121
293.045
293.009
293.001
293
293
293
293
293
293
293
293
293
293
293
293
293
293
293
293
293
293
293
293
293
293
293
293
293
293
293
293
293
293
293
293
293
293
293
293
293
293
293
293
293
293
293
293
293
293
293
293
293
293
293
293
293
293
293
293
293
293
293
293
293
293
293
293
293
293
293
293
293
293
293
293
293
293
293
293
293
293
293
293
293
293
293
293
293
293
293
293
293
293
293
293
293
293.001
293.006
293.024
293.071
293.159
293.287
293.438
293.584
293.705
293.787
293.831
293.841
293.83
293.805
293.771
293.73
293.686
293.639
293.596
293.555
293.518
293.483
293.45
293.419
293.389
293.361
293.335
293.313
293.294
293.277
293.264
293.253
293.244
293.237
293.233
293.229
293.231
293.24
293.257
293.279
293.301
293.317
293.329
293.331
293.313
293.267
293.192
293.105
293.039
293.008
293.001
293
293
293
293
293
293
293
293
293
293
293
293
293
293
293
293
293
293
293
293
293
293
293
293
293
293
293
293
293
293
293
293
293
293
293
293
293
293
293
293
293
293
293
293
293
293
293
293
293
293
293
293
293
293
293
293
293
293
293
293
293
293
293
293
293
293
293
293
293
293
293
293
293
293
293
293
293
293
293
293
293
293
293
293
293
293
293
293
293
293
293
293
293
293
293
293
293.001
293.005
293.017
293.048
293.103
293.185
293.286
293.393
293.49
293.569
293.625
293.66
293.673
293.673
293.663
293.646
293.625
293.602
293.576
293.548
293.521
293.495
293.47
293.449
293.429
293.411
293.396
293.382
293.369
293.359
293.35
293.342
293.336
293.329
293.324
293.323
293.325
293.328
293.331
293.329
293.314
293.282
293.226
293.151
293.078
293.027
293.005
293.001
293
293
293
293
293
293
293
293
293
293
293
293
293
293
293
293
293
293
293
293
293
293
293
293
293
293
293
293
293
293
293
293
293
293
293
293
293
293
293
293
293
293
293
293
293
293
293
293
293
293
293
293
293
293
293
293
293
293
293
293
293
293
293
293
293
293
293
293
293
293
293
293
293
293
293
293
293
293
293
293
293
293
293
293
293
293
293
293
293
293
293
293
293
293
293
293
293
293
293
293.001
293.003
293.009
293.024
293.051
293.094
293.151
293.218
293.287
293.352
293.408
293.453
293.486
293.508
293.52
293.523
293.521
293.515
293.506
293.495
293.483
293.47
293.457
293.444
293.432
293.42
293.409
293.398
293.389
293.38
293.373
293.364
293.353
293.343
293.332
293.319
293.299
293.269
293.223
293.163
293.099
293.046
293.014
293.003
293
293
293
293
293
293
293
293
293
293
293
293
293
293
293
293
293
293
293
293
293
293
293
293
293
293
293
293
293
293
293
293
293
293
293
293
293
293
293
293
293
293
293
293
293
293
293
293
293
293
293
293
293
293
293
293
293
293
293
293
293
293
293
293
293
293
293
293
293
293
293
293
293
293
293
293
293
293
293
293
293
293
293
293
293
293
293
293
293
293
293
293
293
293
293
293
293
293
293
293
293
293
293
293
293.001
293.003
293.008
293.018
293.034
293.059
293.09
293.127
293.167
293.207
293.245
293.279
293.307
293.33
293.348
293.361
293.37
293.375
293.377
293.376
293.374
293.37
293.365
293.359
293.352
293.345
293.338
293.331
293.319
293.302
293.282
293.257
293.225
293.185
293.139
293.09
293.048
293.019
293.005
293.001
293
293
293
293
293
293
293
293
293
293
293
293
293
293
293
293
293
293
293
293
293
293
293
293
293
293
293
293
293
293
293
293
293
293
293
293
293
293
293
293
293
293
293
293
293
293
293
293
293
293
293
293
293
293
293
293
293
293
293
293
293
293
293
293
293
293
293
293
293
293
293
293
293
293
293
293
293
293
293
293
293
293
293
293
293
293
293
293
293
293
293
293
293
293
293
293
293
293
293
293
293
293
293
293
293
293
293
293
293.001
293.002
293.004
293.008
293.015
293.024
293.037
293.052
293.069
293.088
293.107
293.125
293.142
293.158
293.171
293.183
293.192
293.199
293.203
293.206
293.207
293.206
293.203
293.199
293.194
293.183
293.165
293.142
293.115
293.086
293.057
293.033
293.015
293.005
293.001
293
293
293
293
293
293
293
293
293
293
293
293
293
293
293
293
293
293
293
293
293
293
293
293
293
293
293
293
293
293
293
293
293
293
293
293
293
293
293
293
293
293
293
293
293
293
293
293
293
293
293
293
293
293
293
293
293
293
293
293
293
293
293
293
293
293
293
293
293
293
293
293
293
293
293
293
293
293
293
293
293
293
293
293
293
293
293
293
293
293
293
293
293
293
293
293
293
293
293
293
293
293
293
293
293
293
293
293
293
293
293
293
293
293
293.001
293.001
293.002
293.004
293.006
293.009
293.012
293.017
293.022
293.027
293.032
293.037
293.042
293.046
293.05
293.053
293.055
293.056
293.056
293.055
293.053
293.048
293.04
293.031
293.021
293.013
293.006
293.003
293.001
293
293
293
293
293
293
293
293
293
293
293
293
293
293
293
293
293
293
293
293
293
293
293
293
293
293
293
293
293
293
293
293
293
293
293
293
293
293
293
293
293
293
293
293
293
293
293
293
293
293
293
293
293
293
293
293
293
293
293
293
293
293
293
293
293
293
293
293
293
293
293
293
293
293
293
293
293
293
293
293
293
293
293
293
293
293
293
293
293
293
293
293
293
293
293
293
293
293
293
293
293
293
293
293
293
293
293
293
293
293
293
293
293
293
293
293
293
293
293
293
293
293
293
293.001
293.001
293.001
293.002
293.002
293.003
293.003
293.004
293.004
293.005
293.005
293.005
293.005
293.005
293.004
293.003
293.002
293.001
293.001
293
293
293
293
293
293
293
293
293
293
293
293
293
293
293
293
293
293
293
293
293
293
293
293
293
293
293
293
293
293
293
293
293
293
293
293
293
293
293
293
293
293
293
293
293
293
293
293
293
293
293
293
293
293
293
293
293
293
293
293
293
293
293
293
293
293
293
293
293
293
293
293
293
293
293
293
293
293
293
293
293
293
293
293
293
293
293
293
293
293
293
293
293
293
293
293
293
293
293
293
293
293
293
293
293
293
293
293
293
293
293
293
293
293
293
293
293
293
293
293
293
293
293
293
293
293
293
293
293
293
293
293
293
293
293
293
293
293
293
293
293
293
293
293
293
293
293
293
293
293
293
293
293
293
293
293
293
293
293
293
293
293
293
293
293
293
293
293
293
293
293
293
293
293
293
293
293
293
293
293
293
293
293
293
293
293
293
293
293
293
293
293
293
293
293
293
293
293
293
293
293
293
293
293
293
293
293
293
293
293
293
293
293
293
293
293
293
293
293
293
293
293
293
293
293
293
293
293
293
293
293
293
293
293
293
293
293
293
293
293
293
293
293
293
293
293
293
293
293
293
293
293
293
293
293
293
293
293
293
293
293
293
293
293
293
293
293
293
293
293
293
293
293
293
293
293
293
293
293
293
293
293
293
293
293
293
293
293
293
293
293
293
293
293
293
293
293
293
293
293
293
293
293
293
293
293
293
293
293
293
293
293
293
293
293
293
293
293
293
293
293
293
293
293
293
293
293
293
293
293
293
293
293
293
293
293
293
293
293
293
293
293
293
293
293
293
293
293
293
293
293
293
293
293
293
293
293
293
293
293
293
293
293
293
293
293
293
293
293
293
293
293
293
293
293
293
293
293
293
293
293
293
293
293
293
293
293
293
293
293
293
293
293
293
293
293
293
293
293
293
293
293
293
293
293
293
293
293
293
293
293
293
293
293
293
293
293
293
293
293
293
293
293
293
293
293
293
293
293
293
293
293
293
293
293
293
293
293
293
293
293
293
293
293
293
293
293
293
293
293
293
293
293
293
293
293
293
293
293
293
293
293
293
293
293
293
293
293
293
293
293
293
293
293
293
293
293
293
293
293
293
293
293
293
293
293
293
293
293
293
293
293
293
293
293
293
293
293
293
293
293
293
293
293
293
293
293
293
293
293
293
293
293
293
293
293
293
293
293
293
293
293
293
293
293
293
293
293
293
293
293
293
293
293
293
293
293
293
293
293
293
293
293
293
293
293
293
293
293
293
293
293
293
293
293
293
293
293
293
293
293
293
293
293
293
293
293
293
293
293
293
293
293
293
293
293
293
293
293
293
293
293
293
293
293
293
293
293
293
293
293
293
293
293
293
293
293
293
293
293
293
293
293
293
293
293
293
293
293
293
293
293
293
293
293
293
293
293
293
293
293
293
293
293
293
293
293
293
293
293
293
293
293
293
293
293
293
293
293
293
293
293
293
293
293
293
293
293
293
293
293
293
293
293
293
293
293
293
293
293
293
293
293
293
293
293
293
293
293
293
293
293
293
293
293
293
293
293
293
293
293
293
293
293
293
293
293
293
293
293
293
293
293
293
293
293
293
293
293
293
293
293
293
293
293
293
293
293
293
293
293
293
293
293
293
293
293
293
293
293
293
293
293
293
293
293
293
293
293
293
293
293
293
293
293
293
293
293
293
293
293
293
293
293
293
293
293
293
293
293
293
293
293
293
293
293
293
293
293
293
293
293
293
293
293
293
293
293
293
293
293
293
293
293
293
293
293
293
293
293
293
293
293
293
293
293
293
293
293
293
293
293
293
293
293
293
293
293
293
293
293
293
293
293
293
293
293
293
293
293
293
293
293
293
293
293
293
293
293
293
293
293
293
293
293
293
293
293
293
293
293
293
293
293
293
293
293
293
293
293
293
293
293
293
293
293
293
293
293
293
293
293
293
293
293
293
293
293
293
293
293
293
293
293
293
293
293
293
293
293
293
293
293
293
293
293
293
293
293
293
293
293
293
293
293
293
293
293
293
293
293
293
293
293
293
293
293
293
293
293
293
293
293
293
293
293
293
293
293
293
293
293
293
293
293
293
293
293
293
293
293
293
293
293
293
293
293
293
293
293
293
293
293
293
293
293
293
293
293
293
293
293
293
293
293
293
293
293
293
293
293
293
293
293
293
293
293
293
293
293
293
293
293
293
293
293
293
293
293
293
293
293
293
293
293
293
293
293
293
293
293
293
293
293
293
293
293
293
293
293
293
293
293
293
293
293
293
293
293
293
293
293
293
293
293
293
293
293
293
293
293
293
293
293
293
293
293
293
293
293
293
293
293
293
293
293
293
293
293
293
293
293
293
293
293
293
293
293
293
293
293
293
293
293
293
293
293
293
293
293
293
293
293
293
293
293
293
293
293
293
293
293
293
293
293
293
293
293
293
293
293
293
293
293
293
293
293
293
293
293
293
293
293
293
293
293
293
293
293
293
293
293
293
293
293
293
293
293
293
293
293
293
293
293
293
293
293
293
293
293
293
293
293
293
293
293
293
293
293
293
293
293
293
293
293
293
293
293
293
293
293
293
293
293
293
293
293
293
293
293
293
293
293
293
293
293
293
293
293
293
293
293
293
293
293
293
293
293
293
293
293
293
293
293
293
293
293
293
293
293
293
293
293
293
293
293
293
293
293
293
293
293
293
293
293
293
293
293
293
293
293
293
293
293
293
293
293
293
293
293
293
293
293
293
293
293
293
293
293
293
293
293
293
293
293
293
293
293
293
293
293
293
293
293
293
293
293
293
293
293
293
293
293
293
293
293
293
293
293
293
293
293
293
293
293
293
293
293
293
293
293
293
293
293
293
293
293
293
293
293
293
293
293
293
293
293
293
293
293
293
293
293
293
293
293
293
293
293
293
293
293
293
293
293
293
293
293
293
293
293
293
293
293
293
293
293
293
293
293
293
293
293
293
293
293
293
293
293
293
293
293
293
293
293
293
293
293
293
293
293
293
293
293
293
293
293
293
293
293
293
293
293
293
293
293
293
293
293
293
293
293
293
293
293
293
293
293
293
293
293
293
293
293
293
293
293
293
293
293
293
293
293
293
293
293
293
293
293
293
293
293
293
293
293
293
293
293
293
293
293
293
293
293
293
293
293
293
293
293
293
293
293
293
293
293
293
293
293
293
293
293
293
293
293
293
293
293
293
293
293
293
293
293
293
293
293
293
293
293
293
293
293
293
293
293
293
293
293
293
293
293
293
293
293
293
293
293
293
293
293
293
293
293
293
293
293
293
293
293
293
293
293
293
293
293
293
293
293
293
293
293
293
293
293
293
293
293
293
293
293
293
293
293
293
293
293
293
293
293
293
293
293
293
293
293
293
293
293
293
293
293
293
293
293
293
293
293
293
293
293
293
293
293
293
293
293
293
293
293
293
293
293
293
293
293
293
293
293
293
293
293
293
293
293
293
293
293
293
293
293
293
293
293
293
293
293
293
293
293
293
293
293
293
293
293
293
293
293
293
293
293
293
293
293
293
293
293
293
293
293
293
293
293
293
293
293
293
293
293
293
293
293
293
293
293
293
293
293
293
293
293
293
293
293
293
293
293
293
293
293
293
293
293
293
293
293
293
293
293
293
293
293
293
293
293
293
293
293
293
293
293
293
293
293
293
293
293
293
293
293
293
293
293
293
293
293
293
293
293
293
293
293
293
293
293
293
293
293
293
293
293
293
293
293
293
293
293
293
293
293
293
293
293
293
293
293
293
293
293
293
293
293
293
293
293
293
293
293
293
293
293
293
293
293
293
293
293
293
293
293
293
293
293
293
293
293
293
293
293
293
293
293
293
293
293
293
293
293
293
293
293
293
293
293
293
293
293
293
293
293
293
293
293
293
293
293
293
293
293
293
293
293
293
293
293
293
293
293
293
293
293
293
293
293
293
293
293
293
293
293
293
293
293
293
293
293
293
293
293
293
293
293
293
293
293
293
293
293
293
293
293
293
293
293
293
293
293
293
293
293
293
293
293
293
293
293
293
293
293
293
293
293
293
293
293
293
293
293
293
293
293
293
293
293
293
293
293
293
293
293
293
293
293
293
293
293
293
293
293
293
293
293
293
293
293
293
293
293
293
293
293
293
293
293
293
293
293
293
293
293
293
293
293
293
293
293
293
293
293
293
293
293
293
293
293
293
293
293
293
293
293
293
293
293
293
293
293
293
293
293
293
293
293
293
293
293
293
293
293
293
293
293
293
293
293
293
293
293
293
293
293
293
293
293
293
293
293
293
293
293
293
293
293
293
293
293
293
293
293
293
293
293
293
293
293
293
293
293
293
293
293
293
293
293
293
293
293
293
293
293
293
293
293
293
293
293
293
293
293
293
293
293
293
293
293
293
293
293
293
293
293
293
293
293
293
293
293
293
293
293
293
293
293
293
293
293
293
293
293
293
293
293
293
293
293
293
293
293
293
293
293
293
293
293
293
293
293
293
293
293
293
293
293
293
293
293
293
293
293
293
293
293
293
293
293
293
293
293
293
293
293
293
293
293
293
293
293
293
293
293
293
293
293
293
293
293
293
293
293
293
293
293
293
293
293
293
293
293
293
293
293
293
293
293
293
293
293
293
293
293
293
293
293
293
293
293
293
293
293
293
293
293
293
293
293
293
293
293
293
293
293
293
293
293
293
293
293
293
293
293
293
293
293
293
293
293
293
293
293
293
293
293
293
293
293
293
293
293
293
293
293
293
293
293
293
293
293
293
293
293
293
293
293
293
293
293
293
293
293
293
293
293
293
293
293
293
293
293
293
293
293
293
293
293
293
293
293
293
293
293
293
293
293
293
293
293
293
293
293
293
293
293
293
293
293
293
293
293
293
293
293
293
293
293
293
293
293
293
293
293
293
293
293
293
293
293
293
293
293
293
293
293
293
293
293
293
293
293
293
293
293
293
293
293
293
293
293
293
293
293
293
293
293
293
293
293
293
293
293
293
293
293
293
293
293
293
293
293
293
293
293
293
293
293
293
293
293
293
293
293
293
293
293
293
293
293
293
293
293
293
293
293
293
293
293
293
293
293
293
293
293
293
293
293
293
293
293
293
293
293
293
293
293
293
293
293
293
293
293
293
293
293
293
293
293
293
293
293
293
293
293
293
293
293
293
293
293
293
293
293
293
293
293
293
293
293
293
293
293
293
293
293
293
293
293
293
293
293
293
293
293
293
293
293
293
293
293
293
293
293
293
293
293
293
293
293
293
293
293
293
293
293
293
293
293
293
293
293
293
293
293
293
293
293
293
293
293
293
293
293
293
293
293
293
293
293
293
293
293
293
293
293
293
293
293
293
293
293
293
293
293
293
293
293
293
293
293
293
293
293
293
293
293
293
293
293
293
293
293
293
293
293
293
293
293
293
293
293
293
293
293
293
293
293
293
293
293
293
293
293
293
293
293
293
293
293
293
293
293
293
293
293
293
293
293
293
293
293
293
293
293
293
293
293
293
293
293
293
293
293
293
293
293
293
293
293
293
293
293
293
293
293
293
293
293
293
293
293
293
293
293
293
293
293
293
293
293
293
293
293
293
293
293
293
293
293
293
293
293
293
293
293
293
293
293
293
293
293
293
293
293
293
293
293
293
293
293
293
293
293
293
293
293
293
293
293
293
293
293
293
293
293
293
293
293
293
293
293
293
293
293
293
293
293
293
293
293
293
293
293
293
293
293
293
293
293
293
293
293
293
293
293
293
293
293
293
293
293
293
293
293
293
293
293
293
293
293
293
293
293
293
293
293
293
293
293
293
293
293
293
293
293
293
293
293
293
293
293
293
293
293
293
293
293
293
293
293
293
293
293
293
293
293
293
293
293
293
293
293
293
293
293
293
293
293
293
293
293
293
293
293
293
293
293
293
293
293
293
293
293
293
293
293
293
293
293
293
293
293
293
293
293
293
293
293
293
293
293
293
293
293
293
293
293
293
293.01
293.069
293.195
293.311
293.359
293.344
293.255
293.091
292.977
292.933
292.938
293.005
293.061
293.048
292.976
292.722
292.272
291.7
291.112
290.766
290.796
291.822
295.652
293
293
293
293
293
293
293
293
293
293
293
293
293
293
293
293
293
293
293
293
293
293
293
293
293
293
293
293
293
293
293
293
293
293
293
293
293
293
293
293
293
293
293
293
293
293
293
293
293
293
293
293
293
293
293
293
293
293
293
293
293
293
293
293
293
293
293
293
293
293
293
293
293
293
293
293
293.009
293.066
293.189
293.302
293.351
293.337
293.255
293.098
292.987
292.944
292.946
293.01
293.063
293.052
292.985
292.751
292.334
291.808
291.282
290.986
291.065
292.095
295.324
302.297
293
293
293
293
293
293
293
293
293
293
293
293
293
293
293
293
293
293
293
293
293
293
293
293
293
293
293
293
293
293
293
293
293
293
293
293
293
293
293
293
293
293
293
293
293
293
293
293
293
293
293
293
293
293
293
293
293
293
293
293
293
293
293
293
293
293
293
293
293
293
293
293
293
293
293
293
293.009
293.063
293.182
293.296
293.345
293.333
293.257
293.104
292.995
292.952
292.951
293.012
293.065
293.055
292.994
292.778
292.39
291.91
291.437
291.149
291.144
291.682
292.45
294.11
295.932
299.081
301.961
304.351
306.111
306.95
306.62
306.038
305.199
293
293
293
293
293
293
293
293
293
293
293
293
293
293
293
293
293
293
293
293
293
293
293
293
293
293
293
293
293
293
293
293
293
293
293
293
293
293
293
293
293
293
293
293
293
293
293
293
293
293
293
293
293
293
293
293
293
293
293
293
293
293
293
293
293
293
293
293
293
293
293
293
293
293
293
293
293.008
293.059
293.175
293.288
293.339
293.329
293.261
293.113
293.003
292.959
292.955
293.013
293.066
293.06
293.004
292.81
292.455
292.024
291.606
291.316
291.219
291.347
291.252
291.379
291.714
292.887
294.158
295.356
296.291
296.833
296.945
296.924
296.815
296.616
296.394
296.397
296.55
296.852
297.269
297.757
298.128
298.391
298.426
298.039
296.887
294.995
291.22
282.875
277.536
279.442
285.473
293.732
299.012
303.361
306.889
308.261
308.064
307.37
306.329
305.182
304.081
303.05
302.021
300.935
299.819
298.744
293
293
293
293
293
293
293
293
293
293
293
293
293
293
293
293
293
293
293
293
293
293
293
293
293
293
293
293
293
293
293
293
293
293
293
293
293
293
293
293
293
293
293
293
293
293
293
293
293
293
293
293
293
293
293
293
293
293
293
293
293
293
293
293
293
293
293
293
293
293
293
293
293
293
293
293
293.007
293.054
293.166
293.28
293.333
293.327
293.266
293.123
293.012
292.967
292.96
293.013
293.066
293.066
293.015
292.844
292.524
292.135
291.764
291.473
291.25
291.063
290.763
290.763
290.773
291.031
291.392
291.855
292.301
292.584
292.773
292.982
293.265
293.608
294.002
294.414
294.758
295.048
295.304
295.468
295.504
295.41
294.889
293.679
291.652
288.817
284.17
277.92
275.513
277.167
282.225
289.007
295.273
300.743
304.636
306.19
306.277
305.843
305.054
304.146
303.248
302.363
301.426
300.41
299.367
298.372
297.42
296.428
293
293
293
293
293
293
293
293
293
293
293
293
293
293
293
293
293
293
293
293
293
293
293
293
293
293
293
293
293
293
293
293
293
293
293
293
293
293
293
293
293
293
293
293
293
293
293
293
293
293
293
293
293
293
293
293
293
293
293
293
293
293
293
293
293
293
293
293
293
293
293
293
293
293
293
293
293.006
293.049
293.156
293.27
293.327
293.324
293.271
293.134
293.023
292.975
292.964
293.012
293.066
293.072
293.025
292.882
292.597
292.247
291.912
291.629
291.363
291.118
290.846
290.808
290.783
290.787
290.913
291.138
291.274
291.493
291.83
292.241
292.662
293.061
293.443
293.78
294.021
294.231
294.363
294.353
294.157
293.713
292.858
291.432
289.372
286.481
282
277.705
276.471
278.375
283.264
289.296
294.84
299.489
302.811
304.343
304.617
304.353
303.804
303.129
302.422
301.664
300.809
299.862
298.901
297.99
297.102
296.145
295.07
293
293
293
293
293
293
293
293
293
293
293
293
293
293
293
293
293
293
293
293
293
293
293
293
293
293
293
293
293
293
293
293
293
293
293
293
293
293
293
293
293
293
293
293
293
293
293
293
293
293
293
293
293
293
293
293
293
293
293
293
293
293
293
293
293
293
293
293
293
293
293
293
293
293
293
293
293.005
293.043
293.145
293.26
293.321
293.323
293.277
293.147
293.035
292.983
292.968
293.011
293.066
293.079
293.036
292.919
292.672
292.355
292.046
291.773
291.509
291.268
291.045
290.995
290.971
290.975
291.058
291.184
291.367
291.628
291.954
292.327
292.699
293.024
293.334
293.602
293.817
293.94
293.926
293.791
293.471
292.906
291.99
290.651
288.852
286.339
282.615
280.2
280.098
282.085
285.915
290.582
295.034
298.654
301.291
302.719
303.101
302.967
302.626
302.161
301.615
300.96
300.173
299.299
298.428
297.605
296.776
295.847
294.797
293
293
293
293
293
293
293
293
293
293
293
293
293
293
293
293
293
293
293
293
293
293
293
293
293
293
293
293
293
293
293
293
293
293
293
293
293
293
293
293
293
293
293
293
293
293
293
293
293
293
293
293
293
293
293
293
293
293
293
293
293
293
293
293
293
293
293
293
293
293
293
293
293
293
293
293
293.004
293.037
293.133
293.248
293.314
293.321
293.283
293.162
293.048
292.993
292.973
293.009
293.065
293.084
293.048
292.956
292.747
292.465
292.181
291.93
291.702
291.5
291.316
291.271
291.27
291.3
291.374
291.492
291.679
291.924
292.203
292.507
292.807
293.084
293.353
293.548
293.7
293.749
293.678
293.497
293.157
292.608
291.772
290.62
289.154
287.157
284.698
283.621
284.017
285.737
288.585
291.982
295.283
298.016
300.038
301.29
301.741
301.734
301.561
301.262
300.835
300.251
299.524
298.73
297.96
297.222
296.442
295.532
294.509
293
293
293
293
293
293
293
293
293
293
293
293
293
293
293
293
293
293
293
293
293
293
293
293
293
293
293
293
293
293
293
293
293
293
293
293
293
293
293
293
293
293
293
293
293
293
293
293
293
293
293
293
293
293
293
293
293
293
293
293
293
293
293
293
293
293
293
293
293
293
293
293
293
293
293
293
293.003
293.03
293.119
293.235
293.306
293.32
293.289
293.179
293.063
293.002
292.978
293.007
293.062
293.089
293.061
292.99
292.82
292.575
292.315
292.087
291.897
291.739
291.592
291.562
291.575
291.618
291.688
291.811
291.987
292.199
292.431
292.673
292.91
293.139
293.336
293.475
293.577
293.585
293.505
293.326
293.015
292.529
291.821
290.911
289.825
288.314
286.892
286.526
287.05
288.436
290.561
293.041
295.444
297.464
298.985
300.047
300.577
300.687
300.621
300.433
300.075
299.537
298.871
298.172
297.506
296.845
296.099
295.197
294.213
293
293
293
293
293
293
293
293
293
293
293
293
293
293
293
293
293
293
293
293
293
293
293
293
293
293
293
293
293
293
293
293
293
293
293
293
293
293
293
293
293
293
293
293
293
293
293
293
293
293
293
293
293
293
293
293
293
293
293
293
293
293
293
293
293
293
293
293
293
293
293
293
293
293
293
293
293.002
293.024
293.104
293.219
293.297
293.318
293.294
293.198
293.08
293.013
292.986
293.003
293.057
293.092
293.076
293.021
292.889
292.684
292.454
292.248
292.086
291.957
291.847
291.84
291.859
291.907
291.985
292.105
292.256
292.429
292.613
292.8
292.981
293.146
293.279
293.391
293.456
293.452
293.387
293.234
292.963
292.546
291.986
291.319
290.494
289.34
288.647
288.63
289.156
290.292
291.898
293.721
295.464
296.926
298.108
299.06
299.629
299.808
299.798
299.656
299.325
298.823
298.232
297.642
297.076
296.473
295.74
294.841
293.915
293
293
293
293
293
293
293
293
293
293
293
293
293
293
293
293
293
293
293
293
293
293
293
293
293
293
293
293
293
293
293
293
293
293
293
293
293
293
293
293
293
293
293
293
293
293
293
293
293
293
293
293
293
293
293
293
293
293
293
293
293
293
293
293
293
293
293
293
293
293
293
293
293
293
293
293
293.001
293.018
293.088
293.201
293.287
293.316
293.298
293.219
293.101
293.025
292.995
293.001
293.049
293.093
293.093
293.048
292.951
292.788
292.592
292.409
292.268
292.161
292.085
292.095
292.12
292.169
292.242
292.345
292.47
292.608
292.752
292.893
293.026
293.139
293.237
293.324
293.357
293.346
293.284
293.144
292.904
292.563
292.134
291.635
290.973
290.223
289.951
290.085
290.598
291.523
292.742
294.074
295.352
296.454
297.458
298.341
298.878
299.055
299.052
298.906
298.581
298.127
297.633
297.156
296.672
296.1
295.36
294.467
293.631
293
293
293
293
293
293
293
293
293
293
293
293
293
293
293
293
293
293
293
293
293
293
293
293
293
293
293
293
293
293
293
293
293
293
293
293
293
293
293
293
293
293
293
293
293
293
293
293
293
293
293
293
293
293
293
293
293
293
293
293
293
293
293
293
293
293
293
293
293
293
293
293
293
293
293
293
293.001
293.013
293.072
293.181
293.274
293.312
293.301
293.24
293.124
293.04
293.004
292.999
293.04
293.09
293.106
293.075
293.006
292.883
292.724
292.566
292.446
292.356
292.315
292.331
292.356
292.402
292.465
292.548
292.647
292.753
292.863
292.967
293.062
293.141
293.218
293.263
293.267
293.237
293.158
293.019
292.819
292.559
292.235
291.847
291.32
290.942
290.888
291.082
291.565
292.318
293.255
294.259
295.234
296.15
297.051
297.832
298.25
298.37
298.34
298.169
297.86
297.481
297.1
296.721
296.288
295.715
294.951
294.083
293.383
293
293
293
293
293
293
293
293
293
293
293
293
293
293
293
293
293
293
293
293
293
293
293
293
293
293
293
293
293
293
293
293
293
293
293
293
293
293
293
293
293
293
293
293
293
293
293
293
293
293
293
293
293
293
293
293
293
293
293
293
293
293
293
293
293
293
293
293
293
293
293
293
293
293
293
293
293
293.008
293.055
293.157
293.258
293.306
293.304
293.261
293.15
293.059
293.016
293.001
293.031
293.082
293.11
293.102
293.055
292.967
292.845
292.715
292.615
292.543
292.526
292.544
292.566
292.605
292.657
292.722
292.797
292.878
292.961
293.038
293.104
293.163
293.209
293.214
293.194
293.146
293.061
292.936
292.772
292.561
292.312
291.997
291.651
291.514
291.568
291.803
292.249
292.876
293.625
294.426
295.227
296.023
296.806
297.408
297.657
297.704
297.639
297.458
297.2
296.922
296.644
296.33
295.906
295.3
294.51
293.713
293.193
293
293
293
293
293
293
293
293
293
293
293
293
293
293
293
293
293
293
293
293
293
293
293
293
293
293
293
293
293
293
293
293
293
293
293
293
293
293
293
293
293
293
293
293
293
293
293
293
293
293
293
293
293
293
293
293
293
293
293
293
293
293
293
293
293
293
293
293
293
293
293
293
293
293
293
293
293
293.005
293.04
293.131
293.237
293.298
293.307
293.278
293.18
293.082
293.029
293.007
293.023
293.069
293.107
293.118
293.097
293.041
292.957
292.856
292.775
292.719
292.717
292.735
292.754
292.785
292.826
292.875
292.932
292.992
293.053
293.11
293.156
293.198
293.219
293.207
293.176
293.121
293.039
292.929
292.787
292.616
292.423
292.185
292.031
292.025
292.139
292.402
292.814
293.351
293.972
294.63
295.297
295.972
296.588
296.948
297.051
297.044
296.962
296.816
296.644
296.465
296.256
295.96
295.502
294.84
294.054
293.396
293.075
293
293
293
293
293
293
293
293
293
293
293
293
293
293
293
293
293
293
293
293
293
293
293
293
293
293
293
293
293
293
293
293
293
293
293
293
293
293
293
293
293
293
293
293
293
293
293
293
293
293
293
293
293
293
293
293
293
293
293
293
293
293
293
293
293
293
293
293
293
293
293
293
293
293
293
293
293
293.002
293.026
293.103
293.211
293.286
293.309
293.29
293.214
293.111
293.045
293.017
293.018
293.054
293.099
293.122
293.121
293.1
293.053
292.988
292.929
292.889
292.892
292.909
292.926
292.95
292.981
293.017
293.058
293.101
293.144
293.182
293.216
293.243
293.246
293.229
293.201
293.151
293.079
292.986
292.874
292.75
292.604
292.481
292.454
292.512
292.67
292.94
293.316
293.776
294.287
294.814
295.349
295.879
296.273
296.414
296.437
296.42
296.369
296.298
296.213
296.098
295.907
295.576
295.046
294.336
293.625
293.17
293.02
293
293
293
293
293
293
293
293
293
293
293
293
293
293
293
293
293
293
293
293
293
293
293
293
293
293
293
293
293
293
293
293
293
293
293
293
293
293
293
293
293
293
293
293
293
293
293
293
293
293
293
293
293
293
293
293
293
293
293
293
293
293
293
293
293
293
293
293
293
293
293
293
293
293
293
293
293
293.001
293.015
293.075
293.18
293.269
293.307
293.299
293.248
293.146
293.067
293.031
293.018
293.041
293.084
293.118
293.131
293.129
293.115
293.089
293.06
293.039
293.043
293.058
293.074
293.093
293.116
293.142
293.171
293.2
293.228
293.253
293.277
293.292
293.288
293.274
293.249
293.208
293.16
293.096
293.017
292.93
292.849
292.82
292.85
292.946
293.123
293.381
293.711
294.091
294.487
294.894
295.308
295.66
295.828
295.857
295.866
295.897
295.923
295.921
295.885
295.78
295.55
295.136
294.522
293.827
293.288
293.05
293.003
293
293
293
293
293
293
293
293
293
293
293
293
293
293
293
293
293
293
293
293
293
293
293
293
293
293
293
293
293
293
293
293
293
293
293
293
293
293
293
293
293
293
293
293
293
293
293
293
293
293
293
293
293
293
293
293
293
293
293
293
293
293
293
293
293
293
293
293
293
293
293
293
293
293
293
293
293
293
293.007
293.048
293.143
293.244
293.299
293.306
293.277
293.186
293.097
293.047
293.025
293.032
293.066
293.106
293.13
293.141
293.142
293.14
293.136
293.135
293.145
293.161
293.177
293.195
293.215
293.235
293.256
293.276
293.295
293.312
293.326
293.33
293.328
293.317
293.296
293.265
293.225
293.182
293.134
293.09
293.07
293.086
293.147
293.265
293.444
293.678
293.951
294.243
294.546
294.856
295.133
295.292
295.339
295.361
295.426
295.544
295.629
295.65
295.606
295.453
295.13
294.607
293.962
293.395
293.09
293.008
293
293
293
293
293
293
293
293
293
293
293
293
293
293
293
293
293
293
293
293
293
293
293
293
293
293
293
293
293
293
293
293
293
293
293
293
293
293
293
293
293
293
293
293
293
293
293
293
293
293
293
293
293
293
293
293
293
293
293
293
293
293
293
293
293
293
293
293
293
293
293
293
293
293
293
293
293
293
293
293.003
293.026
293.102
293.208
293.284
293.31
293.297
293.232
293.137
293.071
293.04
293.031
293.05
293.087
293.12
293.14
293.152
293.161
293.169
293.18
293.197
293.215
293.23
293.247
293.265
293.282
293.299
293.315
293.329
293.342
293.348
293.348
293.345
293.334
293.318
293.295
293.266
293.232
293.205
293.194
293.205
293.248
293.332
293.46
293.63
293.826
294.039
294.26
294.487
294.69
294.822
294.879
294.924
295.017
295.18
295.351
295.423
295.414
295.309
295.049
294.6
294.015
293.462
293.126
293.016
293.001
293
293
293
293
293
293
293
293
293
293
293
293
293
293
293
293
293
293
293
293
293
293
293
293
293
293
293
293
293
293
293
293
293
293
293
293
293
293
293
293
293
293
293
293
293
293
293
293
293
293
293
293
293
293
293
293
293
293
293
293
293
293
293
293
293
293
293
293
293
293
293
293
293
293
293
293
293
293
293
293.001
293.011
293.063
293.162
293.257
293.306
293.308
293.276
293.187
293.105
293.06
293.039
293.042
293.065
293.099
293.128
293.147
293.162
293.177
293.194
293.214
293.231
293.244
293.259
293.274
293.289
293.303
293.316
293.327
293.333
293.335
293.331
293.324
293.31
293.292
293.271
293.249
293.235
293.23
293.24
293.275
293.341
293.438
293.563
293.707
293.862
294.024
294.186
294.324
294.422
294.493
294.573
294.696
294.881
295.095
295.21
295.221
295.14
294.915
294.516
293.987
293.475
293.144
293.022
293.001
293
293
293
293
293
293
293
293
293
293
293
293
293
293
293
293
293
293
293
293
293
293
293
293
293
293
293
293
293
293
293
293
293
293
293
293
293
293
293
293
293
293
293
293
293
293
293
293
293
293
293
293
293
293
293
293
293
293
293
293
293
293
293
293
293
293
293
293
293
293
293
293
293
293
293
293
293
293
293
293
293
293.004
293.031
293.109
293.213
293.289
293.314
293.305
293.246
293.156
293.09
293.057
293.045
293.052
293.075
293.105
293.13
293.151
293.168
293.186
293.205
293.22
293.23
293.241
293.252
293.263
293.272
293.279
293.283
293.283
293.279
293.271
293.26
293.247
293.234
293.224
293.221
293.224
293.24
293.274
293.33
293.406
293.5
293.605
293.715
293.829
293.94
294.041
294.131
294.22
294.326
294.476
294.67
294.881
295.013
295.029
294.952
294.738
294.367
293.889
293.434
293.137
293.023
293.002
293
293
293
293
293
293
293
293
293
293
293
293
293
293
293
293
293
293
293
293
293
293
293
293
293
293
293
293
293
293
293
293
293
293
293
293
293
293
293
293
293
293
293
293
293
293
293
293
293
293
293
293
293
293
293
293
293
293
293
293
293
293
293
293
293
293
293
293
293
293
293
293
293
293
293
293
293
293
293
293
293
293
293.001
293.011
293.058
293.153
293.251
293.307
293.318
293.299
293.222
293.139
293.086
293.061
293.054
293.061
293.08
293.102
293.125
293.144
293.162
293.177
293.188
293.194
293.2
293.205
293.209
293.212
293.213
293.212
293.209
293.204
293.199
293.195
293.193
293.195
293.201
293.214
293.235
293.269
293.316
293.376
293.446
293.523
293.604
293.689
293.773
293.856
293.945
294.052
294.185
294.345
294.519
294.704
294.826
294.833
294.744
294.522
294.166
293.737
293.351
293.11
293.019
293.001
293
293
293
293
293
293
293
293
293
293
293
293
293
293
293
293
293
293
293
293
293
293
293
293
293
293
293
293
293
293
293
293
293
293
293
293
293
293
293
293
293
293
293
293
293
293
293
293
293
293
293
293
293
293
293
293
293
293
293
293
293
293
293
293
293
293
293
293
293
293
293
293
293
293
293
293
293
293
293
293
293
293
293
293
293.002
293.022
293.087
293.189
293.276
293.318
293.321
293.293
293.213
293.138
293.093
293.071
293.066
293.069
293.081
293.096
293.111
293.125
293.137
293.144
293.148
293.151
293.154
293.155
293.156
293.157
293.157
293.158
293.159
293.162
293.167
293.175
293.187
293.203
293.225
293.256
293.296
293.344
293.397
293.456
293.52
293.59
293.666
293.754
293.857
293.977
294.114
294.258
294.408
294.554
294.638
294.623
294.506
294.265
293.923
293.551
293.247
293.073
293.012
293.001
293
293
293
293
293
293
293
293
293
293
293
293
293
293
293
293
293
293
293
293
293
293
293
293
293
293
293
293
293
293
293
293
293
293
293
293
293
293
293
293
293
293
293
293
293
293
293
293
293
293
293
293
293
293
293
293
293
293
293
293
293
293
293
293
293
293
293
293
293
293
293
293
293
293
293
293
293
293
293
293
293
293
293
293
293
293
293.005
293.035
293.111
293.212
293.291
293.324
293.325
293.296
293.222
293.154
293.11
293.088
293.081
293.082
293.085
293.093
293.101
293.11
293.116
293.119
293.123
293.125
293.128
293.131
293.134
293.137
293.141
293.146
293.152
293.162
293.174
293.192
293.214
293.244
293.279
293.321
293.37
293.426
293.49
293.562
293.644
293.739
293.844
293.958
294.075
294.195
294.314
294.404
294.434
294.384
294.228
293.972
293.658
293.36
293.146
293.039
293.006
293
293
293
293
293
293
293
293
293
293
293
293
293
293
293
293
293
293
293
293
293
293
293
293
293
293
293
293
293
293
293
293
293
293
293
293
293
293
293
293
293
293
293
293
293
293
293
293
293
293
293
293
293
293
293
293
293
293
293
293
293
293
293
293
293
293
293
293
293
293
293
293
293
293
293
293
293
293
293
293
293
293
293
293
293
293
293
293
293.001
293.008
293.044
293.123
293.222
293.295
293.328
293.329
293.309
293.25
293.187
293.143
293.118
293.106
293.103
293.104
293.106
293.111
293.115
293.118
293.121
293.124
293.128
293.133
293.138
293.145
293.153
293.164
293.177
293.194
293.216
293.243
293.276
293.314
293.358
293.409
293.467
293.533
293.607
293.687
293.77
293.856
293.947
294.042
294.13
294.196
294.225
294.202
294.099
293.909
293.66
293.404
293.196
293.069
293.016
293.002
293
293
293
293
293
293
293
293
293
293
293
293
293
293
293
293
293
293
293
293
293
293
293
293
293
293
293
293
293
293
293
293
293
293
293
293
293
293
293
293
293
293
293
293
293
293
293
293
293
293
293
293
293
293
293
293
293
293
293
293
293
293
293
293
293
293
293
293
293
293
293
293
293
293
293
293
293
293
293
293
293
293
293
293
293
293
293
293
293
293
293.001
293.009
293.046
293.122
293.216
293.289
293.325
293.331
293.321
293.291
293.244
293.2
293.17
293.153
293.145
293.143
293.146
293.151
293.154
293.159
293.165
293.171
293.179
293.189
293.201
293.216
293.234
293.257
293.283
293.315
293.351
293.394
293.441
293.493
293.548
293.604
293.662
293.723
293.789
293.857
293.922
293.977
294.015
294.027
294.001
293.917
293.771
293.579
293.374
293.2
293.083
293.025
293.005
293.001
293
293
293
293
293
293
293
293
293
293
293
293
293
293
293
293
293
293
293
293
293
293
293
293
293
293
293
293
293
293
293
293
293
293
293
293
293
293
293
293
293
293
293
293
293
293
293
293
293
293
293
293
293
293
293
293
293
293
293
293
293
293
293
293
293
293
293
293
293
293
293
293
293
293
293
293
293
293
293
293
293
293
293
293
293
293
293
293
293
293
293
293
293.001
293.008
293.04
293.107
293.193
293.268
293.314
293.332
293.329
293.318
293.301
293.279
293.257
293.24
293.23
293.229
293.232
293.236
293.243
293.252
293.263
293.277
293.293
293.312
293.335
293.36
293.388
293.418
293.45
293.483
293.518
293.555
293.596
293.64
293.686
293.731
293.772
293.807
293.832
293.843
293.834
293.792
293.711
293.591
293.445
293.293
293.163
293.074
293.025
293.006
293.001
293
293
293
293
293
293
293
293
293
293
293
293
293
293
293
293
293
293
293
293
293
293
293
293
293
293
293
293
293
293
293
293
293
293
293
293
293
293
293
293
293
293
293
293
293
293
293
293
293
293
293
293
293
293
293
293
293
293
293
293
293
293
293
293
293
293
293
293
293
293
293
293
293
293
293
293
293
293
293
293
293
293
293
293
293
293
293
293
293
293
293
293
293
293
293
293.001
293.006
293.028
293.079
293.153
293.228
293.283
293.315
293.329
293.332
293.329
293.325
293.323
293.324
293.329
293.336
293.342
293.35
293.359
293.37
293.382
293.396
293.411
293.429
293.449
293.471
293.495
293.521
293.549
293.576
293.602
293.627
293.647
293.665
293.675
293.676
293.663
293.63
293.574
293.496
293.399
293.292
293.19
293.107
293.05
293.018
293.005
293.001
293
293
293
293
293
293
293
293
293
293
293
293
293
293
293
293
293
293
293
293
293
293
293
293
293
293
293
293
293
293
293
293
293
293
293
293
293
293
293
293
293
293
293
293
293
293
293
293
293
293
293
293
293
293
293
293
293
293
293
293
293
293
293
293
293
293
293
293
293
293
293
293
293
293
293
293
293
293
293
293
293
293
293
293
293
293
293
293
293
293
293
293
293
293
293
293
293
293
293
293.003
293.015
293.047
293.1
293.165
293.225
293.27
293.301
293.32
293.333
293.344
293.353
293.364
293.373
293.381
293.389
293.399
293.409
293.42
293.432
293.445
293.458
293.471
293.484
293.496
293.507
293.517
293.523
293.525
293.522
293.511
293.49
293.457
293.413
293.357
293.292
293.223
293.156
293.097
293.053
293.025
293.009
293.003
293.001
293
293
293
293
293
293
293
293
293
293
293
293
293
293
293
293
293
293
293
293
293
293
293
293
293
293
293
293
293
293
293
293
293
293
293
293
293
293
293
293
293
293
293
293
293
293
293
293
293
293
293
293
293
293
293
293
293
293
293
293
293
293
293
293
293
293
293
293
293
293
293
293
293
293
293
293
293
293
293
293
293
293
293
293
293
293
293
293
293
293
293
293
293
293
293
293
293
293
293
293
293
293
293.001
293.006
293.02
293.049
293.092
293.141
293.187
293.227
293.259
293.284
293.304
293.321
293.332
293.34
293.347
293.354
293.36
293.366
293.371
293.375
293.378
293.379
293.378
293.373
293.364
293.351
293.334
293.311
293.282
293.249
293.211
293.171
293.13
293.093
293.061
293.036
293.019
293.009
293.003
293.001
293
293
293
293
293
293
293
293
293
293
293
293
293
293
293
293
293
293
293
293
293
293
293
293
293
293
293
293
293
293
293
293
293
293
293
293
293
293
293
293
293
293
293
293
293
293
293
293
293
293
293
293
293
293
293
293
293
293
293
293
293
293
293
293
293
293
293
293
293
293
293
293
293
293
293
293
293
293
293
293
293
293
293
293
293
293
293
293
293
293
293
293
293
293
293
293
293
293
293
293
293
293
293
293
293
293
293
293.001
293.006
293.016
293.034
293.059
293.088
293.117
293.144
293.167
293.186
293.196
293.202
293.206
293.208
293.209
293.209
293.206
293.201
293.195
293.186
293.175
293.161
293.145
293.128
293.109
293.09
293.071
293.054
293.038
293.025
293.015
293.009
293.004
293.002
293.001
293
293
293
293
293
293
293
293
293
293
293
293
293
293
293
293
293
293
293
293
293
293
293
293
293
293
293
293
293
293
293
293
293
293
293
293
293
293
293
293
293
293
293
293
293
293
293
293
293
293
293
293
293
293
293
293
293
293
293
293
293
293
293
293
293
293
293
293
293
293
293
293
293
293
293
293
293
293
293
293
293
293
293
293
293
293
293
293
293
293
293
293
293
293
293
293
293
293
293
293
293
293
293
293
293
293
293
293
293
293
293
293
293.001
293.003
293.007
293.013
293.022
293.032
293.041
293.05
293.054
293.056
293.057
293.057
293.056
293.055
293.052
293.048
293.044
293.039
293.033
293.028
293.023
293.018
293.013
293.009
293.006
293.004
293.002
293.001
293.001
293
293
293
293
293
293
293
293
293
293
293
293
293
293
293
293
293
293
293
293
293
293
293
293
293
293
293
293
293
293
293
293
293
293
293
293
293
293
293
293
293
293
293
293
293
293
293
293
293
293
293
293
293
293
293
293
293
293
293
293
293
293
293
293
293
293
293
293
293
293
293
293
293
293
293
293
293
293
293
293
293
293
293
293
293
293
293
293
293
293
293
293
293
293
293
293
293
293
293
293
293
293
293
293
293
293
293
293
293
293
293
293
293
293
293
293
293
293
293
293.001
293.001
293.002
293.003
293.004
293.005
293.005
293.005
293.005
293.005
293.005
293.004
293.004
293.003
293.003
293.002
293.001
293.001
293.001
293
293
293
293
293
293
293
293
293
293
293
293
293
293
293
293
293
293
293
293
293
293
293
293
293
293
293
293
293
293
293
293
293
293
293
293
293
293
293
293
293
293
293
293
293
293
293
293
293
293
293
293
293
293
293
293
293
293
293
293
293
293
293
293
293
293
293
293
293
293
293
293
293
293
293
293
293
293
293
293
293
293
293
293
293
293
293
293
293
293
293
293
293
293
293
293
293
293
293
293
293
293
293
293
293
293
293
293
293
293
293
293
293
293
293
293
293
293
293
293
293
293
293
293
293
293
293
293
293
293
293
293
293
293
293
293
293
293
293
293
293
293
293
293
293
293
293
293
293
293
293
293
293
293
293
293
293
293
293
293
293
293
293
293
293
293
293
293
293
293
293
293
293
293
293
293
293
293
293
293
293
293
293
293
293
293
293
293
293
293
293
293
293
293
293
293
293
293
293
293
293
293
293
293
293
293
293
293
293
293
293
293
293
293
293
293
293
293
293
293
293
293
293
293
293
293
293
293
293
293
293
293
293
293
293
293
293
293
293
293
293
293
293
293
293
293
293
293
293
293
293
293
293
293
293
293
293
293
293
293
293
293
293
293
293
293
293
293
293
293
293
293
293
293
293
293
293
293
293
293
293
293
293
293
293
293
293
293
293
293
293
293
293
293
293
293
293
293
293
293
293
293
293
293
293
293
293
293
293
293
293
293
293
293
293
293
293
293
293
293
293
293
293
293
293
293
293
293
293
293
293
293
293
293
293
293
293
293
293
293
293
293
293
293
293
293
293
293
293
293
293
293
293
293
293
293
293
293
293
293
293
293
293
293
293
293
293
293
293
293
293
293
293
293
293
293
293
293
293
293
293
293
293
293
293
293
293
293
293
293
293
293
293
293
293
293
293
293
293
293
293
293
293
293
293
293
293
293
293
293
293
293
293
293
293
293
293
293
293
293
293
293
293
293
293
293
293
293
293
293
293
293
293
293
293
293
293
293
293
293
293
293
293
293
293
293
293
293
293
293
293
293
293
293
293
293
293
293
293
293
293
293
293
293
293
293
293
293
293
293
293
293
293
293
293
293
293
293
293
293
293
293
293
293
293
293
293
293
293
293
293
293
293
293
293
293
293
293
293
293
293
293
293
293
293
293
293
293
293
293
293
293
293
293
293
293
293
293
293
293
293
293
293
293
293
293
293
293
293
293
293
293
293
293
293
293
293
293
293
293
293
293
293
293
293
293
293
293
293
293
293
293
293
293
293
293
293
293
293
293
293
293
293
293
293
293
293
293
293
293
293
293
293
293
293
293
293
293
293
293
293
293
293
293
293
293
293
293
293
293
293
293
293
293
293
293
293
293
293
293
293
293
293
293
293
293
293
293
293
293
293
293
293
293
293
293
293
293
293
293
293
293
293
293
293
293
293
293
293
293
293
293
293
293
293
293
293
293
293
293
293
293
293
293
293
293
293
293
293
293
293
293
293
293
293
293
293
293
293
293
293
293
293
293
293
293
293
293
293
293
293
293
293
293
293
293
293
293
293
293
293
293
293
293
293
293
293
293
293
293
293
293
293
293
293
293
293
293
293
293
293
293
293
293
293
293
293
293
293
293
293
293
293
293
293
293
293
293
293
293
293
293
293
293
293
293
293
293
293
293
293
293
293
293
293
293
293
293
293
293
293
293
293
293
293
293
293
293
293
293
293
293
293
293
293
293
293
293
293
293
293
293
293
293
293
293
293
293
293
293
293
293
293
293
293
293
293
293
293
293
293
293
293
293
293
293
293
293
293
293
293
293
293
293
293
293
293
293
293
293
293
293
293
293
293
293
293
293
293
293
293
293
293
293
293
293
293
293
293
293
293
293
293
293
293
293
293
293
293
293
293
293
293
293
293
293
293
293
293
293
293
293
293
293
293
293
293
293
293
293
293
293
293
293
293
293
293
293
293
293
293
293
293
293
293
293
293
293
293
293
293
293
293
293
293
293
293
293
293
293
293
293
293
293
293
293
293
293
293
293
293
293
293
293
293
293
293
293
293
293
293
293
293
293
293
293
293
293
293
293
293
293
293
293
293
293
293
293
293
293
293
293
293
293
293
293
293
293
293
293
293
293
293
293
293
293
293
293
293
293
293
293
293
293
293
293
293
293
293
293
293
293
293
293
293
293
293
293
293
293
293
293
293
293
293
293
293
293
293
293
293
293
293
293
293
293
293
293
293
293
293
293
293
293
293
293
293
293
293
293
293
293
293
293
293
293
293
293
293
293
293
293
293
293
293
293
293
293
293
293
293
293
293
293
293
293
293
293
293
293
293
293
293
293
293
293
293
293
293
293
293
293
293
293
293
293
293
293
293
293
293
293
293
293
293
293
293
293
293
293
293
293
293
293
293
293
293
293
293
293
293
293
293
293
293
293
293
293
293
293
293
293
293
293
293
293
293
293
293
293
293
293
293
293
293
293
293
293
293
293
293
293
293
293
293
293
293
293
293
293
293
293
293
293
293
293
293
293
293
293
293
293
293
293
293
293
293
293
293
293
293
293
293
293
293
293
293
293
293
293
293
293
293
293
293
293
293
293
293
293
293
293
293
293
293
293
293
293
293
293
293
293
293
293
293
293
293
293
293
293
293
293
293
293
293
293
293
293
293
293
293
293
293
293
293
293
293
293
293
293
293
293
293
293
293
293
293
293
293
293
293
293
293
293
293
293
293
293
293
293
293
293
293
293
293
293
293
293
293
293
293
293
293
293
293
293
293
293
293
293
293
293
293
293
293
293
293
293
293
293
293
293
293
293
293
293
293
293
293
293
293
293
293
293
293
293
293
293
293
293
293
293
293
293
293
293
293
293
293
293
293
293
293
293
293
293
293
293
293
293
293
293
293
293
293
293
293
293
293
293
293
293
293
293
293
293
293
293
293
293
293
293
293
293
293
293
293
293
293
293
293
293
293
293
293
293
293
293
293
293
293
293
293
293
293
293
293
293
293
293
293
293
293
293
293
293
293
293
293
293
293
293
293
293
293
293
293
293
293
293
293
293
293
293
293
293
293
293
293
293
293
293
293
293
293
293
293
293
293
293
293
293
293
293
293
293
293
293
293
293
293
293
293
293
293
293
293
293
293
293
293
293
293
293
293
293
293
293
293
293
293
293
293
293
293
293
293
293
293
293
293
293
293
293
293
293
293
293
293
293
293
293
293
293
293
293
293
293
293
293
293
293
293
293
293
293
293
293
293
293
293
293
293
293
293
293
293
293
293
293
293
293
293
293
293
293
293
293
293
293
293
293
293
293
293
293
293
293
293
293
293
293
293
293
293
293
293
293
293
293
293
293
293
293
293
293
293
293
293
293
293
293
293
293
293
293
293
293
293
293
293
293
293
293
293
293
293
293
293
293
293
293
293
293
293
293
293
293
293
293
293
293
293
293
293
293
293
293
293
293
293
293
293
293
293
293
293
293
293
293
293
293
293
293
293
293
293
293
293
293
293
293
293
293
293
293
293
293
293
293
293
293
293
293
293
293
293
293
293
293
293
293
293
293
293
293
293
293
293
293
293
293
293
293
293
293
293
293
293
293
293
293
293
293
293
293
293
293
293
293
293
293
293
293
293
293
293
293
293
293
293
293
293
293
293
293
293
293
293
293
293
293
293
293
293
293
293
293
293
293
293
293
293
293
293
293
293
293
293
293
293
293
293
293
293
293
293
293
293
293
293
293
293
293
293
293
293
293
293
293
293
293
293
293
293
293
293
293
293
293
293
293
293
293
293
293
293
293
293
293
293
293
293
293
293
293
293
293
293
293
293
293
293
293
293
293
293
293
293
293
293
293
293
293
293
293
293
293
293
293
293
293
293
293
293
293
293
293
293
293
293
293
293
293
293
293
293
293
293
293
293
293
293
293
293
293
293
293
293
293
293
293
293
293
293
293
293
293
293
293
293
293
293
293
293
293
293
293
293
293
293
293
293
293
293
293
293
293
293
293
293
293
293
293
293
293
293
293
293
293
293
293
293
293
293
293
293
293
293
293
293
293
293
293
293
293
293
293
293
293
293
293
293
293
293
293
293
293
293
293
293
293
293
293
293
293
293
293
293
293
293
293
293
293
293
293
293
293
293
293
293
293
293
293
293
293
293
293
293
293
293
293
293
293
293
293
293
293
293
293
293
293
293
293
293
293
293
293
293
293
293
293
293
293
293
293
293
293
293
293
293
293
293
293
293
293
293
293
293
293
293
293
293
293
293
293
293
293
293
293
293
293
293
293
293
293
293
293
293
293
293
293
293
293
293
293
293
293
293
293
293
293
293
293
293
293
293
293
293
293
293
293
293
293
293
293
293
293
293
293
293
293
293
293
293
293
293
293
293
293
293
293
293
293
293
293
293
293
293
293
293
293
293
293
293
293
293
293
293
293
293
293
293
293
293
293
293
293
293
293
293
293
293
293
293
293
293
293
293
293
293
293
293
293
293
293
293
293
293
293
293
293
293
293
293
293
293
293
293
293
293
293
293
293
293
293
293
293
293
293
293
293
293
293
293
293
293
293
293
293
293
293
293
293
293
293
293
293
293
293
293
293
293
293
293
293
293
293
293
293
293
293
293
293
293
293
293
293
293
293
293
293
293
293
293
293
293
293
293
293
293
293
293
293
293
293
293
293
293
293
293
293
293
293
293
293
293
293
293
293
293
293
293
293
293
293
293
293
293
293
293
293
293
293
293
293
293
293
293
293
293
293
293
293
293
293
293
293
293
293
293
293
293
293
293
293
293
293
293
293
293
293
293
293
293
293
293
293
293
293
293
293
293
293
293
293
293
293
293
293
293
293
293
293
293
293
293
293
293
293
293
293
293
293
293
293
293
293
293
293
293
293
293
293
293
293
293
293
293
293
293
293
293
293
293
293
293
293
293
293
293
293
293
293
293
293
293
293
293
293
293
293
293
293
293
293
293
293
293
293
293
293
293
293
293
293
293
293
293
293
293
293
293
293
293
293
293
293
293
293
293
293
293
293
293
293
293
293
293
293
293
293
293
293
293
293
293
293
293
293
293
293
293
293
293
293
293
293
293
293
293
293
293
293
293
293
293
293
293
293
293
293
293
293
293
293
293
293
293
293
293
293
293
293
293
293
293
293
293
293
293
293
293
293
293
293
293
293
293
293
293
293
293
293
293
293
293
293
293
293
293
293
293
293
293
293
293
293
293
293
293
293
293
293
293
293
293
293
293
293
293
293
293
293
293
293
293
293
293
293
293
293
293
293
293
293
293
293
293
293
293
293
293
293
293
293
293
293
293
293
293
293
293
293
293
293
293
293
293
293
293
293
293
293
293
293
293
293
293
293
293
293
293
293
293
293
293
293
293
293
293
293
293
293
293
293
293
293
293
293
293
293
293
293
293
293
293
293
293
293
293
293
293
293
293
293
293
293
293
293
293
293
293
293
293
293
293
293
293
293
293
293
293
293
293
293
293
293
293
293
293
293
293
293
293
293
293
293
293
293
293
293
293
293
293
293
293
293
293
293
293
293
293
293
293
293
293
293
293
293
293
293
293
293
293
293
293
293
293
293
293
293
293
293
293
293
293
293
293
293
293
293
293
293
293
293
293
293
293
293
293
293
293
293
293
293
293
293
293
293
293
293
293
293
293
293
293
)
;

boundaryField
{
    FreestreamLeft
    {
        type            totalTemperature;
        gamma           1.4;
        T0              uniform 293;
        value           uniform 293;
    }
    FreestreamTop
    {
        type            totalTemperature;
        gamma           1.4;
        T0              uniform 293;
        value           uniform 293;
    }
    Inlet
    {
        type            totalTemperature;
        gamma           1.4;
        T0              nonuniform List<scalar> 0();
        value           nonuniform List<scalar> 0();
    }
    Outlet
    {
        type            zeroGradient;
    }
    Wall
    {
        type            zeroGradient;
    }
    Wedge1
    {
        type            wedge;
    }
    Wedge2
    {
        type            wedge;
    }
    procBoundary2to1
    {
        type            processor;
        value           nonuniform List<scalar> 
190
(
318.874
318.874
307.194
317.845
304.157
318.62
319.039
319.586
318.33
316.553
314.452
311.311
307.194
299.098
297.724
300.245
301.431
302.594
303.731
304.921
306.227
307.585
308.81
309.754
310.355
309.857
309.011
309.037
305.755
291.558
281.27
283.984
294.371
301.379
303.501
304.024
303.794
303.28
302.753
302.47
301.893
301.233
300.921
301.024
301.749
302.82
304.157
296.693
295.325
297.724
295.325
294.009
293.806
293.608
293.424
293.266
293.145
293.064
293.021
293.005
293.001
293
293
293
293
293
293
293
293
293
293
293
293
293
293
293
293
293
293
293
293
293
293
293
293
293
293
293
293
293
293
293
293
293
293
319.058
319.058
307.274
307.274
311.379
314.554
316.752
318.52
319.664
319.074
318.631
317.829
304.126
304.126
302.772
301.68
300.96
300.879
301.16
301.763
302.345
302.792
303.342
303.846
304.046
303.477
301.324
294.306
283.857
281.103
291.205
305.546
309.279
309.249
310.058
310.507
309.849
308.852
307.584
306.209
304.903
303.72
302.59
301.433
300.249
299.102
297.727
297.727
296.696
295.328
295.328
294.012
293.808
293.61
293.427
293.269
293.146
293.065
293.022
293.005
293.001
293
293
293
293
293
293
293
293
293
293
293
293
293
293
293
293
293
293
293
293
293
293
293
293
293
293
293
293
293
293
293
293
293
293
)
;
    }
}


// ************************************************************************* //
