/*--------------------------------*- C++ -*----------------------------------*\
| =========                 |                                                 |
| \\      /  F ield         | OpenFOAM: The Open Source CFD Toolbox           |
|  \\    /   O peration     | Version:  2406                                  |
|   \\  /    A nd           | Website:  www.openfoam.com                      |
|    \\/     M anipulation  |                                                 |
\*---------------------------------------------------------------------------*/
FoamFile
{
    version     2.0;
    format      ascii;
    arch        "LSB;label=32;scalar=64";
    class       volScalarField;
    location    "0.065";
    object      T;
}
// * * * * * * * * * * * * * * * * * * * * * * * * * * * * * * * * * * * * * //

dimensions      [0 0 0 1 0 0 0];

internalField   nonuniform List<scalar> 
14020
(
242.377
242.55
242.799
243.157
243.663
244.37
245.347
246.677
248.47
250.855
253.994
258.07
263.307
269.948
278.264
288.531
301.002
315.857
333.108
352.438
372.972
392.986
410.037
421.599
426.787
428.143
428.349
428.379
428.374
428.344
428.263
428.127
427.955
427.772
427.607
427.491
427.438
427.432
427.446
427.476
427.5
427.525
427.552
427.573
427.584
427.588
427.597
427.61
427.621
427.631
427.64
427.644
427.639
427.628
427.614
427.597
427.582
427.576
427.575
427.578
427.589
427.605
427.619
427.626
427.632
427.633
427.631
427.624
427.619
427.617
427.616
427.616
427.616
427.618
427.616
427.613
427.608
427.604
427.599
427.596
427.596
427.599
427.604
427.611
427.618
427.623
427.625
427.626
427.625
427.622
427.618
427.614
427.611
427.607
427.603
427.597
427.588
427.573
427.553
427.526
427.492
427.451
427.404
427.351
427.296
427.245
427.207
427.188
427.18
427.178
427.178
427.18
427.185
427.195
427.211
427.233
427.26
427.29
427.321
427.35
427.373
427.39
427.4
427.405
427.407
427.41
427.413
427.417
427.421
427.426
427.432
427.437
427.441
427.444
427.445
427.446
427.447
427.449
427.452
427.454
427.457
427.46
427.462
427.465
427.467
427.47
427.472
427.474
427.477
427.48
427.482
427.484
427.486
427.486
427.486
427.486
427.484
427.482
427.48
427.478
427.476
427.476
427.475
427.475
427.475
427.475
427.475
427.475
427.475
427.475
427.477
427.478
427.48
427.481
427.482
427.482
427.483
427.483
427.483
427.483
427.483
427.483
427.483
427.484
427.485
427.486
427.487
427.488
427.488
427.488
427.488
427.488
427.489
427.49
427.493
427.495
427.495
427.494
427.472
427.318
426.893
426.205
425.354
424.419
423.434
422.426
421.394
420.355
419.301
418.246
417.179
416.114
415.039
413.968
412.888
411.813
410.731
409.654
408.57
407.493
406.41
405.333
404.251
403.178
402.099
401.033
399.963
398.912
397.837
396.697
394.694
242.377
242.549
242.799
243.156
243.662
244.369
245.346
246.674
248.466
250.848
253.983
258.054
263.283
269.916
278.222
288.477
300.937
315.783
333.031
352.366
372.912
392.947
410.019
421.596
426.79
428.144
428.349
428.379
428.374
428.344
428.263
428.127
427.955
427.772
427.607
427.491
427.438
427.432
427.446
427.476
427.5
427.525
427.552
427.573
427.584
427.588
427.597
427.61
427.621
427.631
427.64
427.644
427.639
427.628
427.614
427.597
427.582
427.576
427.575
427.578
427.589
427.605
427.619
427.626
427.632
427.633
427.631
427.624
427.619
427.617
427.616
427.616
427.616
427.618
427.616
427.613
427.608
427.604
427.599
427.596
427.596
427.599
427.604
427.611
427.618
427.623
427.625
427.626
427.625
427.622
427.618
427.614
427.611
427.607
427.603
427.597
427.588
427.573
427.553
427.526
427.492
427.451
427.404
427.351
427.296
427.245
427.207
427.188
427.18
427.178
427.178
427.18
427.185
427.195
427.211
427.233
427.26
427.29
427.321
427.35
427.373
427.39
427.4
427.405
427.407
427.41
427.413
427.417
427.421
427.426
427.432
427.437
427.441
427.444
427.445
427.446
427.447
427.449
427.452
427.454
427.457
427.46
427.462
427.465
427.467
427.47
427.472
427.474
427.477
427.48
427.482
427.484
427.486
427.486
427.486
427.486
427.484
427.482
427.48
427.478
427.476
427.476
427.475
427.475
427.475
427.475
427.475
427.475
427.475
427.475
427.477
427.478
427.48
427.481
427.482
427.482
427.483
427.483
427.483
427.483
427.483
427.483
427.483
427.484
427.485
427.486
427.487
427.488
427.488
427.488
427.488
427.488
427.489
427.49
427.493
427.495
427.495
427.494
427.472
427.318
426.893
426.205
425.354
424.419
423.434
422.426
421.394
420.355
419.301
418.246
417.179
416.114
415.039
413.969
412.888
411.813
410.731
409.654
408.57
407.493
406.41
405.333
404.251
403.178
402.099
401.033
399.963
398.912
397.835
396.693
394.701
242.377
242.549
242.799
243.155
243.661
244.367
245.341
246.666
248.453
250.828
253.953
258.01
263.222
269.834
278.116
288.346
300.785
315.618
332.865
352.214
372.792
392.867
409.975
421.578
426.787
428.143
428.349
428.379
428.374
428.344
428.263
428.127
427.955
427.772
427.607
427.491
427.437
427.431
427.446
427.476
427.5
427.525
427.552
427.573
427.584
427.588
427.597
427.61
427.621
427.631
427.64
427.644
427.639
427.628
427.614
427.597
427.582
427.576
427.575
427.578
427.589
427.605
427.619
427.626
427.632
427.633
427.631
427.624
427.619
427.617
427.616
427.616
427.616
427.618
427.616
427.613
427.608
427.604
427.599
427.596
427.596
427.599
427.604
427.611
427.618
427.623
427.625
427.626
427.625
427.622
427.618
427.614
427.611
427.607
427.603
427.597
427.588
427.573
427.553
427.526
427.492
427.451
427.403
427.35
427.295
427.244
427.207
427.188
427.18
427.178
427.178
427.18
427.185
427.195
427.211
427.233
427.26
427.29
427.321
427.35
427.373
427.39
427.4
427.405
427.407
427.409
427.413
427.417
427.421
427.426
427.432
427.437
427.441
427.444
427.445
427.446
427.447
427.449
427.452
427.454
427.457
427.46
427.462
427.465
427.467
427.47
427.472
427.474
427.477
427.48
427.482
427.484
427.486
427.486
427.486
427.486
427.484
427.482
427.48
427.478
427.476
427.476
427.475
427.475
427.475
427.475
427.475
427.475
427.475
427.475
427.477
427.478
427.48
427.481
427.482
427.482
427.483
427.483
427.483
427.483
427.483
427.483
427.483
427.484
427.485
427.486
427.487
427.488
427.488
427.488
427.488
427.488
427.489
427.49
427.493
427.495
427.495
427.494
427.472
427.318
426.893
426.206
425.353
424.42
423.434
422.426
421.394
420.355
419.3
418.246
417.179
416.114
415.039
413.969
412.888
411.814
410.731
409.654
408.57
407.493
406.409
405.333
404.25
403.178
402.099
401.033
399.962
398.912
397.833
396.688
394.711
242.376
242.549
242.798
243.154
243.658
244.362
245.332
246.652
248.432
250.795
253.903
257.94
263.126
269.708
277.961
288.166
300.589
315.419
332.677
352.055
372.67
392.785
409.928
421.559
426.785
428.143
428.35
428.379
428.374
428.344
428.263
428.128
427.955
427.772
427.607
427.491
427.437
427.431
427.446
427.476
427.5
427.525
427.552
427.573
427.584
427.588
427.597
427.61
427.621
427.631
427.64
427.644
427.639
427.628
427.614
427.597
427.582
427.576
427.575
427.578
427.589
427.605
427.619
427.626
427.632
427.633
427.631
427.624
427.619
427.617
427.616
427.616
427.616
427.618
427.616
427.613
427.608
427.604
427.599
427.596
427.596
427.599
427.604
427.611
427.618
427.623
427.625
427.626
427.625
427.622
427.618
427.615
427.611
427.607
427.602
427.597
427.588
427.573
427.552
427.526
427.492
427.451
427.403
427.35
427.295
427.244
427.206
427.187
427.179
427.177
427.178
427.18
427.185
427.195
427.211
427.233
427.26
427.29
427.322
427.35
427.374
427.39
427.4
427.405
427.407
427.409
427.413
427.417
427.421
427.426
427.431
427.437
427.441
427.444
427.445
427.446
427.447
427.449
427.452
427.454
427.457
427.46
427.462
427.465
427.467
427.47
427.472
427.474
427.477
427.48
427.482
427.484
427.486
427.486
427.486
427.486
427.484
427.482
427.48
427.478
427.476
427.476
427.475
427.475
427.475
427.475
427.475
427.475
427.475
427.475
427.477
427.478
427.48
427.481
427.482
427.482
427.483
427.483
427.483
427.483
427.483
427.483
427.483
427.484
427.485
427.486
427.487
427.488
427.488
427.488
427.488
427.488
427.489
427.49
427.493
427.495
427.495
427.494
427.472
427.318
426.893
426.206
425.353
424.42
423.434
422.426
421.394
420.355
419.3
418.246
417.179
416.114
415.039
413.969
412.888
411.814
410.731
409.654
408.569
407.494
406.409
405.333
404.25
403.179
402.099
401.033
399.962
398.911
397.83
396.684
394.722
242.376
242.548
242.796
243.151
243.654
244.355
245.321
246.635
248.405
250.754
253.846
257.861
263.02
269.575
277.805
287.996
300.416
315.261
332.549
351.962
372.608
392.744
409.903
421.546
426.782
428.142
428.349
428.379
428.374
428.344
428.263
428.128
427.956
427.772
427.607
427.491
427.437
427.431
427.445
427.475
427.5
427.525
427.552
427.573
427.585
427.588
427.597
427.61
427.621
427.631
427.64
427.644
427.639
427.628
427.614
427.597
427.582
427.576
427.575
427.578
427.589
427.605
427.619
427.626
427.632
427.633
427.631
427.624
427.619
427.617
427.616
427.616
427.616
427.618
427.616
427.613
427.608
427.604
427.599
427.596
427.596
427.599
427.604
427.611
427.618
427.623
427.625
427.625
427.624
427.621
427.618
427.615
427.611
427.607
427.602
427.597
427.588
427.573
427.552
427.525
427.492
427.451
427.403
427.349
427.294
427.243
427.206
427.187
427.179
427.176
427.177
427.179
427.184
427.194
427.21
427.233
427.26
427.291
427.322
427.351
427.374
427.39
427.4
427.404
427.407
427.409
427.412
427.416
427.421
427.426
427.431
427.437
427.441
427.444
427.445
427.446
427.447
427.449
427.452
427.454
427.457
427.459
427.462
427.465
427.467
427.47
427.472
427.474
427.477
427.48
427.482
427.484
427.486
427.486
427.486
427.486
427.484
427.482
427.48
427.478
427.476
427.476
427.475
427.475
427.475
427.475
427.475
427.475
427.475
427.475
427.477
427.478
427.48
427.481
427.482
427.482
427.483
427.483
427.483
427.483
427.483
427.483
427.483
427.484
427.485
427.486
427.487
427.488
427.488
427.488
427.488
427.488
427.489
427.49
427.493
427.495
427.495
427.494
427.472
427.318
426.893
426.206
425.353
424.42
423.434
422.426
421.394
420.355
419.3
418.246
417.179
416.114
415.039
413.969
412.888
411.814
410.731
409.655
408.569
407.494
406.409
405.333
404.25
403.179
402.099
401.033
399.962
398.911
397.828
396.679
394.733
242.375
242.547
242.794
243.148
243.649
244.348
245.31
246.618
248.378
250.715
253.792
257.79
262.929
269.467
277.686
287.877
300.31
315.178
332.497
351.938
372.601
392.744
409.902
421.545
426.783
428.142
428.35
428.379
428.373
428.343
428.263
428.128
427.956
427.773
427.608
427.491
427.437
427.431
427.445
427.475
427.5
427.525
427.552
427.573
427.585
427.589
427.597
427.61
427.621
427.631
427.64
427.644
427.639
427.628
427.614
427.597
427.582
427.576
427.575
427.578
427.589
427.605
427.619
427.626
427.632
427.633
427.631
427.624
427.619
427.617
427.616
427.616
427.616
427.618
427.616
427.613
427.609
427.604
427.599
427.596
427.596
427.599
427.604
427.611
427.618
427.623
427.625
427.625
427.624
427.622
427.618
427.614
427.611
427.607
427.602
427.597
427.588
427.573
427.552
427.525
427.491
427.45
427.402
427.349
427.294
427.242
427.205
427.186
427.178
427.176
427.176
427.178
427.184
427.194
427.21
427.233
427.26
427.291
427.322
427.351
427.374
427.39
427.4
427.404
427.406
427.409
427.412
427.416
427.42
427.426
427.431
427.437
427.441
427.444
427.445
427.446
427.447
427.449
427.452
427.454
427.457
427.459
427.462
427.465
427.467
427.47
427.472
427.474
427.477
427.48
427.482
427.484
427.486
427.486
427.486
427.486
427.484
427.482
427.48
427.478
427.476
427.476
427.475
427.475
427.475
427.475
427.475
427.475
427.475
427.475
427.477
427.478
427.48
427.481
427.482
427.482
427.483
427.483
427.483
427.483
427.483
427.483
427.483
427.484
427.485
427.486
427.487
427.488
427.488
427.488
427.488
427.488
427.489
427.49
427.493
427.495
427.495
427.494
427.472
427.318
426.893
426.206
425.353
424.42
423.434
422.426
421.394
420.355
419.3
418.246
417.179
416.114
415.039
413.969
412.888
411.814
410.731
409.654
408.569
407.493
406.409
405.333
404.249
403.179
402.099
401.033
399.962
398.91
397.825
396.676
394.742
242.374
242.546
242.792
243.145
243.645
244.343
245.302
246.605
248.357
250.686
253.752
257.737
262.867
269.398
277.615
287.813
300.261
315.152
332.493
351.948
372.614
392.756
409.91
421.548
426.786
428.143
428.35
428.378
428.372
428.342
428.263
428.129
427.957
427.773
427.608
427.491
427.437
427.431
427.445
427.475
427.499
427.525
427.552
427.573
427.585
427.589
427.597
427.61
427.621
427.631
427.64
427.644
427.639
427.628
427.614
427.597
427.582
427.576
427.575
427.578
427.589
427.605
427.619
427.626
427.632
427.633
427.631
427.624
427.619
427.617
427.616
427.616
427.616
427.618
427.616
427.613
427.609
427.604
427.599
427.596
427.596
427.599
427.604
427.611
427.618
427.623
427.625
427.625
427.624
427.622
427.618
427.614
427.611
427.607
427.602
427.597
427.588
427.573
427.552
427.525
427.491
427.45
427.402
427.348
427.293
427.242
427.204
427.185
427.177
427.175
427.175
427.178
427.183
427.193
427.21
427.233
427.26
427.292
427.323
427.352
427.375
427.391
427.4
427.404
427.406
427.408
427.411
427.415
427.42
427.425
427.431
427.437
427.441
427.444
427.445
427.446
427.447
427.449
427.452
427.454
427.457
427.459
427.462
427.465
427.467
427.47
427.472
427.474
427.477
427.48
427.482
427.484
427.486
427.486
427.486
427.486
427.484
427.482
427.48
427.478
427.476
427.476
427.475
427.475
427.475
427.475
427.475
427.475
427.475
427.475
427.477
427.478
427.48
427.481
427.482
427.482
427.483
427.483
427.483
427.483
427.483
427.483
427.483
427.484
427.485
427.486
427.487
427.488
427.488
427.488
427.488
427.488
427.489
427.49
427.493
427.495
427.495
427.494
427.472
427.318
426.893
426.206
425.353
424.42
423.434
422.426
421.394
420.355
419.3
418.246
417.178
416.114
415.039
413.969
412.888
411.814
410.731
409.655
408.569
407.493
406.409
405.333
404.249
403.179
402.099
401.033
399.962
398.91
397.824
396.673
394.749
242.374
242.545
242.791
243.142
243.643
244.34
245.298
246.596
248.345
250.672
253.73
257.706
262.834
269.362
277.582
287.785
300.245
315.15
332.5
351.969
372.641
392.78
409.923
421.552
426.788
428.143
428.351
428.378
428.372
428.341
428.263
428.129
427.958
427.774
427.608
427.491
427.437
427.43
427.444
427.475
427.499
427.524
427.551
427.573
427.585
427.589
427.598
427.61
427.621
427.631
427.64
427.644
427.639
427.628
427.614
427.597
427.582
427.576
427.575
427.578
427.589
427.605
427.619
427.626
427.632
427.633
427.631
427.624
427.619
427.617
427.616
427.616
427.616
427.618
427.616
427.613
427.609
427.604
427.599
427.596
427.596
427.599
427.604
427.611
427.618
427.623
427.625
427.625
427.624
427.622
427.618
427.614
427.61
427.607
427.602
427.597
427.588
427.573
427.552
427.525
427.491
427.45
427.402
427.348
427.292
427.241
427.203
427.184
427.177
427.175
427.175
427.177
427.183
427.193
427.21
427.233
427.261
427.292
427.323
427.352
427.375
427.391
427.4
427.404
427.406
427.408
427.411
427.415
427.42
427.425
427.431
427.437
427.441
427.444
427.445
427.446
427.447
427.449
427.452
427.454
427.457
427.459
427.462
427.465
427.467
427.47
427.472
427.474
427.477
427.48
427.482
427.484
427.486
427.486
427.486
427.486
427.484
427.482
427.48
427.478
427.476
427.476
427.475
427.475
427.475
427.475
427.475
427.475
427.475
427.475
427.477
427.478
427.48
427.481
427.482
427.482
427.483
427.483
427.483
427.483
427.483
427.483
427.483
427.484
427.485
427.486
427.487
427.488
427.488
427.488
427.488
427.488
427.489
427.49
427.493
427.495
427.495
427.494
427.472
427.318
426.893
426.206
425.353
424.42
423.434
422.426
421.394
420.355
419.3
418.246
417.178
416.114
415.039
413.97
412.888
411.814
410.731
409.654
408.569
407.493
406.409
405.332
404.249
403.179
402.099
401.033
399.962
398.909
397.822
396.671
394.754
242.374
242.545
242.791
243.142
243.643
244.341
245.299
246.596
248.345
250.673
253.723
257.694
262.822
269.353
277.573
287.772
300.235
315.146
332.504
351.988
372.665
392.801
409.934
421.556
426.789
428.144
428.351
428.377
428.371
428.34
428.263
428.129
427.958
427.774
427.608
427.491
427.437
427.43
427.444
427.475
427.499
427.524
427.551
427.573
427.585
427.589
427.598
427.61
427.621
427.631
427.64
427.644
427.639
427.628
427.614
427.597
427.582
427.576
427.575
427.578
427.589
427.605
427.619
427.626
427.632
427.633
427.631
427.624
427.619
427.617
427.616
427.616
427.616
427.618
427.616
427.613
427.609
427.604
427.599
427.596
427.596
427.6
427.604
427.611
427.618
427.623
427.625
427.625
427.624
427.622
427.619
427.615
427.61
427.607
427.602
427.597
427.587
427.572
427.552
427.525
427.491
427.45
427.401
427.348
427.292
427.24
427.203
427.184
427.176
427.174
427.175
427.177
427.183
427.193
427.21
427.233
427.261
427.292
427.324
427.352
427.375
427.391
427.4
427.404
427.405
427.408
427.411
427.415
427.42
427.425
427.431
427.437
427.441
427.444
427.445
427.446
427.447
427.449
427.452
427.454
427.457
427.459
427.462
427.465
427.467
427.47
427.472
427.474
427.477
427.48
427.482
427.484
427.486
427.486
427.486
427.486
427.484
427.482
427.48
427.478
427.476
427.476
427.475
427.475
427.475
427.475
427.475
427.475
427.475
427.475
427.477
427.478
427.48
427.481
427.482
427.482
427.483
427.483
427.483
427.483
427.483
427.483
427.483
427.484
427.485
427.486
427.487
427.488
427.488
427.488
427.488
427.488
427.489
427.49
427.493
427.495
427.495
427.494
427.472
427.318
426.893
426.206
425.353
424.42
423.433
422.427
421.393
420.355
419.3
418.247
417.178
416.114
415.04
413.97
412.889
411.814
410.732
409.654
408.569
407.493
406.409
405.332
404.249
403.178
402.099
401.033
399.961
398.909
397.822
396.67
394.756
293
293
293
293
293
293
293
293
293
293
293
293
293
293
293
293
293
293
293
293
293
293
293
293
293
293
293
293
293
293
293
293
293
293
293
293
293
293
293
293
293
293
293
293
293
293
293
293
293
293
293
293
293
293
293
293
293
293
293
293
293
293
293.02
293.277
294.312
296.099
297.918
299.389
300.663
302.091
303.961
306.243
308.622
310.774
312.417
313.274
312.511
310.481
309.197
303.263
290.43
284.389
289.715
297.928
301.729
303.071
303.567
303.686
304.187
305.188
306.911
309.39
312.08
314.13
315.233
315.397
315.397
314.17
311.789
306.948
293
293
293
293
293
293
293
293
293
293
293
293
293
293
293
293
293
293
293
293
293
293
293
293
293
293
293
293
293
293
293
293
293
293
293
293
293
293
293
293
293
293
293
293
293
293
293
293
293
293
293
293
293
293
293
293
293
293
293
293
293
293
293
293.012
293.199
294.075
295.751
297.554
299.015
300.21
301.455
303.048
305.026
307.126
309.03
310.42
310.996
309.841
305.761
299.874
293.102
286.377
281.247
281.466
287.481
293.575
296.342
297.849
298.55
299.023
299.429
299.837
300.572
301.696
302.678
303.339
303.464
303.241
302.139
299.91
293
293
293
293
293
293
293
293
293
293
293
293
293
293
293
293
293
293
293
293
293
293
293
293
293
293
293
293
293
293
293
293
293
293
293
293
293
293
293
293
293
293
293
293
293
293
293
293
293
293
293
293
293
293
293
293
293
293
293
293
293
293
293
293.006
293.133
293.841
295.377
297.155
298.617
299.753
300.834
302.155
303.816
305.613
307.228
308.356
308.784
307.776
303.777
297.061
290.273
283.301
279.719
278.671
281.9
287.674
291.391
293.74
295.151
295.934
296.342
293
293
293
293
293
293
293
293
293
293
293
293
293
293
293
293
293
293
293
293
293
293
293
293
293
293
293
293
293
293
293
293
293
293
293
293
293
293
293
293
293
293
293
293
293
293
293
293
293
293
293
293
293
293
293
293
293
293
293
293
293
293
293
293
293
293
293
293
293
293
293
293
293
293
293
293
293
293
293
293
293
293
293
293
293
293
293
293
293
293
293
293
293
293
293
293
293
293
293
293
293
293
293
293
293
293
293
293
293
293
293
293
293
293
293
293
293
293
293
293
293
293
293
293
293
293
293
293
293
293
293
293
293
293
293
293
293
293
293
293
293
293
293
293
293
293
293
293
293
293
293
293
293
293
293
293
293
293
293
293
293
293
293
293
293
293
293
293
293
293
293
293
293
293
293
293
293
293
293
293
293
293
293
293
293
293
293
293
293
293
293
293
293
293
293
293
293
293
293
293
293
293
293
293
293
293
293
293
293
293
293
293
293
293
293
293
293
293
293
293
293
293
293
293
293
293
293
293
293
293
293
293
293
293
293
293
293
293
293
293
293
293
293
293
293
293
293
293
293
293
293
293
293
293
293
293
293
293
293
293
293
293
293
293
293
293
293
293
293
293
293
293
293
293
293
293
293
293
293
293
293
293
293
293
293
293
293
293
293
293
293
293
293
293
293
293
293
293
293
293
293
293
293
293
293
293
293
293
293
293
293
293
293
293
293
293
293
293
293
293
293
293
293
293
293
293
293
293
293
293
293
293
293
293
293
293
293
293
293
293
293
293
293
293
293
293
293
293
293
293
293
293
293
293
293
293
293
293
293
293
293
293
293
293
293
293
293
293
293
293
293
293
293
293
293
293
293
293
293
293
293
293
293
293
293
293
293
293
293
293
293
293
293
293
293
293
293
293
293
293
293
293
293
293
293
293
293
293
293
293
293
293
293
293
293
293
293
293
293
293
293
293
293
293
293
293
293
293
293
293
293
293
293
293
293
293
293
293
293
293
293
293
293
293
293
293
293
293
293
293
293
293
293
293
293
293
293
293
293
293
293
293
293
293
293
293
293
293
293
293
293
293
293
293
293
293
293
293
293
293
293
293
293
293
293
293
293
293
293
293
293
293
293
293
293
293
293
293
293
293
293
293
293
293
293
293
293
293
293
293
293
293
293
293
293
293
293
293
293
293
293
293
293
293
293
293
293
293
293
293
293
293
293
293
293
293
293
293
293
293
293
293
293
293
293
293
293
293
293
293
293
293
293
293
293
293
293
293
293
293
293
293
293
293
293
293
293
293
293
293
293
293
293
293
293
293
293
293
293
293
293
293
293
293
293
293
293
293
293
293
293
293
293
293
293
293
293
293
293
293
293
293
293
293
293
293
293
293
293
293
293
293
293
293
293
293
293
293
293
293
293
293
293
293
293
293
293
293
293
293
293
293
293
293
293
293
293
293
293
293
293
293
293
293
293
293
293
293
293
293
293
293
293
293
293
293
293
293
293
293
293
293
293
293
293
293
293
293
293
293
293
293
293
293
293
293
293
293
293
293
293
293
293
293
293
293
293
293
293
293
293
293
293
293
293
293
293
293
293
293
293
293
293
293
293
293
293
293
293
293
293
293
293
293
293
293
293
293
293
293
293
293
293
293
293
293
293
293
293
293
293
293
293
293
293
293
293
293
293
293
293
293
293
293
293
293
293
293
293
293
293
293
293
293
293
293
293
293
293
293
293
293
293
293
293
293
293
293
293
293
293
293
293
293
293
293
293
293
293
293
293
293
293
293
293
293
293
293
293
293
293
293
293
293
293
293
293
293
293
293
293
293
293
293
293
293
293
293
293
293
293
293
293
293
293
293
293
293
293
293
293
293
293
293
293
293
293
293
293
293
293
293
293
293
293
293
293
293
293
293
293
293
293
293
293
293
293
293
293
293
293
293
293
293
293
293
293
293
293
293
293
293
293
293
293
293
293
293
293
293
293
293
293
293
293
293
293
293
293
293
293
293
293
293
293
293
293
293
293
293
293
293
293
293
293
293
293
293
293
293
293
293
293
293
293
293
293
293
293
293
293
293
293
293
293
293
293
293
293
293
293
293
293
293
293
293
293
293
293
293
293
293
293
293
293
293
293
293
293
293
293
293
293
293
293
293
293
293
293
293
293
293
293
293
293
293
293
293
293
293
293
293
293
293
293
293
293
293
293
293
293
293
293
293
293
293
293
293
293
293
293
293
293
293
293
293
293
293
293
293
293
293
293
293
293
293
293
293
293
293
293
293
293
293
293
293
293
293
293
293
293
293
293
293
293
293
293
293
293
293
293
293
293
293
293
293
293
293
293
293
293
293
293
293
293
293
293
293
293
293
293
293
293
293
293
293
293
293
293
293
293
293
293
293
293
293
293
293
293
293
293
293
293
293
293
293
293
293
293
293
293
293
293
293
293
293
293
293
293
293
293
293
293
293
293
293
293
293
293
293
293
293
293
293
293
293
293
293
293
293
293
293
293
293
293
293
293
293
293
293
293
293
293
293
293
293
293
293
293
293
293
293
293
293
293
293
293
293
293
293
293
293
293
293
293
293
293
293
293
293
293
293
293
293
293
293
293
293
293
293
293
293
293
293
293
293
293
293
293
293
293
293
293
293
293
293
293
293
293
293
293
293
293
293
293
293
293
293
293
293
293
293
293
293
293
293
293
293
293
293
293
293
293
293
293
293
293
293
293
293
293
293
293
293
293
293
293
293
293
293
293
293
293
293
293
293
293
293
293
293
293
293
293
293
293
293
293
293
293
293
293
293
293
293
293
293
293
293
293
293
293
293
293
293
293
293
293
293
293
293
293
293
293
293
293
293
293
293
293
293
293
293
293
293
293
293
293
293
293
293
293
293
293
293
293
293
293
293
293
293
293
293
293
293
293
293
293
293
293
293
293
293
293
293
293
293
293
293
293
293
293
293
293
293
293
293
293
293
293
293
293
293
293
293
293
293
293
293
293
293
293
293
293
293
293
293
293
293
293
293
293
293
293
293
293
293
293
293
293
293
293
293
293
293
293
293
293
293
293
293
293
293
293
293
293
293
293
293
293
293
293
293
293
293
293
293
293
293
293
293
293
293
293
293
293
293
293
293
293
293
293
293
293
293
293
293
293
293
293
293
293
293
293
293
293
293
293
293
293
293
293
293
293
293
293
293
293
293
293
293
293
293
293
293
293
293
293
293
293
293
293
293
293
293
293
293
293
293
293
293
293
293
293
293
293
293
293
293
293
293
293
293
293
293
293
293
293
293
293
293
293
293
293
293
293
293
293
293
293
293
293
293
293
293
293
293
293
293
293
293
293
293
293
293
293
293
293
293
293
293
293
293
293
293
293
293
293
293
293
293
293
293
293
293
293
293
293
293
293
293
293
293
293
293
293
293
293
293
293
293
293
293
293
293
293
293
293
293
293
293
293
293
293
293
293
293
293
293
293
293
293
293
293
293
293
293
293
293
293
293
293
293
293
293
293
293
293
293
293
293
293
293
293
293
293
293
293
293
293
293
293
293
293
293
293
293
293
293
293
293
293
293
293
293
293
293
293
293
293
293
293
293
293
293
293
293
293
293
293
293
293
293
293
293
293
293
293
293
293
293
293
293
293
293
293
293
293
293
293
293
293
293
293
293
293
293
293
293
293
293
293
293
293
293
293
293
293
293
293
293
293
293
293
293
293
293
293
293
293
293
293
293
293
293
293
293
293
293
293
293
293
293
293
293
293
293
293
293
293
293
293
293
293
293
293
293
293
293
293
293
293
293
293
293
293
293
293
293
293
293
293
293
293
293
293
293
293
293
293
293
293
293
293
293
293
293
293
293
293
293
293
293
293
293
293
293
293
293
293
293
293
293
293
293
293
293
293
293
293
293
293
293
293
293
293
293
293
293
293
293
293
293
293
293
293
293
293
293
293
293
293
293
293
293
293
293
293
293
293
293
293
293
293
293
293
293
293
293
293
293
293
293
293
293
293
293
293
293
293
293
293
293
293
293
293
293
293
293
293
293
293
293
293
293
293
293
293
293
293
293
293
293
293
293
293
293
293
293
293
293
293
293
293
293
293
293
293
293
293
293
293
293
293
293
293
293
293
293
293
293
293
293
293
293
293
293
293
293
293
293
293
293
293
293
293
293
293
293
293
293
293
293
293
293
293
293
293
293
293
293
293
293
293
293
293
293
293
293
293
293
293
293
293
293
293
293
293
293
293
293
293
293
293
293
293
293
293
293
293
293
293
293
293
293
293
293
293
293
293
293
293
293
293
293
293
293
293
293
293
293
293
293
293
293
293
293
293
293
293
293
293
293
293
293
293
293
293
293
293
293
293
293
293
293
293
293
293
293
293
293
293
293
293
293
293
293
293
293
293
293
293
293
293
293
293
293
293
293
293
293
293
293
293
293
293
293
293
293
293
293
293
293
293
293
293
293
293
293
293
293
293
293
293
293
293
293
293
293
293
293
293
293
293
293
293
293
293
293
293
293
293
293
293
293
293
293
293
293
293
293
293
293
293
293
293
293
293
293
293
293
293
293
293
293
293
293
293
293
293
293
293
293
293
293
293
293
293
293
293
293
293
293
293
293
293
293
293
293
293
293
293
293
293
293
293
293
293
293
293
293
293
293
293
293
293
293
293
293
293
293
293
293
293
293
293
293
293
293
293
293
293
293
293
293
293
293
293
293
293
293
293
293
293
293
293
293
293
293
293
293
293
293
293
293
293
293
293
293
293
293
293
293
293
293
293
293
293
293
293
293
293
293
293
293
293
293
293
293
293
293
293
293
293
293
293
293
293
293
293
293
293
293
293
293
293
293
293
293
293
293
293
293
293
293
293
293
293
293
293
293
293
293
293
293
293
293
293
293
293
293
293
293
293
293
293
293
293
293
293
293
293
293
293
293
293
293
293
293
293
293
293
293
293
293
293
293
293
293
293
293
293
293
293
293
293
293
293
293
293
293
293
293
293
293
293
293
293
293
293
293
293
293
293
293
293
293
293
293
293
293
293
293
293
293
293
293
293
293
293
293
293
293
293
293
293
293
293
293
293
293
293
293
293
293
293
293
293
293
293
293
293
293
293
293
293
293
293
293
293
293
293
293
293
293
293
293
293
293
293
293
293
293
293
293
293
293
293
293
293
293
293
293
293
293
293
293
293
293
293
293
293
293
293
293
293
293
293
293
293
293
293
293
293
293
293
293
293
293
293
293
293
293
293
293
293
293
293
293
293
293
293
293
293
293
293
293
293
293
293
293
293
293
293
293
293
293
293
293
293
293
293
293
293
293
293
293
293
293
293
293
293
293
293
293
293
293
293
293
293
293
293
293
293
293
293
293
293
293
293
293
293
293
293
293
293
293
293
293
293
293
293
293
293
293
293
293
293
293
293
293
293
293
293
293
293
293
293
293
293
293
293
293
293
293
293
293
293
293
293
293
293
293
293
293
293
293
293
293
293
293
293
293
293
293
293
293
293
293
293
293
293
293
293
293
293
293
293
293
293
293
293
293
293
293
293
293
293
293
293
293
293
293
293
293
293
293
293
293
293
293
293
293
293
293
293
293
293
293
293
293
293
293
293
293
293
293
293
293
293
293
293
293
293
293
293
293
293
293
293
293
293
293
293
293
293
293
293
293
293
293
293
293
293
293
293
293
293
293
293
293
293
293
293
293
293
293
293
293
293
293
293
293
293
293
293
293
293
293
293
293
293
293
293
293
293
293
293
293
293
293
293
293
293
293
293
293
293
293
293
293
293
293
293
293
293
293
293
293
293
293
293
293
293
293
293
293
293
293
293
293
293
293
293
293
293
293
293
293
293
293
293
293
293
293
293
293
293
293
293
293
293
293
293
293
293
293
293
293
293
293
293
293
293
293
293
293
293
293
293
293
293
293
293
293
293
293
293
293
293
293
293
293
293
293
293
293
293
293
293
293
293
293
293
293
293
293
293
293
293
293.012
293.219
294.226
296.209
298.435
300.435
302.397
304.775
307.785
311.13
314.366
317.12
319.161
320.393
320.707
320.591
316.859
315.572
322.143
348.754
390.756
381.016
378.859
403.129
422.562
446.282
461.453
469.133
472.672
482.341
500.502
463.609
229.857
162.701
211.363
255.091
292.361
336.426
374.762
293
293
293
293
293
293
293
293
293
293
293
293
293
293
293
293
293
293
293
293
293
293
293
293
293
293
293
293
293
293
293
293
293
293
293
293
293
293
293
293
293
293
293
293
293
293
293
293
293
293
293
293
293
293
293
293
293
293
293
293.012
293.218
294.223
296.207
298.437
300.439
302.404
304.786
307.803
311.166
314.429
317.253
319.33
320.475
320.777
320.633
317.186
316.568
324.353
355.223
390.553
369.567
366.327
388.365
405.864
425.517
440.604
450.107
454.634
461.051
463.834
393.452
188.515
172.157
215.303
257.681
294.338
335.106
374.299
293
293
293
293
293
293
293
293
293
293
293
293
293
293
293
293
293
293
293
293
293
293
293
293
293
293
293
293
293
293
293
293
293
293
293
293
293
293
293
293
293
293
293
293
293
293
293
293
293
293
293
293
293
293
293
293
293
293
293
293.012
293.216
294.215
296.193
298.417
300.416
302.373
304.741
307.742
311.089
314.343
317.171
319.255
320.467
320.827
320.742
318.223
319.753
329.637
363.71
386.074
348.655
345.579
364.755
379.45
395.136
407.914
417.33
419.567
419.054
400.309
317.946
190.349
178.302
204.982
251.162
289.799
332.165
372.994
293
293
293
293
293
293
293
293
293
293
293
293
293
293
293
293
293
293
293
293
293
293
293
293
293
293
293
293
293
293
293
293
293
293
293
293
293
293
293
293
293
293
293
293
293
293
293
293
293
293
293
293
293
293
293
293
293
293
293
293.012
293.212
294.203
296.173
298.395
300.391
302.34
304.694
307.679
311.023
314.302
317.183
319.299
320.497
320.973
321.125
319.727
325.393
338.925
369.574
371.825
327.375
324.633
342.186
354.829
367.544
377.155
384.785
384.989
377.793
353.961
277.708
204.811
186.207
199.601
245.188
284.93
327.822
370.908
293
293
293
293
293
293
293
293
293
293
293
293
293
293
293
293
293
293
293
293
293
293
293
293
293
293
293
293
293
293
293
293
293
293
293
293
293
293
293
293
293
293
293
293
293
293
293
293
293
293
293
293
293
293
293
293
293
293
293
293.011
293.207
294.187
296.147
298.365
300.356
302.294
304.628
307.593
310.931
314.225
317.121
319.216
320.438
321.126
321.949
322.504
332.396
349.428
372.615
345.788
308.94
307.987
325.164
336.98
348.857
357.885
364.58
365.904
356.195
327.285
264.154
221.735
198.937
198.369
237.378
278.125
321.69
367.579
293
293
293
293
293
293
293
293
293
293
293
293
293
293
293
293
293
293
293
293
293
293
293
293
293
293
293
293
293
293
293
293
293
293
293
293
293
293
293
293
293
293
293
293
293
293
293
293
293
293
293
293
293
293
293
293
293
293
293
293.011
293.202
294.167
296.115
298.327
300.313
302.238
304.548
307.489
310.821
314.135
317.059
319.163
320.422
321.416
323.153
326.933
339.255
357.383
367.95
319.27
295.618
298.282
314.23
326.355
338.286
347.871
356.21
359.51
346.549
310.554
261.023
236.659
217.763
211.48
230.265
269.416
312.981
362.436
293
293
293
293
293
293
293
293
293
293
293
293
293
293
293
293
293
293
293
293
293
293
293
293
293
293
293
293
293
293
293
293
293
293
293
293
293
293
293
293
293
293
293
293
293
293
293
293
293
293
293
293
293
293
293
293
293
293
293
293.01
293.195
294.144
296.076
298.282
300.262
302.17
304.453
307.366
310.691
314.017
316.939
319.04
320.384
321.834
325.048
333.039
346.343
361.535
354.574
300.885
286.09
294.372
308.855
321.747
333.563
344.03
353.929
358.211
343.489
297.188
262.566
250.137
237.04
227.931
228.706
260.777
302.013
354.678
293
293
293
293
293
293
293
293
293
293
293
293
293
293
293
293
293
293
293
293
293
293
293
293
293
293
293
293
293
293
293
293
293
293
293
293
293
293
293
293
293
293
293
293
293
293
293
293
293
293
293
293
293
293
293
293
293
293
293
293.01
293.188
294.116
296.031
298.23
300.202
302.093
304.343
307.224
310.54
313.878
316.8
318.911
320.477
322.511
327.732
339.301
352.06
362.97
335.703
288.92
279.496
293.058
305.979
319.838
331.399
341.792
352.334
358.458
340.016
289.718
267.414
259.241
251.015
245.806
242.887
256.89
291.091
343.319
293
293
293
293
293
293
293
293
293
293
293
293
293
293
293
293
293
293
293
293
293
293
293
293
293
293
293
293
293
293
293
293
293
293
293
293
293
293
293
293
293
293
293
293
293
293
293
293
293
293
293
293
293
293
293
293
293
293
293
293.009
293.179
294.086
295.98
298.171
300.135
302.005
304.219
307.064
310.368
313.712
316.612
318.711
320.543
323.506
331.03
344.482
355.516
359.948
318.924
282.46
276.873
291.626
305.262
319.601
331.585
341.85
351.729
358.765
334.47
286.824
272.701
266.42
262.237
261.037
258.151
265.704
286.572
328.509
293
293
293
293
293
293
293
293
293
293
293
293
293
293
293
293
293
293
293
293
293
293
293
293
293
293
293
293
293
293
293
293
293
293
293
293
293
293
293
293
293
293
293
293
293
293
293
293
293
293
293
293
293
293
293
293
293
293
293
293.008
293.168
294.045
295.912
298.091
300.044
301.887
304.054
306.848
310.131
313.479
316.373
318.493
320.69
325.047
335.187
349.154
356.453
351.051
306.923
278.213
276.469
291.291
304.75
319.195
331.487
341.923
350.81
356.807
326.683
289.225
278.613
274.219
272.348
273.887
273.917
281.877
289.223
300.52
293
293
293
293
293
293
293
293
293
293
293
293
293
293
293
293
293
293
293
293
293
293
293
293
293
293
293
293
293
293
293
293
293
293
293
293
293
293
293
293
293
293
293
293
293
293
293
293
293
293
293
293
293
293
293
293
293
293
293
293.007
293.155
293.993
295.823
297.988
299.928
301.738
303.843
306.572
309.821
313.164
316.058
318.247
320.972
326.975
339.182
352.082
356.345
340.622
299.311
275.149
277.166
291.429
304.518
318.621
331.223
342.077
349.438
351.278
319.228
293.422
284.741
281.166
279.533
282.716
286.189
295.394
303.774
309.396
293
293
293
293
293
293
293
293
293
293
293
293
293
293
293
293
293
293
293
293
293
293
293
293
293
293
293
293
293
293
293
293
293
293
293
293
293
293
293
293
293
293
293
293
293
293
293
293
293
293
293
293
293
293
293
293
293
293
293
293.006
293.141
293.937
295.725
297.873
299.8
301.574
303.612
306.263
309.463
312.794
315.713
318.014
321.193
328.408
341.689
352.878
354.505
334.406
295.576
274.746
279.117
292.419
305.016
318.191
330.655
342.151
348.884
343.85
315.283
297.252
289.851
286.32
284.335
288.313
293.865
301.72
308.251
311.402
293
293
293
293
293
293
293
293
293
293
293
293
293
293
293
293
293
293
293
293
293
293
293
293
293
293
293
293
293
293
293
293
293
293
293
293
293
293
293
293
293
293
293
293
293
293
293
293
293
293
293
293
293
293
293
293
293
293
293
293.005
293.126
293.876
295.617
297.747
299.66
301.396
303.362
305.926
309.065
312.377
315.31
317.654
320.953
328.761
342.506
352.36
352.805
331.707
293.605
276.065
281.749
294.731
306.954
318.879
330.466
341.441
347.932
337.525
314.358
301.642
294.713
290.904
288.898
293.243
299.146
305.441
310.17
311.594
293
293
293
293
293
293
293
293
293
293
293
293
293
293
293
293
293
293
293
293
293
293
293
293
293
293
293
293
293
293
293
293
293
293
293
293
293
293
293
293
293
293
293
293
293
293
293
293
293
293
293
293
293
293
293
293
293
293
293
293.004
293.112
293.812
295.5
297.609
299.509
301.208
303.097
305.562
308.625
311.906
314.856
317.266
320.698
328.618
341.664
350.306
350.37
330.914
292.329
278.09
284.957
297.988
310.228
321.083
331.679
341.206
345.875
333.511
316.168
306.774
300.179
295.381
293.891
297.771
303.615
308.553
311.74
312.433
293
293
293
293
293
293
293
293
293
293
293
293
293
293
293
293
293
293
293
293
293
293
293
293
293
293
293
293
293
293
293
293
293
293
293
293
293
293
293
293
293
293
293
293
293
293
293
293
293
293
293
293
293
293
293
293
293
293
293
293.004
293.097
293.745
295.375
297.461
299.348
301.009
302.819
305.175
308.145
311.382
314.343
316.784
320.124
327.633
339.886
348.415
348.794
329.372
290.92
279.624
287.057
300.774
313.506
323.821
333.369
341.301
343.679
332.626
320.857
313.89
306.024
300.793
299.947
303.201
308.22
311.405
313.346
313.722
293
293
293
293
293
293
293
293
293
293
293
293
293
293
293
293
293
293
293
293
293
293
293
293
293
293
293
293
293
293
293
293
293
293
293
293
293
293
293
293
293
293
293
293
293
293
293
293
293
293
293
293
293
293
293
293
293
293
293
293.003
293.083
293.677
295.243
297.302
299.177
300.802
302.531
304.769
307.63
310.804
313.764
316.206
319.274
325.889
337.062
345.878
346.76
326.712
288.941
280.329
287.617
302.132
315.183
325.359
334.021
340.231
341.228
334.051
326.317
320.112
313.294
309.082
307.906
309.745
312.2
314.414
315.692
315.977
293
293
293
293
293
293
293
293
293
293
293
293
293
293
293
293
293
293
293
293
293
293
293
293
293
293
293
293
293
293
293
293
293
293
293
293
293
293
293
293
293
293
293
293
293
293
293
293
293
293
293
293
293
293
293
293
293
293
293
293.002
293.07
293.609
295.104
297.133
298.997
300.588
302.236
304.35
307.083
310.174
313.116
315.536
318.237
323.673
333.325
342.486
344.111
322.945
286.059
279.906
287.167
301.516
314.836
324.623
332.714
337.293
338.276
335.2
331.02
326.111
320.995
316.671
315.358
315.995
316.89
317.795
319.001
319.426
293
293
293
293
293
293
293
293
293
293
293
293
293
293
293
293
293
293
293
293
293
293
293
293
293
293
293
293
293
293
293
293
293
293
293
293
293
293
293
293
293
293
293
293
293
293
293
293
293
293
293
293
293
293
293
293
293
293
293
293.002
293.058
293.54
294.96
296.955
298.809
300.369
301.936
303.921
306.512
309.495
312.393
314.781
317.117
321.259
328.874
338.052
340.581
319.527
283.513
279.33
287.206
300.784
312.875
321.37
328.386
332.947
334.594
334.923
333.134
330.753
327.397
324.488
322.674
322.336
322.133
322.118
322.761
323.426
293
293
293
293
293
293
293
293
293
293
293
293
293
293
293
293
293
293
293
293
293
293
293
293
293
293
293
293
293
293
293
293
293
293
293
293
293
293
293
293
293
293
293
293
293
293
293
293
293
293
293
293
293
293
293
293
293
293
293
293.001
293.047
293.473
294.811
296.769
298.614
300.145
301.635
303.487
305.923
308.773
311.598
313.955
316.005
318.959
324.045
332.274
336.132
317.498
282.966
280.25
289.275
301.26
310.343
316.483
321.866
326.552
328.954
331.671
332.363
332.29
330.442
328.776
327.498
326.7
325.904
325.174
324.944
325.907
293
293
293
293
293
293
293
293
293
293
293
293
293
293
293
293
293
293
293
293
293
293
293
293
293
293
293
293
293
293
293
293
293
293
293
293
293
293
293
293
293
293
293
293
293
293
293
293
293
293
293
293
293
293
293
293
293
293
293
293.001
293.037
293.409
294.66
296.573
298.41
299.917
301.335
303.054
305.323
308.017
310.736
313.062
314.937
316.972
319.5
325.127
329.152
314.994
284.98
282.21
292.543
302.594
308.911
312.136
314.79
317.671
319.949
323.86
326.807
328.776
329.576
329.475
328.9
328.281
327.629
326.401
325.493
326.562
293
293
293
293
293
293
293
293
293
293
293
293
293
293
293
293
293
293
293
293
293
293
293
293
293
293
293
293
293
293
293
293
293
293
293
293
293
293
293
293
293
293
293
293
293
293
293
293
293
293
293
293
293
293
293
293
293
293
293
293
293
293.001
293.028
293.348
294.507
296.371
298.199
299.687
301.037
302.626
304.722
307.242
309.827
312.109
313.901
315.254
315.737
317.787
320.903
310.471
288.167
284.134
294.178
303.04
307.147
308.57
309.22
310.146
311.314
313.922
317.365
321.035
323.529
324.924
325.37
325.198
324.841
323.597
322.174
323.338
394.694
396.697
397.837
398.912
399.963
401.033
402.099
403.178
404.251
405.333
406.41
407.493
408.57
409.654
410.731
411.813
412.888
413.968
415.039
416.114
417.179
418.246
419.301
420.355
421.394
422.426
423.434
424.419
425.354
426.205
426.893
427.318
427.472
427.494
427.495
427.495
427.493
427.49
427.489
427.488
427.488
427.488
427.488
427.488
427.487
427.486
427.485
427.484
427.483
427.483
427.483
427.483
427.483
427.483
427.483
427.482
427.482
427.481
427.48
427.478
427.477
427.475
427.475
427.475
427.475
427.475
427.475
427.475
427.475
427.476
427.476
427.478
427.48
427.482
427.484
427.486
427.486
427.486
427.486
427.484
427.482
427.48
427.477
427.474
427.472
427.47
427.467
427.465
427.462
427.46
427.457
427.454
427.452
427.449
427.447
427.446
427.445
427.444
427.441
427.437
427.432
427.426
427.421
427.417
427.413
427.41
427.407
427.405
427.4
427.39
427.373
427.35
427.321
427.29
427.26
427.233
427.211
427.195
427.185
427.18
427.178
427.178
427.18
427.188
427.207
427.245
427.296
427.351
427.404
427.451
427.492
427.526
427.553
427.573
427.588
427.597
427.603
427.607
427.611
427.614
427.618
427.622
427.625
427.626
427.625
427.623
427.618
427.611
427.604
427.599
427.596
427.596
427.599
427.604
427.608
427.613
427.616
427.618
427.616
427.616
427.616
427.617
427.619
427.624
427.631
427.633
427.632
427.626
427.619
427.605
427.589
427.578
427.575
427.576
427.582
427.597
427.614
427.628
427.639
427.644
427.64
427.631
427.621
427.61
427.597
427.588
427.584
427.573
427.552
427.525
427.5
427.476
427.446
427.432
427.438
427.491
427.607
427.772
427.955
428.127
428.263
428.344
428.374
428.379
428.349
428.143
426.788
421.6
410.037
392.986
372.971
352.438
333.107
315.856
301.001
288.531
278.264
269.948
263.307
258.07
253.994
250.855
248.47
246.677
245.347
244.37
243.663
243.157
242.799
242.55
242.377
394.701
396.693
397.835
398.912
399.963
401.033
402.099
403.178
404.251
405.333
406.41
407.493
408.57
409.654
410.731
411.813
412.888
413.969
415.039
416.114
417.179
418.246
419.301
420.355
421.394
422.426
423.434
424.419
425.354
426.205
426.893
427.318
427.472
427.494
427.495
427.495
427.493
427.49
427.489
427.488
427.488
427.488
427.488
427.488
427.487
427.486
427.485
427.484
427.483
427.483
427.483
427.483
427.483
427.483
427.483
427.482
427.482
427.481
427.48
427.478
427.477
427.475
427.475
427.475
427.475
427.475
427.475
427.475
427.475
427.476
427.476
427.478
427.48
427.482
427.484
427.486
427.486
427.486
427.486
427.484
427.482
427.48
427.477
427.474
427.472
427.47
427.467
427.465
427.462
427.46
427.457
427.454
427.452
427.449
427.447
427.446
427.445
427.444
427.441
427.437
427.432
427.426
427.421
427.417
427.413
427.41
427.407
427.405
427.4
427.39
427.373
427.35
427.321
427.29
427.26
427.233
427.211
427.195
427.185
427.18
427.178
427.178
427.18
427.188
427.207
427.245
427.296
427.351
427.404
427.451
427.492
427.526
427.553
427.573
427.588
427.597
427.603
427.607
427.611
427.614
427.618
427.622
427.625
427.626
427.625
427.623
427.618
427.611
427.604
427.599
427.596
427.596
427.599
427.604
427.608
427.613
427.616
427.618
427.616
427.616
427.616
427.617
427.619
427.624
427.631
427.633
427.632
427.626
427.619
427.605
427.589
427.578
427.575
427.576
427.582
427.597
427.614
427.628
427.639
427.644
427.64
427.631
427.621
427.61
427.597
427.588
427.584
427.573
427.552
427.525
427.5
427.476
427.446
427.432
427.438
427.491
427.607
427.772
427.955
428.127
428.263
428.344
428.374
428.379
428.349
428.144
426.791
421.596
410.02
392.948
372.912
352.365
333.03
315.783
300.936
288.477
278.222
269.916
263.283
258.054
253.983
250.848
248.466
246.674
245.346
244.369
243.662
243.156
242.799
242.549
242.377
394.711
396.688
397.833
398.912
399.962
401.033
402.099
403.178
404.25
405.333
406.409
407.493
408.57
409.654
410.731
411.814
412.888
413.969
415.039
416.114
417.179
418.246
419.3
420.355
421.394
422.426
423.434
424.42
425.353
426.206
426.893
427.318
427.472
427.494
427.495
427.495
427.493
427.49
427.489
427.488
427.488
427.488
427.488
427.488
427.487
427.486
427.485
427.484
427.483
427.483
427.483
427.483
427.483
427.483
427.483
427.482
427.482
427.481
427.48
427.478
427.477
427.475
427.475
427.475
427.475
427.475
427.475
427.475
427.475
427.476
427.476
427.478
427.48
427.482
427.484
427.486
427.486
427.486
427.486
427.484
427.482
427.48
427.477
427.474
427.472
427.47
427.467
427.465
427.462
427.46
427.457
427.454
427.452
427.449
427.447
427.446
427.445
427.444
427.441
427.437
427.432
427.426
427.421
427.417
427.413
427.409
427.407
427.405
427.4
427.39
427.373
427.35
427.321
427.29
427.26
427.233
427.211
427.195
427.185
427.18
427.178
427.178
427.18
427.188
427.207
427.244
427.295
427.35
427.403
427.451
427.492
427.526
427.553
427.573
427.588
427.597
427.603
427.607
427.611
427.614
427.618
427.622
427.625
427.626
427.625
427.623
427.618
427.611
427.604
427.599
427.596
427.596
427.599
427.604
427.608
427.613
427.616
427.618
427.616
427.616
427.616
427.617
427.619
427.624
427.631
427.633
427.632
427.626
427.619
427.605
427.589
427.578
427.575
427.576
427.582
427.597
427.614
427.628
427.639
427.644
427.64
427.631
427.621
427.61
427.597
427.588
427.584
427.573
427.552
427.525
427.5
427.476
427.446
427.431
427.437
427.491
427.607
427.772
427.955
428.127
428.263
428.344
428.374
428.379
428.349
428.143
426.788
421.579
409.976
392.868
372.792
352.213
332.864
315.618
300.784
288.346
278.116
269.834
263.222
258.01
253.953
250.828
248.453
246.666
245.341
244.367
243.661
243.155
242.799
242.549
242.377
394.722
396.684
397.83
398.911
399.962
401.033
402.099
403.179
404.25
405.333
406.409
407.494
408.569
409.654
410.731
411.814
412.888
413.969
415.039
416.114
417.179
418.246
419.3
420.355
421.394
422.426
423.434
424.42
425.353
426.206
426.893
427.318
427.472
427.494
427.495
427.495
427.493
427.49
427.489
427.488
427.488
427.488
427.488
427.488
427.487
427.486
427.485
427.484
427.483
427.483
427.483
427.483
427.483
427.483
427.483
427.482
427.482
427.481
427.48
427.478
427.477
427.475
427.475
427.475
427.475
427.475
427.475
427.475
427.475
427.476
427.476
427.478
427.48
427.482
427.484
427.486
427.486
427.486
427.486
427.484
427.482
427.48
427.477
427.474
427.472
427.47
427.467
427.465
427.462
427.459
427.457
427.454
427.452
427.449
427.447
427.446
427.445
427.444
427.441
427.437
427.431
427.426
427.421
427.417
427.413
427.409
427.407
427.405
427.4
427.39
427.373
427.35
427.322
427.29
427.26
427.233
427.211
427.195
427.185
427.18
427.178
427.177
427.179
427.187
427.206
427.244
427.295
427.35
427.403
427.451
427.492
427.526
427.552
427.573
427.588
427.597
427.602
427.607
427.611
427.615
427.618
427.622
427.625
427.626
427.625
427.623
427.618
427.611
427.604
427.599
427.596
427.596
427.599
427.604
427.608
427.613
427.616
427.618
427.616
427.616
427.616
427.617
427.619
427.624
427.631
427.633
427.632
427.626
427.619
427.605
427.589
427.578
427.575
427.576
427.582
427.597
427.614
427.628
427.639
427.644
427.64
427.631
427.621
427.61
427.597
427.588
427.584
427.573
427.552
427.525
427.5
427.476
427.446
427.431
427.437
427.491
427.607
427.772
427.955
428.128
428.263
428.344
428.374
428.379
428.35
428.143
426.785
421.559
409.929
392.786
372.671
352.054
332.677
315.419
300.589
288.166
277.961
269.708
263.126
257.94
253.903
250.795
248.432
246.652
245.332
244.362
243.658
243.154
242.798
242.549
242.376
394.733
396.679
397.828
398.911
399.962
401.033
402.099
403.179
404.25
405.333
406.409
407.494
408.569
409.655
410.731
411.814
412.888
413.969
415.039
416.114
417.179
418.246
419.3
420.355
421.394
422.426
423.434
424.42
425.353
426.206
426.893
427.318
427.472
427.494
427.495
427.495
427.493
427.49
427.489
427.488
427.488
427.488
427.488
427.488
427.487
427.486
427.485
427.484
427.483
427.483
427.483
427.483
427.483
427.483
427.483
427.482
427.482
427.481
427.48
427.478
427.477
427.475
427.475
427.475
427.475
427.475
427.475
427.475
427.475
427.476
427.476
427.478
427.48
427.482
427.484
427.486
427.486
427.486
427.486
427.484
427.482
427.48
427.477
427.474
427.472
427.47
427.467
427.465
427.462
427.459
427.457
427.454
427.452
427.449
427.447
427.446
427.445
427.444
427.441
427.437
427.431
427.426
427.421
427.416
427.412
427.409
427.407
427.404
427.4
427.39
427.374
427.351
427.322
427.291
427.26
427.233
427.21
427.194
427.184
427.179
427.177
427.176
427.179
427.187
427.206
427.243
427.294
427.349
427.403
427.451
427.492
427.525
427.552
427.573
427.588
427.597
427.602
427.607
427.611
427.615
427.618
427.621
427.624
427.625
427.625
427.623
427.618
427.611
427.604
427.599
427.596
427.596
427.599
427.604
427.608
427.613
427.616
427.618
427.616
427.616
427.616
427.617
427.619
427.624
427.631
427.633
427.632
427.626
427.619
427.605
427.589
427.578
427.575
427.576
427.582
427.597
427.614
427.628
427.639
427.644
427.64
427.631
427.621
427.61
427.597
427.588
427.585
427.573
427.552
427.525
427.5
427.475
427.445
427.431
427.437
427.491
427.607
427.772
427.956
428.128
428.263
428.344
428.374
428.379
428.349
428.142
426.782
421.546
409.903
392.744
372.609
351.963
332.549
315.261
300.416
287.996
277.805
269.575
263.02
257.861
253.846
250.754
248.405
246.635
245.321
244.355
243.654
243.151
242.796
242.548
242.376
394.742
396.676
397.825
398.91
399.962
401.033
402.099
403.179
404.249
405.333
406.409
407.493
408.569
409.654
410.731
411.814
412.888
413.969
415.039
416.114
417.179
418.246
419.3
420.355
421.394
422.426
423.434
424.42
425.353
426.206
426.893
427.318
427.472
427.494
427.495
427.495
427.493
427.49
427.489
427.488
427.488
427.488
427.488
427.488
427.487
427.486
427.485
427.484
427.483
427.483
427.483
427.483
427.483
427.483
427.483
427.482
427.482
427.481
427.48
427.478
427.477
427.475
427.475
427.475
427.475
427.475
427.475
427.475
427.475
427.476
427.476
427.478
427.48
427.482
427.484
427.486
427.486
427.486
427.486
427.484
427.482
427.48
427.477
427.474
427.472
427.47
427.467
427.465
427.462
427.459
427.457
427.454
427.452
427.449
427.447
427.446
427.445
427.444
427.441
427.437
427.431
427.426
427.42
427.416
427.412
427.409
427.406
427.404
427.4
427.39
427.374
427.351
427.322
427.291
427.26
427.233
427.21
427.194
427.184
427.178
427.176
427.176
427.178
427.186
427.205
427.242
427.294
427.349
427.402
427.45
427.491
427.525
427.552
427.573
427.588
427.597
427.602
427.607
427.611
427.614
427.618
427.622
427.624
427.625
427.625
427.623
427.618
427.611
427.604
427.599
427.596
427.596
427.599
427.604
427.609
427.613
427.616
427.618
427.616
427.616
427.616
427.617
427.619
427.624
427.631
427.633
427.632
427.626
427.619
427.605
427.589
427.578
427.575
427.576
427.582
427.597
427.614
427.628
427.639
427.644
427.64
427.631
427.621
427.61
427.597
427.589
427.585
427.573
427.552
427.525
427.5
427.475
427.445
427.431
427.437
427.491
427.608
427.773
427.956
428.128
428.263
428.343
428.373
428.379
428.35
428.142
426.783
421.545
409.902
392.744
372.6
351.937
332.497
315.178
300.31
287.877
277.686
269.467
262.929
257.79
253.792
250.715
248.378
246.618
245.31
244.348
243.649
243.148
242.794
242.547
242.375
394.749
396.673
397.824
398.91
399.962
401.033
402.099
403.179
404.249
405.333
406.409
407.493
408.569
409.655
410.731
411.814
412.888
413.969
415.039
416.114
417.178
418.246
419.3
420.355
421.394
422.426
423.434
424.42
425.353
426.206
426.893
427.318
427.472
427.494
427.495
427.495
427.493
427.49
427.489
427.488
427.488
427.488
427.488
427.488
427.487
427.486
427.485
427.484
427.483
427.483
427.483
427.483
427.483
427.483
427.483
427.482
427.482
427.481
427.48
427.478
427.477
427.475
427.475
427.475
427.475
427.475
427.475
427.475
427.475
427.476
427.476
427.478
427.48
427.482
427.484
427.486
427.486
427.486
427.486
427.484
427.482
427.48
427.477
427.474
427.472
427.47
427.467
427.465
427.462
427.459
427.457
427.454
427.452
427.449
427.447
427.446
427.445
427.444
427.441
427.437
427.431
427.425
427.42
427.415
427.411
427.408
427.406
427.404
427.4
427.391
427.375
427.352
427.323
427.292
427.26
427.233
427.21
427.193
427.183
427.178
427.175
427.175
427.177
427.185
427.204
427.242
427.293
427.348
427.402
427.45
427.491
427.525
427.552
427.573
427.588
427.597
427.602
427.607
427.611
427.614
427.618
427.622
427.624
427.625
427.625
427.623
427.618
427.611
427.604
427.599
427.596
427.596
427.599
427.604
427.609
427.613
427.616
427.618
427.616
427.616
427.616
427.617
427.619
427.624
427.631
427.633
427.632
427.626
427.619
427.605
427.589
427.578
427.575
427.576
427.582
427.597
427.614
427.628
427.639
427.644
427.64
427.631
427.621
427.61
427.597
427.589
427.585
427.573
427.552
427.525
427.499
427.475
427.445
427.431
427.437
427.491
427.608
427.773
427.957
428.129
428.263
428.342
428.372
428.378
428.35
428.143
426.786
421.548
409.91
392.757
372.614
351.948
332.493
315.152
300.261
287.813
277.615
269.398
262.867
257.737
253.752
250.686
248.357
246.605
245.302
244.343
243.645
243.145
242.792
242.546
242.374
394.754
396.671
397.822
398.909
399.962
401.033
402.099
403.179
404.249
405.332
406.409
407.493
408.569
409.654
410.731
411.814
412.888
413.97
415.039
416.114
417.178
418.246
419.3
420.355
421.394
422.426
423.434
424.42
425.353
426.206
426.893
427.318
427.472
427.494
427.495
427.495
427.493
427.49
427.489
427.488
427.488
427.488
427.488
427.488
427.487
427.486
427.485
427.484
427.483
427.483
427.483
427.483
427.483
427.483
427.483
427.482
427.482
427.481
427.48
427.478
427.477
427.475
427.475
427.475
427.475
427.475
427.475
427.475
427.475
427.476
427.476
427.478
427.48
427.482
427.484
427.486
427.486
427.486
427.486
427.484
427.482
427.48
427.477
427.474
427.472
427.47
427.467
427.465
427.462
427.459
427.457
427.454
427.452
427.449
427.447
427.446
427.445
427.444
427.441
427.437
427.431
427.425
427.42
427.415
427.411
427.408
427.406
427.404
427.4
427.391
427.375
427.352
427.323
427.292
427.261
427.233
427.21
427.193
427.183
427.177
427.175
427.175
427.177
427.184
427.203
427.241
427.292
427.348
427.402
427.45
427.491
427.525
427.552
427.573
427.588
427.597
427.602
427.607
427.61
427.614
427.618
427.622
427.624
427.625
427.625
427.623
427.618
427.611
427.604
427.599
427.596
427.596
427.599
427.604
427.609
427.613
427.616
427.618
427.616
427.616
427.616
427.617
427.619
427.624
427.631
427.633
427.632
427.626
427.619
427.605
427.589
427.578
427.575
427.576
427.582
427.597
427.614
427.628
427.639
427.644
427.64
427.631
427.621
427.61
427.598
427.589
427.585
427.573
427.551
427.524
427.499
427.475
427.444
427.43
427.437
427.491
427.608
427.774
427.958
428.129
428.263
428.341
428.372
428.378
428.351
428.143
426.788
421.552
409.923
392.78
372.641
351.969
332.501
315.15
300.245
287.785
277.582
269.362
262.834
257.706
253.73
250.672
248.345
246.596
245.298
244.34
243.643
243.142
242.791
242.545
242.374
394.756
396.67
397.822
398.909
399.961
401.033
402.099
403.178
404.249
405.332
406.409
407.493
408.569
409.655
410.732
411.814
412.889
413.97
415.04
416.114
417.178
418.247
419.3
420.355
421.393
422.426
423.433
424.42
425.353
426.206
426.893
427.318
427.472
427.494
427.495
427.495
427.493
427.49
427.489
427.488
427.488
427.488
427.488
427.488
427.487
427.486
427.485
427.484
427.483
427.483
427.483
427.483
427.483
427.483
427.483
427.482
427.482
427.481
427.48
427.478
427.477
427.475
427.475
427.475
427.475
427.475
427.475
427.475
427.475
427.476
427.476
427.478
427.48
427.482
427.484
427.486
427.486
427.486
427.486
427.484
427.482
427.48
427.477
427.474
427.472
427.47
427.467
427.465
427.462
427.459
427.457
427.454
427.452
427.449
427.447
427.446
427.445
427.444
427.441
427.437
427.431
427.425
427.42
427.415
427.411
427.408
427.405
427.404
427.4
427.391
427.375
427.352
427.324
427.292
427.261
427.233
427.21
427.193
427.183
427.177
427.175
427.174
427.176
427.184
427.203
427.24
427.292
427.348
427.401
427.45
427.491
427.525
427.552
427.572
427.587
427.597
427.602
427.607
427.61
427.615
427.619
427.622
427.624
427.625
427.625
427.623
427.618
427.611
427.604
427.599
427.596
427.596
427.599
427.604
427.609
427.613
427.616
427.618
427.616
427.616
427.616
427.617
427.619
427.624
427.631
427.633
427.632
427.626
427.619
427.605
427.589
427.578
427.575
427.576
427.582
427.597
427.614
427.628
427.639
427.644
427.64
427.631
427.621
427.61
427.598
427.589
427.585
427.573
427.551
427.524
427.499
427.475
427.444
427.43
427.437
427.491
427.608
427.774
427.958
428.129
428.263
428.34
428.371
428.377
428.351
428.144
426.789
421.556
409.934
392.801
372.665
351.988
332.504
315.146
300.235
287.772
277.573
269.353
262.822
257.694
253.723
250.673
248.345
246.596
245.299
244.341
243.643
243.142
242.791
242.545
242.374
306.828
311.638
314.032
315.293
315.312
315.163
314.063
312.01
309.306
306.842
305.102
304.092
303.762
303.622
303.129
301.788
297.944
289.726
284.414
290.571
303.617
309.574
310.66
312.508
313.146
312.282
310.68
308.574
306.226
303.961
302.096
300.668
299.393
297.922
296.103
294.314
293.278
293.02
293
293
293
293
293
293
293
293
293
293
293
293
293
293
293
293
293
293
293
293
293
293
293
293
293
293
293
293
293
293
293
293
293
293
293
293
293
293
293
293
293
293
293
293
293
293
293
293
293
293
293
293
293
293
293
293
293
293
293
293
293
293
299.824
302.04
303.149
303.379
303.259
302.603
301.614
300.488
299.763
299.343
298.94
298.608
297.906
296.406
293.64
287.509
281.439
281.307
286.506
293.391
300.15
305.853
309.758
310.847
310.29
308.946
307.085
305.012
303.049
301.46
300.215
299.02
297.558
295.755
294.077
293.2
293.012
293
293
293
293
293
293
293
293
293
293
293
293
293
293
293
293
293
293
293
293
293
293
293
293
293
293
293
293
293
293
293
293
293
293
293
293
293
293
293
293
293
293
293
293
293
293
293
293
293
293
293
293
293
293
293
293
293
293
293
293
293
293
293
296.278
295.881
295.189
293.785
291.444
287.726
281.955
278.691
279.777
283.445
290.505
297.206
303.743
307.649
308.641
308.245
307.16
305.58
303.805
302.156
300.839
299.758
298.622
297.16
295.381
293.843
293.134
293.006
293
293
293
293
293
293
293
293
293
293
293
293
293
293
293
293
293
293
293
293
293
293
293
293
293
293
293
293
293
293
293
293
293
293
293
293
293
293
293
293
293
293
293
293
293
293
293
293
293
293
293
293
293
293
293
293
293
293
293
293
293
293
293
293
293
293
293
293
293
293
293
293
293
293
293
293
293
293
293
293
293
293
293
293
293
293
293
293
293
293
293
293
293
293
293
293
293
293
293
293
293
293
293
293
293
293
293
293
293
293
293
293
293
293
293
293
293
293
293
293
293
293
293
293
293
293
293
293
293
293
293
293
293
293
293
293
293
293
293
293
293
293
293
293
293
293
293
293
293
293
293
293
293
293
293
293
293
293
293
293
293
293
293
293
293
293
293
293
293
293
293
293
293
293
293
293
293
293
293
293
293
293
293
293
293
293
293
293
293
293
293
293
293
293
293
293
293
293
293
293
293
293
293
293
293
293
293
293
293
293
293
293
293
293
293
293
293
293
293
293
293
293
293
293
293
293
293
293
293
293
293
293
293
293
293
293
293
293
293
293
293
293
293
293
293
293
293
293
293
293
293
293
293
293
293
293
293
293
293
293
293
293
293
293
293
293
293
293
293
293
293
293
293
293
293
293
293
293
293
293
293
293
293
293
293
293
293
293
293
293
293
293
293
293
293
293
293
293
293
293
293
293
293
293
293
293
293
293
293
293
293
293
293
293
293
293
293
293
293
293
293
293
293
293
293
293
293
293
293
293
293
293
293
293
293
293
293
293
293
293
293
293
293
293
293
293
293
293
293
293
293
293
293
293
293
293
293
293
293
293
293
293
293
293
293
293
293
293
293
293
293
293
293
293
293
293
293
293
293
293
293
293
293
293
293
293
293
293
293
293
293
293
293
293
293
293
293
293
293
293
293
293
293
293
293
293
293
293
293
293
293
293
293
293
293
293
293
293
293
293
293
293
293
293
293
293
293
293
293
293
293
293
293
293
293
293
293
293
293
293
293
293
293
293
293
293
293
293
293
293
293
293
293
293
293
293
293
293
293
293
293
293
293
293
293
293
293
293
293
293
293
293
293
293
293
293
293
293
293
293
293
293
293
293
293
293
293
293
293
293
293
293
293
293
293
293
293
293
293
293
293
293
293
293
293
293
293
293
293
293
293
293
293
293
293
293
293
293
293
293
293
293
293
293
293
293
293
293
293
293
293
293
293
293
293
293
293
293
293
293
293
293
293
293
293
293
293
293
293
293
293
293
293
293
293
293
293
293
293
293
293
293
293
293
293
293
293
293
293
293
293
293
293
293
293
293
293
293
293
293
293
293
293
293
293
293
293
293
293
293
293
293
293
293
293
293
293
293
293
293
293
293
293
293
293
293
293
293
293
293
293
293
293
293
293
293
293
293
293
293
293
293
293
293
293
293
293
293
293
293
293
293
293
293
293
293
293
293
293
293
293
293
293
293
293
293
293
293
293
293
293
293
293
293
293
293
293
293
293
293
293
293
293
293
293
293
293
293
293
293
293
293
293
293
293
293
293
293
293
293
293
293
293
293
293
293
293
293
293
293
293
293
293
293
293
293
293
293
293
293
293
293
293
293
293
293
293
293
293
293
293
293
293
293
293
293
293
293
293
293
293
293
293
293
293
293
293
293
293
293
293
293
293
293
293
293
293
293
293
293
293
293
293
293
293
293
293
293
293
293
293
293
293
293
293
293
293
293
293
293
293
293
293
293
293
293
293
293
293
293
293
293
293
293
293
293
293
293
293
293
293
293
293
293
293
293
293
293
293
293
293
293
293
293
293
293
293
293
293
293
293
293
293
293
293
293
293
293
293
293
293
293
293
293
293
293
293
293
293
293
293
293
293
293
293
293
293
293
293
293
293
293
293
293
293
293
293
293
293
293
293
293
293
293
293
293
293
293
293
293
293
293
293
293
293
293
293
293
293
293
293
293
293
293
293
293
293
293
293
293
293
293
293
293
293
293
293
293
293
293
293
293
293
293
293
293
293
293
293
293
293
293
293
293
293
293
293
293
293
293
293
293
293
293
293
293
293
293
293
293
293
293
293
293
293
293
293
293
293
293
293
293
293
293
293
293
293
293
293
293
293
293
293
293
293
293
293
293
293
293
293
293
293
293
293
293
293
293
293
293
293
293
293
293
293
293
293
293
293
293
293
293
293
293
293
293
293
293
293
293
293
293
293
293
293
293
293
293
293
293
293
293
293
293
293
293
293
293
293
293
293
293
293
293
293
293
293
293
293
293
293
293
293
293
293
293
293
293
293
293
293
293
293
293
293
293
293
293
293
293
293
293
293
293
293
293
293
293
293
293
293
293
293
293
293
293
293
293
293
293
293
293
293
293
293
293
293
293
293
293
293
293
293
293
293
293
293
293
293
293
293
293
293
293
293
293
293
293
293
293
293
293
293
293
293
293
293
293
293
293
293
293
293
293
293
293
293
293
293
293
293
293
293
293
293
293
293
293
293
293
293
293
293
293
293
293
293
293
293
293
293
293
293
293
293
293
293
293
293
293
293
293
293
293
293
293
293
293
293
293
293
293
293
293
293
293
293
293
293
293
293
293
293
293
293
293
293
293
293
293
293
293
293
293
293
293
293
293
293
293
293
293
293
293
293
293
293
293
293
293
293
293
293
293
293
293
293
293
293
293
293
293
293
293
293
293
293
293
293
293
293
293
293
293
293
293
293
293
293
293
293
293
293
293
293
293
293
293
293
293
293
293
293
293
293
293
293
293
293
293
293
293
293
293
293
293
293
293
293
293
293
293
293
293
293
293
293
293
293
293
293
293
293
293
293
293
293
293
293
293
293
293
293
293
293
293
293
293
293
293
293
293
293
293
293
293
293
293
293
293
293
293
293
293
293
293
293
293
293
293
293
293
293
293
293
293
293
293
293
293
293
293
293
293
293
293
293
293
293
293
293
293
293
293
293
293
293
293
293
293
293
293
293
293
293
293
293
293
293
293
293
293
293
293
293
293
293
293
293
293
293
293
293
293
293
293
293
293
293
293
293
293
293
293
293
293
293
293
293
293
293
293
293
293
293
293
293
293
293
293
293
293
293
293
293
293
293
293
293
293
293
293
293
293
293
293
293
293
293
293
293
293
293
293
293
293
293
293
293
293
293
293
293
293
293
293
293
293
293
293
293
293
293
293
293
293
293
293
293
293
293
293
293
293
293
293
293
293
293
293
293
293
293
293
293
293
293
293
293
293
293
293
293
293
293
293
293
293
293
293
293
293
293
293
293
293
293
293
293
293
293
293
293
293
293
293
293
293
293
293
293
293
293
293
293
293
293
293
293
293
293
293
293
293
293
293
293
293
293
293
293
293
293
293
293
293
293
293
293
293
293
293
293
293
293
293
293
293
293
293
293
293
293
293
293
293
293
293
293
293
293
293
293
293
293
293
293
293
293
293
293
293
293
293
293
293
293
293
293
293
293
293
293
293
293
293
293
293
293
293
293
293
293
293
293
293
293
293
293
293
293
293
293
293
293
293
293
293
293
293
293
293
293
293
293
293
293
293
293
293
293
293
293
293
293
293
293
293
293
293
293
293
293
293
293
293
293
293
293
293
293
293
293
293
293
293
293
293
293
293
293
293
293
293
293
293
293
293
293
293
293
293
293
293
293
293
293
293
293
293
293
293
293
293
293
293
293
293
293
293
293
293
293
293
293
293
293
293
293
293
293
293
293
293
293
293
293
293
293
293
293
293
293
293
293
293
293
293
293
293
293
293
293
293
293
293
293
293
293
293
293
293
293
293
293
293
293
293
293
293
293
293
293
293
293
293
293
293
293
293
293
293
293
293
293
293
293
293
293
293
293
293
293
293
293
293
293
293
293
293
293
293
293
293
293
293
293
293
293
293
293
293
293
293
293
293
293
293
293
293
293
293
293
293
293
293
293
293
293
293
293
293
293
293
293
293
293
293
293
293
293
293
293
293
293
293
293
293
293
293
293
293
293
293
293
293
293
293
293
293
293
293
293
293
293
293
293
293
293
293
293
293
293
293
293
293
293
293
293
293
293
293
293
293
293
293
293
293
293
293
293
293
293
293
293
293
293
293
293
293
293
293
293
293
293
293
293
293
293
293
293
293
293
293
293
293
293
293
293
293
293
293
293
293
293
293
293
293
293
293
293
293
293
293
293
293
293
293
293
293
293
293
293
293
293
293
293
293
293
293
293
293
293
293
293
293
293
293
293
293
293
293
293
293
293
293
293
293
293
293
293
293
293
293
293
293
293
293
293
293
293
293
293
293
293
293
293
293
293
293
293
293
293
293
293
293
293
293
293
293
293
293
293
293
293
293
293
293
293
293
293
293
293
293
293
293
293
293
293
293
293
293
293
293
293
293
293
293
293
293
293
293
293
293
293
293
293
293
293
293
293
293
293
293
293
293
293
293
293
293
293
293
293
293
293
293
293
293
293
293
293
293
293
293
293
293
293
293
293
293
293
293
293
293
293
293
293
293
293
293
293
293
293
293
293
293
293
293
293
293
293
293
293
293
293
293
293
293
293
293
293
293
293
293
293
293
293
293
293
293
293
293
293
293
293
293
293
293
293
293
293
293
293
293
293
293
293
293
293
293
293
293
293
293
293
293
293
293
293
293
293
293
293
293
293
293
293
293
293
293
293
293
293
293
293
293
293
293
293
293
293
293
293
293
293
293
293
293
293
293
293
293
293
293
293
293
293
293
293
293
293
293
293
293
293
293
293
293
293
293
293
293
293
293
293
293
293
293
293
293
293
293
293
293
293
293
293
293
293
293
293
293
293
293
293
293
293
293
293
293
293
293
293
293
293
293
293
293
293
293
293
293
293
293
293
293
293
293
293
293
293
293
293
293
293
293
293
293
293
293
293
293
293
293
293
293
293
293
293
293
293
293
293
293
293
293
293
293
293
293
293
293
293
293
293
293
293
293
293
293
293
293
293
293
293
293
293
293
293
293
293
293
293
293
293
293
293
293
293
293
293
293
293
293
293
293
293
293
293
293
293
293
293
293
293
293
293
293
293
293
293
293
293
293
293
293
293
293
293
293
293
293
293
293
293
293
293
293
293
293
293
293
293
293
293
293
293
293
293
293
293
293
293
293
293
293
293
293
293
293
293
293
293
293
293
293
293
293
293
293
293
293
293
293
293
293
293
293
293
293
293
293
293
293
293
293
293
293
293
293
293
293
293
293
293
293
293
293
293
293
293
293
293
293
293
293
293
293
293
293
293
293
293
293
293
293
293
293
293
293
293
293
293
293
293
293
293
293
293
293
293
293
293
293
293
293
293
293
293
293
293
293
293
293
293
293
293
293
293
293
293
293
293
293
293
293
293
293
293
293
293
293
293
293
293
293
293
293
293
293
293
293
293
293
293
293
293
293
293
293
293
293
293
293
293
293
293
293
293
293
293
293
293
293
293
293
293
293
293
293
293
293
293
293
293
293
293
293
293
293
293
293
293
293
293
293
293
293
293
293
293
293
293
293
293
293
293
293
293
293
293
293
293
293
293
293
293
293
293
293
293
293
293
293
293
293
293
293
293
293
293
293
293
293
293
293
293
293
293
293
293
293
293
293
293
293
293
293
293
293
293
293
293
293
293
293
293
293
293
293
293
293
293
293
293
293
293
293
293
293
293
293
293
293
293
293
293
293
293
293
293
293
293
293
293
293
293
293
293
293
293
293
293
293
293
293
293
293
293
293
293
293
293
293
293
293
293
293
293
293
293
293
293
293
293
293
293
293
293
293
293
293
293
293
293
293
293
293
293
293
293
293
293
293
293
293
293
293
293
293
293
293
293
293
293
293
293
293
293
293
293
293
293
293
293
293
293
293
293
293
293
293
293
293
293
293
293
293
293
293
293
293
293
293
293
293
293
293
293
293
293
293
293
293
293
293
293
293
293
293
293
293
293
293
293
293
293
293
293
293
293
293
293
293
293
293
293
293
293
293
293
293
293
374.763
336.426
292.36
255.089
211.365
162.702
229.841
463.59
500.518
482.336
472.667
469.156
461.466
446.297
422.576
403.139
378.868
381.026
390.774
348.758
322.143
315.567
316.856
320.589
320.707
320.391
319.158
317.12
314.366
311.131
307.785
304.775
302.397
300.435
298.435
296.209
294.226
293.219
293.012
293
293
293
293
293
293
293
293
293
293
293
293
293
293
293
293
293
293
293
293
293
293
293
293
293
293
293
293
293
293
293
293
293
293
293
293
293
293
293
293
293
293
293
293
293
293
293
293
293
293
293
293
293
293
293
293
293
293
293
374.298
335.104
294.342
257.685
215.305
172.166
188.503
393.429
463.831
461.119
454.68
450.178
440.606
425.497
405.886
388.385
366.338
369.53
390.538
355.216
324.35
316.574
317.191
320.636
320.778
320.477
319.333
317.253
314.429
311.166
307.804
304.786
302.404
300.439
298.437
296.207
294.223
293.218
293.012
293
293
293
293
293
293
293
293
293
293
293
293
293
293
293
293
293
293
293
293
293
293
293
293
293
293
293
293
293
293
293
293
293
293
293
293
293
293
293
293
293
293
293
293
293
293
293
293
293
293
293
293
293
293
293
293
293
293
293
372.993
332.167
289.801
251.159
204.971
178.3
190.329
317.809
400.334
419.115
419.64
417.401
407.874
395.126
379.442
364.751
345.601
348.629
386.08
363.724
329.631
319.759
318.23
320.746
320.827
320.468
319.255
317.171
314.344
311.09
307.742
304.741
302.373
300.416
298.417
296.193
294.215
293.216
293.012
293
293
293
293
293
293
293
293
293
293
293
293
293
293
293
293
293
293
293
293
293
293
293
293
293
293
293
293
293
293
293
293
293
293
293
293
293
293
293
293
293
293
293
293
293
293
293
293
293
293
293
293
293
293
293
293
293
293
293
370.907
327.817
284.92
245.175
199.591
186.201
204.78
277.665
353.93
377.784
385.065
384.778
377.075
367.515
354.811
342.164
324.689
327.35
371.763
369.578
338.934
325.407
319.735
321.131
320.974
320.497
319.295
317.18
314.301
311.023
307.679
304.694
302.34
300.391
298.395
296.173
294.203
293.212
293.012
293
293
293
293
293
293
293
293
293
293
293
293
293
293
293
293
293
293
293
293
293
293
293
293
293
293
293
293
293
293
293
293
293
293
293
293
293
293
293
293
293
293
293
293
293
293
293
293
293
293
293
293
293
293
293
293
293
293
293
367.577
321.684
278.115
237.377
198.369
198.929
221.686
264.125
327.23
356.173
365.936
364.537
357.822
348.853
336.979
325.156
307.994
308.908
345.703
372.607
349.44
332.413
322.513
321.958
321.128
320.439
319.215
317.118
314.223
310.932
307.594
304.629
302.294
300.356
298.365
296.147
294.187
293.207
293.011
293
293
293
293
293
293
293
293
293
293
293
293
293
293
293
293
293
293
293
293
293
293
293
293
293
293
293
293
293
293
293
293
293
293
293
293
293
293
293
293
293
293
293
293
293
293
293
293
293
293
293
293
293
293
293
293
293
293
293
362.434
312.978
269.409
230.265
211.491
217.766
236.59
260.997
310.506
346.578
359.504
356.188
347.832
338.288
326.36
314.221
298.269
295.594
319.209
367.902
357.384
339.259
326.935
323.164
321.418
320.423
319.162
317.056
314.133
310.822
307.491
304.549
302.238
300.313
298.328
296.115
294.167
293.202
293.011
293
293
293
293
293
293
293
293
293
293
293
293
293
293
293
293
293
293
293
293
293
293
293
293
293
293
293
293
293
293
293
293
293
293
293
293
293
293
293
293
293
293
293
293
293
293
293
293
293
293
293
293
293
293
293
293
293
293
293
354.68
302.024
260.791
228.718
227.937
237.039
250.049
262.534
297.174
343.496
358.217
353.932
344.017
333.557
321.741
308.846
294.365
286.056
300.852
354.522
361.526
346.334
333.043
325.063
321.837
320.386
319.037
316.934
314.015
310.692
307.368
304.454
302.171
300.262
298.283
296.076
294.144
293.195
293.01
293
293
293
293
293
293
293
293
293
293
293
293
293
293
293
293
293
293
293
293
293
293
293
293
293
293
293
293
293
293
293
293
293
293
293
293
293
293
293
293
293
293
293
293
293
293
293
293
293
293
293
293
293
293
293
293
293
293
293
343.331
291.116
256.909
242.952
245.876
251.019
259.17
267.462
289.743
340.025
358.468
352.33
341.78
331.391
319.828
305.967
293.045
279.471
288.903
335.69
362.962
352.06
339.327
327.753
322.519
320.478
318.905
316.792
313.874
310.541
307.226
304.344
302.093
300.203
298.231
296.032
294.117
293.188
293.01
293
293
293
293
293
293
293
293
293
293
293
293
293
293
293
293
293
293
293
293
293
293
293
293
293
293
293
293
293
293
293
293
293
293
293
293
293
293
293
293
293
293
293
293
293
293
293
293
293
293
293
293
293
293
293
293
293
293
293
328.547
286.614
265.765
258.188
261.037
262.201
266.392
272.694
286.829
334.48
358.767
351.716
341.842
331.581
319.594
305.254
291.611
276.859
282.46
318.954
359.957
355.506
344.503
331.047
323.521
320.545
318.704
316.603
313.707
310.369
307.066
304.221
302.006
300.135
298.171
295.981
294.086
293.179
293.009
293
293
293
293
293
293
293
293
293
293
293
293
293
293
293
293
293
293
293
293
293
293
293
293
293
293
293
293
293
293
293
293
293
293
293
293
293
293
293
293
293
293
293
293
293
293
293
293
293
293
293
293
293
293
293
293
293
293
293
300.622
289.311
281.95
273.96
273.897
272.337
274.225
278.639
289.26
326.713
356.769
350.779
341.916
331.481
319.186
304.742
291.283
276.47
278.229
306.971
351.1
356.448
349.17
335.215
325.07
320.691
318.481
316.361
313.473
310.132
306.851
304.056
301.888
300.045
298.092
295.912
294.045
293.169
293.008
293
293
293
293
293
293
293
293
293
293
293
293
293
293
293
293
293
293
293
293
293
293
293
293
293
293
293
293
293
293
293
293
293
293
293
293
293
293
293
293
293
293
293
293
293
293
293
293
293
293
293
293
293
293
293
293
293
293
293
309.512
303.9
295.412
286.165
282.717
279.52
281.174
284.784
293.462
319.269
351.24
349.408
342.059
331.215
318.617
304.517
291.424
277.152
275.164
299.37
340.691
356.347
352.07
339.19
326.985
320.963
318.231
316.043
313.156
309.821
306.575
303.846
301.739
299.929
297.989
295.824
293.993
293.155
293.007
293
293
293
293
293
293
293
293
293
293
293
293
293
293
293
293
293
293
293
293
293
293
293
293
293
293
293
293
293
293
293
293
293
293
293
293
293
293
293
293
293
293
293
293
293
293
293
293
293
293
293
293
293
293
293
293
293
293
293
311.418
308.197
301.669
293.843
288.283
284.283
286.325
289.876
297.278
315.304
343.819
348.869
342.122
330.652
318.195
305.026
292.425
279.142
274.759
295.63
334.478
354.538
352.873
341.658
328.377
321.167
317.989
315.693
312.784
309.463
306.267
303.615
301.575
299.801
297.874
295.725
293.937
293.141
293.006
293
293
293
293
293
293
293
293
293
293
293
293
293
293
293
293
293
293
293
293
293
293
293
293
293
293
293
293
293
293
293
293
293
293
293
293
293
293
293
293
293
293
293
293
293
293
293
293
293
293
293
293
293
293
293
293
293
293
293
311.389
309.982
305.332
299.08
293.196
288.836
290.89
294.706
301.638
314.364
337.503
347.911
341.414
330.475
318.892
306.97
294.748
281.766
276.088
293.663
331.768
352.845
352.371
342.505
328.77
320.94
317.627
315.286
312.364
309.064
305.929
303.366
301.399
299.661
297.748
295.618
293.876
293.126
293.005
293
293
293
293
293
293
293
293
293
293
293
293
293
293
293
293
293
293
293
293
293
293
293
293
293
293
293
293
293
293
293
293
293
293
293
293
293
293
293
293
293
293
293
293
293
293
293
293
293
293
293
293
293
293
293
293
293
293
293
312.394
311.717
308.48
303.516
297.656
293.831
295.355
300.131
306.738
316.145
333.49
345.852
341.187
331.695
321.113
310.265
298.028
285.011
278.143
292.409
331.003
350.448
350.336
341.643
328.605
320.671
317.23
314.826
311.891
308.623
305.566
303.101
301.21
299.51
297.61
295.501
293.812
293.112
293.004
293
293
293
293
293
293
293
293
293
293
293
293
293
293
293
293
293
293
293
293
293
293
293
293
293
293
293
293
293
293
293
293
293
293
293
293
293
293
293
293
293
293
293
293
293
293
293
293
293
293
293
293
293
293
293
293
293
293
293
313.771
313.398
311.435
308.155
303.045
299.867
300.751
305.991
313.859
320.828
332.605
343.658
341.296
333.394
323.861
313.559
300.838
287.11
279.685
291.021
329.489
348.91
348.483
339.898
327.624
320.083
316.738
314.307
311.364
308.144
305.179
302.823
301.012
299.349
297.462
295.376
293.746
293.097
293.004
293
293
293
293
293
293
293
293
293
293
293
293
293
293
293
293
293
293
293
293
293
293
293
293
293
293
293
293
293
293
293
293
293
293
293
293
293
293
293
293
293
293
293
293
293
293
293
293
293
293
293
293
293
293
293
293
293
293
293
316.02
315.74
314.443
312.148
309.586
307.807
309.03
313.263
320.066
326.282
334.018
341.205
340.239
334.069
325.415
315.236
302.21
287.642
280.372
289.057
326.855
346.907
345.975
337.108
325.888
319.219
316.149
313.723
310.784
307.628
304.774
302.535
300.805
299.179
297.303
295.244
293.678
293.083
293.003
293
293
293
293
293
293
293
293
293
293
293
293
293
293
293
293
293
293
293
293
293
293
293
293
293
293
293
293
293
293
293
293
293
293
293
293
293
293
293
293
293
293
293
293
293
293
293
293
293
293
293
293
293
293
293
293
293
293
293
319.393
318.98
317.795
316.781
315.847
315.254
316.615
320.961
326.072
330.988
335.167
338.256
337.355
332.822
324.711
314.875
301.553
287.175
279.959
286.185
323.114
344.281
342.621
333.408
323.668
318.166
315.468
313.069
310.153
307.082
304.355
302.24
300.592
299
297.135
295.105
293.609
293.07
293.002
293
293
293
293
293
293
293
293
293
293
293
293
293
293
293
293
293
293
293
293
293
293
293
293
293
293
293
293
293
293
293
293
293
293
293
293
293
293
293
293
293
293
293
293
293
293
293
293
293
293
293
293
293
293
293
293
293
293
293
323.334
322.666
322.002
321.934
322.198
322.58
324.444
327.354
330.716
333.104
334.879
334.59
333.046
328.514
321.459
312.918
300.792
287.235
279.419
283.644
319.738
340.77
338.219
328.986
321.246
317.029
314.703
312.342
309.473
306.511
303.926
301.941
300.372
298.812
296.957
294.961
293.541
293.058
293.002
293
293
293
293
293
293
293
293
293
293
293
293
293
293
293
293
293
293
293
293
293
293
293
293
293
293
293
293
293
293
293
293
293
293
293
293
293
293
293
293
293
293
293
293
293
293
293
293
293
293
293
293
293
293
293
293
293
293
293
325.836
324.854
325.054
325.782
326.619
327.445
328.738
330.395
332.25
332.311
331.624
328.903
326.627
321.976
316.522
310.354
301.236
289.297
280.336
283.142
317.748
336.337
332.481
324.171
318.923
315.9
313.868
311.545
308.751
305.922
303.493
301.64
300.149
298.616
296.771
294.813
293.474
293.047
293.001
293
293
293
293
293
293
293
293
293
293
293
293
293
293
293
293
293
293
293
293
293
293
293
293
293
293
293
293
293
293
293
293
293
293
293
293
293
293
293
293
293
293
293
293
293
293
293
293
293
293
293
293
293
293
293
293
293
293
293
326.521
325.421
326.308
327.564
328.241
328.885
329.48
329.59
328.772
326.78
323.808
319.887
317.696
314.855
312.183
308.938
302.576
292.528
282.18
285.093
315.341
329.365
325.357
319.616
316.909
314.817
312.968
310.682
307.996
305.323
303.06
301.34
299.921
298.413
296.576
294.662
293.41
293.037
293.001
293
293
293
293
293
293
293
293
293
293
293
293
293
293
293
293
293
293
293
293
293
293
293
293
293
293
293
293
293
293
293
293
293
293
293
293
293
293
293
293
293
293
293
293
293
293
293
293
293
293
293
293
293
293
293
293
293
293
293
323.176
322.001
323.455
324.794
325.178
325.378
324.883
323.486
320.973
317.296
313.846
311.22
310.196
309.273
308.612
307.179
303.032
294.136
284.193
288.113
310.765
321.272
317.986
315.808
315.162
313.766
312.011
309.774
307.223
304.722
302.631
301.042
299.691
298.202
296.374
294.509
293.349
293.029
293.001
293
293
293
293
293
293
293
293
293
293
293
293
293
293
293
293
293
293
293
293
293
293
293
293
293
293
293
293
293
293
293
293
293
293
293
293
293
293
293
293
293
293
293
293
293
293
293
293
293
293
293
293
293
293
293
293
293
293
293
293
293
)
;

boundaryField
{
    FreestreamLeft
    {
        type            totalTemperature;
        gamma           1.4;
        T0              nonuniform List<scalar> 0();
        value           nonuniform List<scalar> 0();
    }
    FreestreamTop
    {
        type            totalTemperature;
        gamma           1.4;
        T0              uniform 293;
        value           uniform 293;
    }
    Inlet
    {
        type            totalTemperature;
        gamma           1.4;
        T0              nonuniform List<scalar> 0();
        value           nonuniform List<scalar> 0();
    }
    Outlet
    {
        type            zeroGradient;
    }
    Wall
    {
        type            zeroGradient;
    }
    Wedge1
    {
        type            wedge;
    }
    Wedge2
    {
        type            wedge;
    }
    procBoundary1to0
    {
        type            processor;
        value           nonuniform List<scalar> 
18
(
242.26
242.26
242.26
242.259
242.259
242.259
242.258
242.258
242.258
242.26
242.26
242.26
242.259
242.259
242.259
242.258
242.258
242.258
)
;
    }
    procBoundary1to2
    {
        type            processor;
        value           nonuniform List<scalar> 
190
(
293.339
297.055
297.055
296.506
296.506
296.551
296.657
296.768
296.836
296.721
296.385
295.693
294.515
293
293
293
293
293
293
293.003
293.081
293.619
294.982
296.716
298.192
299.293
300.237
301.303
302.642
304.126
305.457
306.351
306.673
305.903
302.716
297.134
291.101
284.972
280.692
279.584
281.361
285.57
289.125
291.538
293.18
294.191
294.701
293
293
293
293
293
293
293
293
293
293
293
293
293
293
293
293
293
293
293
293
293
293
293
293
293
293
293
293
293
293
293
293
293
293
293
293
293
293
293
293
293
293
293
293
293
293
293
293
293.335
296.989
296.989
294.485
295.645
296.328
296.66
296.772
296.702
296.588
296.483
296.443
296.443
294.663
294.163
293.204
291.571
289.164
285.603
281.386
279.641
280.791
285.125
291.236
297.152
302.617
305.771
306.555
306.265
305.406
304.101
302.634
301.304
300.241
299.298
298.198
296.722
294.986
293.621
293.081
293.003
293
293
293
293
293
293
293
293
293
293
293
293
293
293
293
293
293
293
293
293
293
293
293
293
293
293
293
293
293
293
293
293
293
293
293
293
293
293
293
293
293
293
293
293
293
293
293
293
293
293
293
293
293
293
)
;
    }
    procBoundary1to4
    {
        type            processor;
        value           nonuniform List<scalar> 
148
(
293
293
293
293
293
293
293
293
293
293
293
293
293
293
293
293
293
293
293
293
293
293
293
293
293
293
293
293
293
293
293
293
293
293
293
293
293
293
293
293
293
293
293
293
293
293
293
293
293
293
293
293
293
293
293
293
293
293
293
293
293
293
293
293
293
293
293
293
293
293
293
293
293
293
293
293
293
293
293
293
293
293
293
293
293
293
293
293
293
293
293
293
293
293
293
293
293
293
293
293
293
293
293
293
293
293
293
293
293
293
293
293
293
293
293
293
293
293
293
293
293
293
293
293
293
293
293
293
293
293
293
293
293
293
293
293
293
293
293
293
293
293
293
293
293
293
293
293
)
;
    }
}


// ************************************************************************* //
