/*--------------------------------*- C++ -*----------------------------------*\
| =========                 |                                                 |
| \\      /  F ield         | OpenFOAM: The Open Source CFD Toolbox           |
|  \\    /   O peration     | Version:  2406                                  |
|   \\  /    A nd           | Website:  www.openfoam.com                      |
|    \\/     M anipulation  |                                                 |
\*---------------------------------------------------------------------------*/
FoamFile
{
    version     2.0;
    format      ascii;
    arch        "LSB;label=32;scalar=64";
    class       volScalarField;
    location    "0.1";
    object      T;
}
// * * * * * * * * * * * * * * * * * * * * * * * * * * * * * * * * * * * * * //

dimensions      [0 0 0 1 0 0 0];

internalField   nonuniform List<scalar> 
13948
(
301.689
295.604
293.533
292.999
292.873
292.84
292.844
292.88
292.945
293.009
293.042
293.048
293.035
293.011
292.992
292.981
292.974
292.965
292.95
292.935
292.924
292.92
292.924
292.938
292.964
292.997
293.025
293.037
293.038
293.035
293.028
293.014
292.995
292.972
292.948
292.923
292.904
292.895
292.893
292.897
292.913
292.942
292.975
292.996
293.001
293.002
293.002
293.004
293.008
293.017
293.031
293.046
293.054
293.055
293.052
293.044
293.03
293.014
293.003
293
293
293
293
293
293
293
293
293
293
293
293
293
293
293
293
293
293
293
293
293
293
293
293
293
293
293
293
293
293
293
293
293
293
293
293
293
293
293
293
309.264
300.219
295.268
293.53
292.999
292.872
292.844
292.85
292.885
292.948
293.008
293.039
293.044
293.032
293.009
292.99
292.979
292.973
292.964
292.95
292.936
292.925
292.922
292.926
292.94
292.965
292.997
293.025
293.036
293.036
293.033
293.026
293.012
292.993
292.971
292.947
292.923
292.905
292.896
292.894
292.899
292.915
292.943
292.976
292.996
293.001
293.002
293.003
293.004
293.008
293.017
293.031
293.046
293.053
293.054
293.052
293.044
293.029
293.013
293.003
293
293
293
293
293
293
293
293
293
293
293
293
293
293
293
293
293
293
293
293
293
293
293
293
293
293
293
293
293
293
293
293
293
293
293
293
293
293
293
293
322.63
322.385
321.524
319.884
317.335
313.985
310.22
306.182
302.122
299.483
296.327
294.51
293.431
293.009
292.879
292.851
292.857
292.892
292.952
293.01
293.038
293.042
293.029
293.007
292.989
292.979
292.972
292.964
292.95
292.936
292.926
292.923
292.928
292.941
292.966
292.998
293.024
293.035
293.035
293.032
293.024
293.011
292.992
292.97
292.946
292.923
292.905
292.897
292.895
292.9
292.916
292.944
292.976
292.996
293.001
293.002
293.003
293.004
293.009
293.017
293.032
293.046
293.053
293.054
293.052
293.043
293.029
293.013
293.003
293
293
293
293
293
293
293
293
293
293
293
293
293
293
293
293
293
293
293
293
293
293
293
293
293
293
293
293
293
293
293
293
293
293
293
293
293
293
293
293
319.377
319.152
318.716
318.122
317.607
317.214
316.973
316.941
316.939
317.017
317.044
317.001
316.811
316.585
316.375
316.167
315.928
315.562
314.934
314.145
313.501
312.9
312.084
311.331
310.742
310.457
310.402
310.446
310.591
310.803
311.006
311.171
311.233
311.056
310.55
309.561
308.024
305.932
303.45
300.866
298.531
296.496
295.522
294.417
293.813
293.26
292.98
292.881
292.861
292.867
292.901
292.958
293.011
293.036
293.039
293.026
293.004
292.987
292.978
292.971
292.963
292.95
292.936
292.927
292.924
292.929
292.943
292.968
292.999
293.025
293.034
293.034
293.031
293.023
293.009
292.99
292.969
292.945
292.922
292.905
292.898
292.896
292.901
292.917
292.945
292.977
292.997
293.002
293.002
293.003
293.005
293.009
293.018
293.032
293.047
293.053
293.054
293.051
293.043
293.028
293.013
293.003
293
293
293
293
293
293
293
293
293
293
293
293
293
293
293
293
293
293
293
293
293
293
293
293
293
293
293
293
293
293
293
293
293
293
293
293
293
293
293
293
311.059
310.781
310.553
310.257
309.795
309.228
308.702
308.344
308.152
308.076
308.069
308.119
308.165
308.173
308.081
307.918
307.683
307.397
307.073
306.76
306.289
305.578
304.86
304.257
303.687
303.187
302.85
302.691
302.66
302.679
302.729
302.808
302.86
302.868
302.809
302.57
302.107
301.355
300.335
299.085
297.718
296.345
295.296
294.461
294.024
293.497
293.268
293.063
292.941
292.881
292.87
292.878
292.912
292.966
293.013
293.035
293.036
293.022
293.002
292.986
292.977
292.97
292.962
292.949
292.936
292.928
292.926
292.931
292.945
292.97
293
293.025
293.033
293.033
293.029
293.021
293.007
292.989
292.967
292.944
292.922
292.905
292.898
292.896
292.902
292.918
292.947
292.978
292.997
293.002
293.003
293.003
293.005
293.009
293.018
293.033
293.047
293.053
293.054
293.051
293.042
293.028
293.012
293.003
293
293
293
293
293
293
293
293
293
293
293
293
293
293
293
293
293
293
293
293
293
293
293
293
293
293
293
293
293
293
293
293
293
293
293
293
293
293
293
293
305.814
305.163
304.594
304.096
303.604
303.047
302.466
301.942
301.535
301.285
301.14
301.127
301.145
301.175
301.199
301.178
301.099
300.914
300.601
300.231
299.894
299.512
299.027
298.53
298.122
297.812
297.577
297.46
297.445
297.477
297.531
297.595
297.661
297.709
297.718
297.681
297.536
297.271
296.853
296.324
295.704
295.096
294.478
294.032
293.668
293.432
293.153
293.016
292.932
292.898
292.876
292.878
292.89
292.924
292.973
293.015
293.034
293.033
293.019
293
292.985
292.976
292.97
292.961
292.949
292.936
292.929
292.927
292.932
292.947
292.972
293.002
293.025
293.032
293.032
293.028
293.02
293.005
292.987
292.965
292.943
292.921
292.905
292.899
292.897
292.903
292.92
292.948
292.979
292.997
293.002
293.003
293.004
293.006
293.01
293.019
293.033
293.047
293.053
293.053
293.05
293.042
293.027
293.012
293.003
293
293
293
293
293
293
293
293
293
293
293
293
293
293
293
293
293
293
293
293
293
293
293
293
293
293
293
293
293
293
293
293
293
293
293
293
293
293
293
293
302.025
301.312
300.667
300.071
299.485
298.888
298.277
297.723
297.252
296.905
296.675
296.589
296.574
296.595
296.676
296.765
296.806
296.759
296.59
296.309
295.97
295.609
295.243
294.9
294.61
294.396
294.277
294.255
294.31
294.412
294.541
294.685
294.831
294.963
295.047
295.078
295.028
294.896
294.687
294.442
294.16
293.892
293.638
293.413
293.235
293.112
292.952
292.876
292.847
292.857
292.869
292.883
292.901
292.935
292.98
293.017
293.032
293.03
293.016
292.997
292.983
292.975
292.969
292.96
292.948
292.936
292.929
292.928
292.934
292.949
292.974
293.003
293.025
293.032
293.03
293.027
293.018
293.003
292.985
292.964
292.941
292.92
292.905
292.899
292.898
292.904
292.921
292.95
292.98
292.998
293.002
293.003
293.004
293.006
293.01
293.02
293.034
293.047
293.052
293.053
293.05
293.041
293.027
293.012
293.002
293
293
293
293
293
293
293
293
293
293
293
293
293
293
293
293
293
293
293
293
293
293
293
293
293
293
293
293
293
293
293
293
293
293
293
293
293
293
293
293
299.213
298.582
298.004
297.464
296.939
296.414
295.87
295.376
294.925
294.554
294.298
294.161
294.113
294.108
294.153
294.239
294.312
294.329
294.288
294.167
293.961
293.722
293.486
293.273
293.086
292.937
292.853
292.833
292.87
292.947
293.057
293.188
293.329
293.47
293.589
293.666
293.685
293.656
293.594
293.511
293.402
293.272
293.152
293.066
292.983
292.912
292.819
292.796
292.807
292.838
292.865
292.887
292.909
292.944
292.987
293.019
293.031
293.027
293.012
292.994
292.981
292.974
292.967
292.959
292.947
292.936
292.93
292.93
292.936
292.952
292.977
293.005
293.025
293.031
293.029
293.025
293.016
293.001
292.983
292.962
292.94
292.919
292.904
292.9
292.899
292.906
292.923
292.952
292.982
292.998
293.002
293.003
293.004
293.006
293.011
293.02
293.035
293.048
293.052
293.053
293.05
293.041
293.026
293.011
293.002
293
293
293
293
293
293
293
293
293
293
293
293
293
293
293
293
293
293
293
293
293
293
293
293
293
293
293
293
293
293
293
293
293
293
293
293
293
293
293
293
296.998
296.507
296.07
295.655
295.253
294.854
294.434
294.049
293.706
293.42
293.225
293.119
293.086
293.09
293.125
293.188
293.241
293.256
293.235
293.17
293.052
292.912
292.779
292.667
292.575
292.502
292.458
292.441
292.452
292.487
292.547
292.622
292.708
292.8
292.888
292.968
293.024
293.046
293.035
293.005
292.969
292.934
292.89
292.848
292.807
292.771
292.737
292.756
292.79
292.829
292.863
292.89
292.916
292.953
292.993
293.021
293.03
293.024
293.009
292.992
292.98
292.972
292.966
292.958
292.946
292.936
292.931
292.931
292.938
292.954
292.979
293.007
293.025
293.03
293.028
293.024
293.014
292.999
292.98
292.959
292.938
292.918
292.904
292.9
292.9
292.907
292.925
292.954
292.983
292.999
293.003
293.004
293.005
293.007
293.012
293.021
293.035
293.048
293.052
293.053
293.049
293.04
293.025
293.01
293.002
293
293
293
293
293
293
293
293
293
293
293
293
293
293
293
293
293
293
293
293
293
293
293
293
293
293
293
293
293
293
293
293
293
293
293
293
293
293
293
293
295.355
294.954
294.619
294.326
294.053
293.789
293.52
293.27
293.055
292.893
292.79
292.74
292.726
292.739
292.777
292.834
292.89
292.925
292.929
292.888
292.803
292.698
292.599
292.525
292.477
292.45
292.44
292.436
292.438
292.449
292.467
292.489
292.518
292.559
292.607
292.664
292.718
292.759
292.78
292.782
292.772
292.754
292.734
292.717
292.704
292.699
292.706
292.747
292.792
292.831
292.862
292.89
292.92
292.959
292.998
293.022
293.028
293.021
293.006
292.989
292.978
292.971
292.965
292.956
292.945
292.936
292.932
292.933
292.94
292.957
292.982
293.009
293.026
293.029
293.027
293.022
293.011
292.996
292.977
292.957
292.936
292.917
292.904
292.9
292.901
292.909
292.928
292.956
292.985
293
293.003
293.004
293.005
293.007
293.012
293.022
293.036
293.049
293.052
293.052
293.049
293.039
293.024
293.01
293.002
293
293
293
293
293
293
293
293
293
293
293
293
293
293
293
293
293
293
293
293
293
293
293
293
293
293
293
293
293
293
293
293
293
293
293
293
293
293
293
293
294.252
293.967
293.69
293.451
293.248
293.074
292.923
292.792
292.685
292.619
292.591
292.587
292.599
292.63
292.68
292.743
292.802
292.836
292.842
292.829
292.795
292.731
292.652
292.582
292.533
292.508
292.501
292.501
292.505
292.515
292.529
292.538
292.546
292.559
292.577
292.606
292.641
292.673
292.697
292.705
292.703
292.692
292.683
292.68
292.682
292.693
292.719
292.763
292.802
292.834
292.862
292.892
292.926
292.966
293.003
293.023
293.026
293.018
293.002
292.987
292.976
292.969
292.963
292.954
292.944
292.936
292.933
292.934
292.943
292.961
292.986
293.011
293.026
293.028
293.025
293.02
293.009
292.993
292.975
292.954
292.934
292.915
292.904
292.901
292.902
292.911
292.93
292.959
292.987
293
293.003
293.004
293.005
293.008
293.013
293.023
293.037
293.049
293.052
293.052
293.048
293.038
293.023
293.009
293.002
293
293
293
293
293
293
293
293
293
293
293
293
293
293
293
293
293
293
293
293
293
293
293
293
293
293
293
293
293
293
293
293
293
293
293
293
293
293
293
293
293.614
293.412
293.21
293.032
292.877
292.749
292.654
292.585
292.535
292.515
292.521
292.541
292.569
292.604
292.65
292.702
292.754
292.794
292.814
292.815
292.799
292.766
292.719
292.667
292.619
292.585
292.568
292.563
292.567
292.58
292.602
292.624
292.643
292.659
292.672
292.689
292.708
292.723
292.735
292.736
292.729
292.718
292.709
292.707
292.714
292.728
292.755
292.789
292.815
292.838
292.864
292.895
292.933
292.973
293.007
293.023
293.024
293.015
292.998
292.984
292.974
292.967
292.961
292.953
292.943
292.936
292.934
292.936
292.946
292.964
292.99
293.014
293.025
293.026
293.024
293.018
293.006
292.99
292.971
292.952
292.931
292.914
292.904
292.901
292.903
292.912
292.933
292.962
292.988
293.001
293.004
293.004
293.006
293.008
293.014
293.024
293.039
293.049
293.052
293.052
293.047
293.037
293.022
293.008
293.001
293
293
293
293
293
293
293
293
293
293
293
293
293
293
293
293
293
293
293
293
293
293
293
293
293
293
293
293
293
293
293
293
293
293
293
293
293
293
293
293
293.354
293.193
293.044
292.912
292.793
292.696
292.625
292.579
292.554
292.549
292.564
292.596
292.631
292.663
292.692
292.724
292.754
292.779
292.796
292.801
292.795
292.78
292.757
292.726
292.692
292.662
292.64
292.631
292.631
292.642
292.666
292.696
292.731
292.765
292.793
292.814
292.823
292.819
292.813
292.799
292.783
292.768
292.758
292.756
292.761
292.771
292.789
292.809
292.824
292.842
292.867
292.901
292.941
292.981
293.011
293.023
293.021
293.011
292.995
292.981
292.971
292.965
292.959
292.951
292.942
292.937
292.935
292.939
292.949
292.968
292.994
293.016
293.025
293.025
293.022
293.015
293.003
292.986
292.968
292.949
292.929
292.913
292.904
292.902
292.904
292.915
292.936
292.965
292.99
293.002
293.004
293.005
293.006
293.009
293.015
293.026
293.04
293.05
293.052
293.052
293.047
293.036
293.021
293.007
293.001
293
293
293
293
293
293
293
293
293
293
293
293
293
293
293
293
293
293
293
293
293
293
293
293
293
293
293
293
293
293
293
293
293
293
293
293
293
293
293
293
293.3
293.178
293.045
292.918
292.817
292.738
292.678
292.644
292.637
292.648
292.672
292.712
292.756
292.79
292.812
292.826
292.832
292.837
292.841
292.84
292.831
292.816
292.799
292.78
292.761
292.743
292.728
292.72
292.719
292.725
292.742
292.766
292.798
292.831
292.859
292.873
292.875
292.864
292.849
292.827
292.806
292.79
292.782
292.782
292.785
292.792
292.804
292.816
292.827
292.845
292.873
292.911
292.952
292.99
293.014
293.022
293.018
293.006
292.99
292.978
292.969
292.963
292.957
292.949
292.942
292.937
292.937
292.941
292.953
292.973
292.998
293.018
293.024
293.024
293.02
293.012
292.999
292.983
292.964
292.945
292.926
292.911
292.905
292.902
292.906
292.917
292.94
292.969
292.992
293.002
293.004
293.005
293.007
293.01
293.016
293.027
293.041
293.05
293.052
293.051
293.046
293.035
293.019
293.007
293.001
293
293
293
293
293
293
293
293
293
293
293
293
293
293
293
293
293
293
293
293
293
293
293
293
293
293
293
293
293
293
293
293
293
293
293
293
293
293
293
293
293.249
293.164
293.071
292.972
292.882
292.807
292.755
292.73
292.728
292.743
292.769
292.811
292.861
292.904
292.931
292.938
292.935
292.931
292.927
292.92
292.909
292.894
292.878
292.862
292.846
292.834
292.825
292.821
292.82
292.824
292.833
292.844
292.858
292.872
292.881
292.882
292.877
292.862
292.841
292.818
292.798
292.786
292.781
292.783
292.788
292.797
292.807
292.817
292.828
292.848
292.881
292.923
292.965
292.999
293.016
293.02
293.015
293.001
292.986
292.974
292.967
292.961
292.955
292.948
292.941
292.938
292.938
292.944
292.957
292.978
293.002
293.019
293.024
293.022
293.018
293.009
292.995
292.978
292.96
292.942
292.924
292.91
292.905
292.903
292.908
292.92
292.944
292.973
292.995
293.003
293.005
293.006
293.007
293.01
293.017
293.029
293.043
293.051
293.052
293.051
293.045
293.033
293.018
293.006
293.001
293
293
293
293
293
293
293
293
293
293
293
293
293
293
293
293
293
293
293
293
293
293
293
293
293
293
293
293
293
293
293
293
293
293
293
293
293
293
293
293
293.206
293.144
293.08
293.009
292.935
292.868
292.815
292.784
292.778
292.789
292.813
292.853
292.904
292.954
292.993
293.022
293.042
293.05
293.049
293.046
293.039
293.026
293.007
292.986
292.966
292.949
292.935
292.925
292.917
292.913
292.909
292.904
292.897
292.888
292.878
292.867
292.852
292.831
292.808
292.788
292.776
292.772
292.773
292.779
292.787
292.796
292.807
292.816
292.829
292.856
292.896
292.941
292.98
293.006
293.017
293.018
293.01
292.996
292.982
292.971
292.964
292.958
292.952
292.946
292.941
292.939
292.94
292.947
292.962
292.984
293.006
293.02
293.022
293.02
293.015
293.005
292.991
292.974
292.956
292.938
292.921
292.909
292.905
292.904
292.91
292.924
292.948
292.977
292.997
293.003
293.005
293.006
293.008
293.011
293.019
293.031
293.044
293.051
293.052
293.05
293.044
293.031
293.016
293.005
293.001
293
293
293
293
293
293
293
293
293
293
293
293
293
293
293
293
293
293
293
293
293
293
293
293
293
293
293
293
293
293
293
293
293
293
293
293
293
293
293
293
293.161
293.115
293.062
293.006
292.949
292.896
292.852
292.822
292.811
292.813
292.826
292.856
292.9
292.949
293
293.046
293.083
293.11
293.129
293.143
293.149
293.149
293.141
293.123
293.1
293.075
293.048
293.019
292.993
292.97
292.949
292.928
292.906
292.883
292.861
292.838
292.815
292.794
292.776
292.764
292.761
292.763
292.769
292.778
292.788
292.797
292.806
292.816
292.835
292.87
292.916
292.961
292.994
293.011
293.017
293.014
293.005
292.99
292.977
292.967
292.961
292.956
292.95
292.945
292.941
292.94
292.943
292.951
292.967
292.989
293.01
293.02
293.021
293.018
293.012
293.001
292.986
292.969
292.952
292.934
292.919
292.908
292.905
292.906
292.912
292.928
292.953
292.981
292.999
293.004
293.005
293.006
293.008
293.012
293.02
293.033
293.046
293.051
293.052
293.05
293.042
293.029
293.014
293.004
293
293
293
293
293
293
293
293
293
293
293
293
293
293
293
293
293
293
293
293
293
293
293
293
293
293
293
293
293
293
293
293
293
293
293
293
293
293
293
293
293
293.138
293.113
293.071
293.025
292.979
292.936
292.899
292.869
292.85
292.843
292.845
292.86
292.89
292.93
292.977
293.026
293.07
293.107
293.135
293.154
293.167
293.176
293.181
293.179
293.167
293.145
293.115
293.078
293.04
293.002
292.967
292.935
292.905
292.875
292.846
292.819
292.796
292.777
292.765
292.762
292.763
292.769
292.777
292.787
292.796
292.803
292.811
292.824
292.853
292.896
292.944
292.982
293.005
293.014
293.015
293.01
292.998
292.984
292.972
292.964
292.958
292.953
292.949
292.944
292.941
292.942
292.946
292.956
292.974
292.995
293.013
293.019
293.019
293.015
293.008
292.996
292.98
292.964
292.947
292.93
292.916
292.908
292.905
292.907
292.915
292.933
292.959
292.985
293
293.005
293.006
293.007
293.009
293.014
293.022
293.035
293.047
293.051
293.052
293.049
293.041
293.027
293.012
293.003
293
293
293
293
293
293
293
293
293
293
293
293
293
293
293
293
293
293
293
293
293
293
293
293
293
293
293
293
293
293
293
293
293
293
293
293
293
293
293
293
293
293.12
293.115
293.091
293.056
293.019
292.982
292.946
292.915
292.891
292.878
292.875
292.881
292.897
292.924
292.958
292.996
293.034
293.07
293.101
293.126
293.146
293.16
293.168
293.171
293.166
293.15
293.127
293.098
293.063
293.025
292.987
292.95
292.916
292.885
292.856
292.83
292.808
292.794
292.786
292.786
292.79
292.796
292.803
292.81
292.816
292.821
292.828
292.848
292.885
292.931
292.972
292.999
293.01
293.013
293.011
293.003
292.991
292.977
292.967
292.96
292.955
292.951
292.947
292.944
292.942
292.944
292.949
292.962
292.981
293.001
293.015
293.018
293.016
293.012
293.003
292.99
292.974
292.958
292.942
292.926
292.914
292.908
292.906
292.909
292.919
292.938
292.965
292.99
293.002
293.005
293.006
293.008
293.01
293.015
293.024
293.037
293.048
293.051
293.052
293.048
293.039
293.025
293.01
293.002
293
293
293
293
293
293
293
293
293
293
293
293
293
293
293
293
293
293
293
293
293
293
293
293
293
293
293
293
293
293
293
293
293
293
293
293
293
293
293
293
293
293.083
293.095
293.09
293.073
293.046
293.016
292.987
292.961
292.939
292.924
292.917
292.916
292.923
292.937
292.959
292.985
293.012
293.039
293.064
293.086
293.105
293.121
293.132
293.139
293.137
293.129
293.114
293.095
293.072
293.045
293.015
292.984
292.953
292.925
292.899
292.876
292.858
292.846
292.84
292.839
292.84
292.843
292.845
292.847
292.85
292.854
292.864
292.89
292.928
292.968
292.995
293.007
293.01
293.009
293.004
292.995
292.983
292.971
292.962
292.956
292.952
292.949
292.946
292.944
292.944
292.947
292.954
292.969
292.988
293.006
293.015
293.016
293.014
293.008
292.997
292.983
292.968
292.952
292.937
292.922
292.912
292.908
292.907
292.911
292.923
292.945
292.972
292.994
293.004
293.006
293.007
293.008
293.011
293.017
293.027
293.04
293.049
293.052
293.051
293.047
293.036
293.022
293.008
293.002
293
293
293
293
293
293
293
293
293
293
293
293
293
293
293
293
293
293
293
293
293
293
293
293
293
293
293
293
293
293
293
293
293
293
293
293
293
293
293
293
293
293.018
293.045
293.058
293.058
293.048
293.032
293.013
292.994
292.977
292.964
292.955
292.953
292.955
292.961
292.971
292.986
293.004
293.024
293.044
293.062
293.078
293.09
293.1
293.105
293.106
293.104
293.097
293.087
293.073
293.057
293.04
293.021
293.001
292.98
292.96
292.941
292.926
292.916
292.908
292.904
292.901
292.899
292.898
292.897
292.898
292.901
292.913
292.939
292.97
292.993
293.004
293.007
293.006
293.002
292.995
292.986
292.975
292.965
292.957
292.953
292.95
292.948
292.946
292.945
292.946
292.95
292.96
292.976
292.995
293.01
293.015
293.014
293.01
293.003
292.991
292.976
292.961
292.946
292.932
292.919
292.911
292.908
292.909
292.915
292.929
292.952
292.979
292.998
293.005
293.006
293.007
293.009
293.012
293.019
293.03
293.043
293.05
293.052
293.051
293.045
293.034
293.019
293.006
293.001
293
293
293
293
293
293
293
293
293
293
293
293
293
293
293
293
293
293
293
293
293
293
293
293
293
293
293
293
293
293
293
293
293
293
293
293
293
293
293
293
293
292.941
292.977
293.003
293.019
293.026
293.026
293.02
293.011
293.001
292.991
292.984
292.979
292.977
292.977
292.98
292.986
292.997
293.011
293.027
293.042
293.055
293.065
293.072
293.077
293.078
293.079
293.077
293.074
293.068
293.06
293.049
293.037
293.024
293.01
292.997
292.986
292.976
292.968
292.962
292.957
292.953
292.95
292.947
292.946
292.947
292.949
292.958
292.976
292.992
293
293.002
293
292.996
292.992
292.986
292.978
292.967
292.959
292.953
292.95
292.948
292.947
292.946
292.947
292.949
292.956
292.968
292.985
293.002
293.012
293.013
293.011
293.006
292.996
292.983
292.968
292.954
292.94
292.927
292.916
292.91
292.908
292.911
292.919
292.936
292.96
292.985
293.001
293.006
293.007
293.008
293.01
293.014
293.021
293.033
293.045
293.051
293.052
293.05
293.043
293.03
293.016
293.005
293.001
293
293
293
293
293
293
293
293
293
293
293
293
293
293
293
293
293
293
293
293
293
293
293
293
293
293
293
293
293
293
293
293
293
293
293
293
293
293
293
293
293
292.877
292.917
292.948
292.973
292.991
293.003
293.009
293.01
293.008
293.002
292.995
292.989
292.983
292.979
292.978
292.978
292.98
292.986
292.996
293.009
293.02
293.029
293.036
293.041
293.044
293.046
293.046
293.044
293.041
293.037
293.032
293.026
293.018
293.011
293.003
292.996
292.99
292.985
292.981
292.978
292.974
292.972
292.97
292.969
292.97
292.971
292.977
292.987
292.992
292.992
292.989
292.987
292.985
292.982
292.978
292.969
292.96
292.953
292.949
292.948
292.948
292.948
292.948
292.949
292.954
292.963
292.977
292.994
293.007
293.011
293.011
293.007
293
292.989
292.975
292.96
292.947
292.934
292.922
292.913
292.91
292.91
292.914
292.924
292.944
292.969
292.992
293.004
293.007
293.008
293.009
293.011
293.016
293.024
293.037
293.048
293.051
293.052
293.049
293.04
293.027
293.012
293.003
293
293
293
293
293
293
293
293
293
293
293
293
293
293
293
293
293
293
293
293
293
293
293
293
293
293
293
293
293
293
293
293
293
293
293
293
293
293
293
293
293
293
292.818
292.862
292.898
292.926
292.948
292.965
292.977
292.984
292.987
292.985
292.98
292.973
292.966
292.96
292.954
292.951
292.95
292.951
292.954
292.96
292.966
292.973
292.979
292.984
292.989
292.992
292.995
292.997
292.997
292.996
292.993
292.989
292.985
292.981
292.978
292.976
292.975
292.974
292.973
292.972
292.97
292.969
292.969
292.969
292.969
292.971
292.974
292.977
292.975
292.973
292.973
292.974
292.976
292.974
292.969
292.96
292.953
292.948
292.947
292.947
292.948
292.949
292.95
292.953
292.96
292.971
292.986
293.001
293.008
293.009
293.007
293.002
292.992
292.979
292.965
292.952
292.94
292.928
292.918
292.912
292.91
292.912
292.918
292.932
292.954
292.979
292.998
293.006
293.007
293.008
293.01
293.013
293.018
293.028
293.041
293.05
293.052
293.051
293.047
293.037
293.022
293.009
293.002
293
293
293
293
293
293
293
293
293
293
293
293
293
293
293
293
293
293
293
293
293
293
293
293
293
293
293
293
293
293
293
293
293
293
293
293
293
293
293
293
293
293
292.729
292.782
292.823
292.856
292.881
292.901
292.915
292.924
292.93
292.932
292.931
292.929
292.924
292.92
292.915
292.911
292.908
292.904
292.903
292.903
292.904
292.906
292.91
292.914
292.918
292.922
292.925
292.928
292.93
292.932
292.933
292.935
292.936
292.938
292.939
292.941
292.942
292.943
292.943
292.943
292.943
292.943
292.943
292.944
292.946
292.948
292.95
292.951
292.952
292.956
292.962
292.967
292.969
292.966
292.96
292.952
292.947
292.946
292.946
292.948
292.95
292.951
292.954
292.959
292.968
292.981
292.995
293.005
293.007
293.006
293.002
292.994
292.983
292.969
292.956
292.944
292.933
292.923
292.915
292.912
292.911
292.915
292.924
292.941
292.965
292.988
293.002
293.007
293.008
293.009
293.011
293.015
293.021
293.033
293.045
293.051
293.052
293.051
293.044
293.033
293.018
293.006
293.001
293
293
293
293
293
293
293
293
293
293
293
293
293
293
293
293
293
293
293
293
293
293
293
293
293
293
293
293
293
293
293
293
293
293
293
293
293
293
293
293
293
293
292.617
292.674
292.72
292.758
292.788
292.812
292.83
292.844
292.853
292.86
292.864
292.865
292.865
292.864
292.863
292.861
292.86
292.858
292.857
292.856
292.856
292.857
292.859
292.86
292.862
292.865
292.867
292.869
292.872
292.875
292.878
292.882
292.886
292.89
292.894
292.898
292.901
292.903
292.905
292.907
292.908
292.91
292.913
292.915
292.918
292.921
292.926
292.931
292.938
292.948
292.957
292.962
292.961
292.957
292.95
292.945
292.944
292.945
292.948
292.95
292.953
292.955
292.96
292.967
292.978
292.991
293.001
293.005
293.004
293.001
292.995
292.984
292.971
292.958
292.946
292.936
292.927
292.918
292.914
292.912
292.913
292.919
292.932
292.952
292.977
292.996
293.006
293.008
293.009
293.01
293.012
293.017
293.025
293.037
293.048
293.052
293.052
293.049
293.041
293.028
293.013
293.003
293
293
293
293
293
293
293
293
293
293
293
293
293
293
293
293
293
293
293
293
293
293
293
293
293
293
293
293
293
293
293
293
293
293
293
293
293
293
293
293
293
293
293
292.528
292.581
292.627
292.667
292.7
292.727
292.75
292.769
292.784
292.796
292.806
292.813
292.818
292.822
292.825
292.827
292.828
292.828
292.829
292.829
292.829
292.829
292.83
292.831
292.833
292.834
292.836
292.839
292.841
292.844
292.848
292.851
292.856
292.86
292.864
292.868
292.871
292.875
292.878
292.881
292.884
292.888
292.891
292.895
292.9
292.904
292.911
292.923
292.936
292.947
292.954
292.955
292.952
292.947
292.943
292.943
292.944
292.948
292.951
292.954
292.957
292.961
292.968
292.977
292.989
292.998
293.002
293.002
293
292.994
292.984
292.972
292.959
292.947
292.938
292.929
292.921
292.916
292.914
292.914
292.917
292.926
292.943
292.966
292.988
293.003
293.008
293.009
293.01
293.011
293.014
293.02
293.03
293.043
293.051
293.052
293.052
293.047
293.036
293.022
293.008
293.002
293
293
293
293
293
293
293
293
293
293
293
293
293
293
293
293
293
293
293
293
293
293
293
293
293
293
293
293
293
293
293
293
293
293
293
293
293
293
293
293
293
293
293
292.488
292.536
292.578
292.616
292.649
292.678
292.703
292.725
292.743
292.758
292.772
292.782
292.791
292.798
292.802
292.806
292.808
292.81
292.811
292.812
292.813
292.813
292.814
292.815
292.817
292.819
292.821
292.823
292.826
292.829
292.833
292.837
292.841
292.844
292.848
292.852
292.856
292.859
292.863
292.868
292.873
292.878
292.883
292.889
292.895
292.902
292.912
292.925
292.937
292.945
292.948
292.946
292.944
292.941
292.942
292.944
292.948
292.952
292.956
292.959
292.963
292.969
292.978
292.987
292.995
292.998
292.999
292.997
292.992
292.983
292.971
292.958
292.947
292.938
292.93
292.923
292.918
292.915
292.914
292.917
292.923
292.937
292.957
292.98
292.998
293.007
293.009
293.01
293.011
293.013
293.017
293.025
293.036
293.048
293.052
293.053
293.05
293.043
293.03
293.015
293.005
293.001
293
293
293
293
293
293
293
293
293
293
293
293
293
293
293
293
293
293
293
293
293
293
293
293
293
293
293
293
293
293
293
293
293
293
293
293
293
293
293
293
293
293
293
292.502
292.542
292.58
292.614
292.644
292.671
292.695
292.716
292.734
292.75
292.764
292.776
292.786
292.794
292.801
292.806
292.809
292.812
292.814
292.815
292.816
292.816
292.817
292.818
292.819
292.82
292.822
292.825
292.827
292.83
292.833
292.836
292.839
292.843
292.846
292.85
292.854
292.859
292.864
292.869
292.875
292.881
292.888
292.894
292.901
292.908
292.918
292.929
292.938
292.941
292.942
292.941
292.941
292.942
292.946
292.95
292.955
292.959
292.962
292.967
292.972
292.98
292.987
292.993
292.995
292.996
292.994
292.989
292.98
292.968
292.955
292.945
292.936
292.93
292.924
292.92
292.917
292.916
292.917
292.922
292.933
292.951
292.973
292.993
293.005
293.009
293.01
293.011
293.012
293.015
293.021
293.031
293.043
293.051
293.053
293.052
293.047
293.037
293.023
293.01
293.002
293
293
293
293
293
293
293
293
293
293
293
293
293
293
293
293
293
293
293
293
293
293
293
293
293
293
293
293
293
293
293
293
293
293
293
293
293
293
293
293
293
293
293
293
292.558
292.587
292.616
292.643
292.668
292.692
292.714
292.733
292.75
292.764
292.777
292.787
292.796
292.804
292.81
292.815
292.82
292.823
292.825
292.827
292.828
292.829
292.83
292.83
292.831
292.832
292.833
292.835
292.837
292.839
292.841
292.844
292.846
292.85
292.853
292.857
292.862
292.867
292.873
292.879
292.885
292.892
292.898
292.905
292.911
292.917
292.925
292.933
292.938
292.94
292.941
292.942
292.945
292.949
292.954
292.959
292.963
292.967
292.971
292.976
292.982
292.987
292.99
292.991
292.991
292.989
292.984
292.975
292.963
292.951
292.941
292.933
292.928
292.924
292.921
292.918
292.917
292.918
292.922
292.931
292.947
292.968
292.989
293.003
293.009
293.011
293.011
293.012
293.014
293.019
293.027
293.038
293.049
293.053
293.053
293.05
293.043
293.03
293.015
293.005
293.001
293
293
293
293
293
293
293
293
293
293
293
293
293
293
293
293
293
293
293
293
293
293
293
293
293
293
293
293
293
293
293
293
293
293
293
293
293
293
293
293
293
293
293
293
292.634
292.653
292.672
292.691
292.71
292.727
292.744
292.758
292.772
292.784
292.794
292.803
292.811
292.818
292.824
292.828
292.832
292.835
292.838
292.841
292.843
292.844
292.846
292.847
292.848
292.849
292.85
292.851
292.853
292.855
292.857
292.859
292.862
292.866
292.87
292.875
292.88
292.885
292.891
292.897
292.903
292.908
292.914
292.919
292.924
292.929
292.934
292.939
292.942
292.944
292.947
292.951
292.956
292.961
292.965
292.969
292.972
292.975
292.979
292.982
292.985
292.986
292.987
292.986
292.983
292.977
292.967
292.955
292.944
292.935
292.93
292.926
292.924
292.921
292.919
292.918
292.919
292.923
292.932
292.946
292.966
292.986
293.002
293.009
293.011
293.012
293.013
293.014
293.017
293.024
293.035
293.046
293.053
293.054
293.052
293.047
293.035
293.021
293.008
293.002
293
293
293
293
293
293
293
293
293
293
293
293
293
293
293
293
293
293
293
293
293
293
293
293
293
293
293
293
293
293
293
293
293
293
293
293
293
293
293
293
293
293
293
293
293
292.667
292.68
292.694
292.709
292.724
292.739
292.753
292.767
292.779
292.79
292.801
292.81
292.818
292.825
292.831
292.837
292.842
292.847
292.851
292.854
292.857
292.86
292.862
292.864
292.866
292.869
292.871
292.873
292.876
292.879
292.882
292.885
292.889
292.894
292.898
292.903
292.908
292.912
292.917
292.922
292.927
292.931
292.935
292.939
292.942
292.944
292.948
292.951
292.954
292.958
292.961
292.965
292.968
292.971
292.973
292.975
292.977
292.979
292.98
292.981
292.981
292.981
292.979
292.974
292.967
292.957
292.946
292.936
292.929
292.926
292.924
292.923
292.921
292.92
292.92
292.921
292.925
292.934
292.948
292.966
292.986
293.001
293.009
293.012
293.012
293.013
293.014
293.017
293.023
293.032
293.044
293.052
293.054
293.053
293.049
293.04
293.026
293.012
293.003
293
293
293
293
293
293
293
293
293
293
293
293
293
293
293
293
293
293
293
293
293
293
293
293
293
293
293
293
293
293
293
293
293
293
293
293
293
293
293
293
293
293
293
293
293
293
292.667
292.676
292.687
292.699
292.711
292.725
292.738
292.752
292.765
292.777
292.79
292.801
292.812
292.822
292.83
292.838
292.846
292.852
292.858
292.864
292.869
292.874
292.878
292.883
292.888
292.892
292.897
292.901
292.906
292.91
292.915
292.919
292.923
292.928
292.932
292.936
292.939
292.943
292.946
292.949
292.952
292.954
292.957
292.959
292.96
292.962
292.963
292.966
292.968
292.97
292.971
292.973
292.974
292.974
292.975
292.975
292.975
292.975
292.975
292.974
292.972
292.968
292.962
292.953
292.944
292.935
292.927
292.924
292.923
292.922
292.922
292.921
292.921
292.922
292.924
292.929
292.938
292.952
292.97
292.988
293.002
293.01
293.012
293.013
293.014
293.015
293.017
293.022
293.031
293.042
293.051
293.054
293.054
293.051
293.042
293.029
293.015
293.005
293.001
293
293
293
293
293
293
293
293
293
293
293
293
293
293
293
293
293
293
293
293
293
293
293
293
293
293
293
293
293
293
293
293
293
293
293
293
293
293
293
293
293
293
293
293
293
293
292.673
292.676
292.681
292.689
292.699
292.71
292.722
292.734
292.746
292.759
292.77
292.782
292.793
292.804
292.815
292.825
292.835
292.845
292.853
292.862
292.87
292.878
292.885
292.892
292.899
292.905
292.911
292.917
292.923
292.928
292.932
292.937
292.941
292.945
292.948
292.951
292.954
292.957
292.959
292.961
292.963
292.964
292.966
292.967
292.967
292.968
292.969
292.969
292.97
292.97
292.97
292.969
292.969
292.968
292.968
292.968
292.967
292.965
292.962
292.958
292.952
292.946
292.938
292.93
292.924
292.921
292.92
292.92
292.92
292.921
292.922
292.923
292.924
292.928
292.934
292.945
292.959
292.976
292.992
293.005
293.011
293.013
293.014
293.015
293.016
293.018
293.023
293.031
293.042
293.051
293.054
293.054
293.051
293.044
293.032
293.018
293.006
293.001
293
293
293
293
293
293
293
293
293
293
293
293
293
293
293
293
293
293
293
293
293
293
293
293
293
293
293
293
293
293
293
293
293
293
293
293
293
293
293
293
293
293
293
293
293
293
293
292.713
292.707
292.704
292.705
292.708
292.713
292.72
292.728
292.737
292.747
292.758
292.768
292.779
292.79
292.8
292.81
292.82
292.829
292.839
292.849
292.859
292.868
292.876
292.884
292.892
292.898
292.905
292.911
292.916
292.922
292.926
292.931
292.935
292.938
292.942
292.945
292.947
292.95
292.952
292.954
292.955
292.956
292.957
292.958
292.959
292.959
292.96
292.96
292.96
292.96
292.959
292.958
292.956
292.955
292.953
292.951
292.948
292.944
292.939
292.933
292.928
292.923
292.919
292.918
292.917
292.917
292.918
292.92
292.922
292.924
292.926
292.929
292.935
292.943
292.954
292.969
292.985
292.999
293.008
293.013
293.015
293.015
293.016
293.017
293.019
293.024
293.032
293.043
293.051
293.054
293.054
293.051
293.044
293.032
293.019
293.007
293.002
293
293
293
293
293
293
293
293
293
293
293
293
293
293
293
293
293
293
293
293
293
293
293
293
293
293
293
293
293
293
293
293
293
293
293
293
293
293
293
293
293
293
293
293
293
293
293
293
292.806
292.79
292.777
292.767
292.759
292.755
292.753
292.754
292.756
292.76
292.766
292.772
292.779
292.787
292.795
292.803
292.811
292.82
292.828
292.836
292.843
292.849
292.856
292.863
292.87
292.877
292.884
292.89
292.896
292.901
292.906
292.91
292.914
292.918
292.921
292.924
292.927
292.929
292.931
292.933
292.934
292.935
292.936
292.937
292.937
292.938
292.938
292.938
292.937
292.937
292.935
292.934
292.932
292.93
292.927
292.924
292.921
292.919
292.916
292.915
292.914
292.914
292.914
292.914
292.916
292.919
292.921
292.925
292.928
292.932
292.938
292.945
292.955
292.968
292.981
292.995
293.005
293.012
293.015
293.016
293.016
293.017
293.019
293.022
293.027
293.035
293.045
293.052
293.054
293.054
293.051
293.043
293.032
293.018
293.007
293.002
293
293
293
293
293
293
293
293
293
293
293
293
293
293
293
293
293
293
293
293
293
293
293
293
293
293
293
293
293
293
293
293
293
293
293
293
293
293
293
293
293
293
293
293
293
293
293
293
293
292.928
292.909
292.891
292.874
292.858
292.845
292.833
292.824
292.816
292.811
292.808
292.806
292.806
292.808
292.81
292.813
292.817
292.822
292.826
292.831
292.835
292.84
292.845
292.849
292.854
292.858
292.861
292.865
292.868
292.872
292.875
292.878
292.88
292.883
292.886
292.888
292.89
292.892
292.894
292.896
292.897
292.899
292.9
292.901
292.902
292.903
292.904
292.905
292.906
292.906
292.907
292.907
292.908
292.908
292.908
292.908
292.909
292.909
292.909
292.91
292.911
292.913
292.916
292.919
292.923
292.927
292.932
292.938
292.944
292.952
292.961
292.972
292.983
292.995
293.005
293.011
293.015
293.017
293.018
293.018
293.019
293.021
293.025
293.031
293.04
293.048
293.053
293.054
293.053
293.049
293.041
293.029
293.016
293.007
293.002
293
293
293
293
293
293
293
293
293
293
293
293
293
293
293
293
293
293
293
293
293
293
293
293
293
293
293
293
293
293
293
293
293
293
293
293
293
293
293
293
293
293
293
293
293
293
293
293
293
293
293.022
293.009
292.994
292.98
292.965
292.95
292.935
292.922
292.909
292.897
292.886
292.877
292.869
292.862
292.857
292.853
292.85
292.848
292.847
292.847
292.847
292.848
292.849
292.851
292.853
292.854
292.856
292.858
292.86
292.862
292.864
292.866
292.868
292.87
292.871
292.873
292.875
292.876
292.878
292.88
292.881
292.882
292.884
292.885
292.886
292.887
292.889
292.891
292.893
292.895
292.897
292.898
292.9
292.901
292.903
292.905
292.907
292.909
292.912
292.915
292.919
292.924
292.929
292.935
292.941
292.948
292.955
292.963
292.971
292.98
292.99
292.999
293.007
293.012
293.016
293.018
293.019
293.02
293.021
293.023
293.026
293.031
293.037
293.045
293.05
293.052
293.053
293.051
293.046
293.037
293.025
293.013
293.005
293.001
293
293
293
293
293
293
293
293
293
293
293
293
293
293
293
293
293
293
293
293
293
293
293
293
293
293
293
293
293
293
293
293
293
293
293
293
293
293
293
293
293
293
293
293
293
293
293
293
293
293
293
293.073
293.066
293.058
293.049
293.04
293.03
293.019
293.009
292.998
292.987
292.975
292.964
292.954
292.944
292.934
292.925
292.917
292.91
292.903
292.898
292.893
292.889
292.885
292.883
292.88
292.879
292.878
292.877
292.876
292.876
292.876
292.876
292.877
292.877
292.878
292.878
292.879
292.88
292.881
292.882
292.883
292.884
292.885
292.886
292.887
292.889
292.89
292.893
292.895
292.898
292.901
292.904
292.907
292.91
292.913
292.917
292.921
292.926
292.931
292.937
292.943
292.95
292.957
292.964
292.971
292.978
292.985
292.992
292.999
293.006
293.011
293.015
293.018
293.02
293.021
293.022
293.023
293.025
293.028
293.032
293.038
293.043
293.048
293.051
293.052
293.051
293.048
293.041
293.031
293.019
293.01
293.003
293.001
293
293
293
293
293
293
293
293
293
293
293
293
293
293
293
293
293
293
293
293
293
293
293
293
293
293
293
293
293
293
293
293
293
293
293
293
293
293
293
293
293
293
293
293
293
293
293
293
293
293
293
293
293.101
293.096
293.091
293.086
293.081
293.075
293.07
293.064
293.058
293.051
293.044
293.037
293.03
293.022
293.014
293.007
292.999
292.991
292.984
292.977
292.97
292.963
292.957
292.952
292.947
292.942
292.938
292.934
292.93
292.928
292.925
292.923
292.921
292.919
292.918
292.917
292.916
292.915
292.915
292.915
292.915
292.915
292.915
292.916
292.916
292.917
292.918
292.92
292.923
292.926
292.929
292.933
292.937
292.941
292.946
292.951
292.956
292.962
292.968
292.974
292.979
292.985
292.991
292.996
293.001
293.005
293.01
293.013
293.017
293.019
293.021
293.023
293.024
293.025
293.027
293.029
293.032
293.035
293.04
293.044
293.047
293.049
293.05
293.05
293.047
293.042
293.033
293.023
293.013
293.006
293.002
293
293
293
293
293
293
293
293
293
293
293
293
293
293
293
293
293
293
293
293
293
293
293
293
293
293
293
293
293
293
293
293
293
293
293
293
293
293
293
293
293
293
293
293
293
293
293
293
293
293
293
293
293
293
293.119
293.115
293.111
293.107
293.103
293.099
293.095
293.092
293.088
293.084
293.08
293.077
293.073
293.069
293.065
293.06
293.056
293.052
293.047
293.043
293.038
293.034
293.029
293.025
293.02
293.016
293.012
293.008
293.004
293.001
292.997
292.994
292.991
292.989
292.986
292.984
292.982
292.98
292.979
292.978
292.976
292.976
292.975
292.974
292.974
292.974
292.974
292.975
292.976
292.978
292.98
292.982
292.985
292.988
292.991
292.994
292.998
293.001
293.004
293.007
293.01
293.012
293.015
293.017
293.019
293.021
293.023
293.025
293.026
293.027
293.029
293.03
293.032
293.034
293.037
293.04
293.043
293.045
293.047
293.048
293.048
293.048
293.045
293.04
293.033
293.024
293.015
293.007
293.003
293.001
293
293
293
293
293
293
293
293
293
293
293
293
293
293
293
293
293
293
293
293
293
293
293
293
293
293
293
293
293
293
293
293
293
293
293
293
293
293
293
293
293
293
293
293
293
293
293
293
293
293
293
293
293
293
293
293.13
293.126
293.123
293.119
293.116
293.113
293.109
293.106
293.103
293.1
293.097
293.094
293.091
293.089
293.086
293.083
293.08
293.078
293.075
293.073
293.07
293.068
293.065
293.063
293.06
293.058
293.055
293.053
293.051
293.048
293.046
293.044
293.042
293.04
293.038
293.036
293.035
293.033
293.031
293.03
293.029
293.028
293.027
293.026
293.025
293.024
293.023
293.022
293.021
293.021
293.021
293.021
293.021
293.022
293.022
293.023
293.024
293.024
293.025
293.026
293.027
293.027
293.028
293.029
293.03
293.031
293.032
293.034
293.035
293.037
293.038
293.04
293.042
293.043
293.044
293.046
293.046
293.047
293.046
293.045
293.042
293.037
293.03
293.022
293.014
293.008
293.003
293.001
293
293
293
293
293
293
293
293
293
293
293
293
293
293
293
293
293
293
293
293
293
293
293
293
293
293
293
293
293
293
293
293
293
293
293
293
293
293
293
293
293
293
293
293
293
293
293
293
293
293
293
293
293
293
293
293
293
293.133
293.13
293.127
293.124
293.121
293.118
293.116
293.113
293.11
293.107
293.105
293.102
293.1
293.098
293.095
293.093
293.091
293.089
293.087
293.084
293.082
293.08
293.079
293.077
293.075
293.073
293.071
293.07
293.068
293.066
293.065
293.063
293.062
293.06
293.059
293.058
293.056
293.055
293.054
293.053
293.052
293.051
293.049
293.049
293.048
293.047
293.045
293.044
293.043
293.041
293.04
293.039
293.039
293.038
293.038
293.037
293.037
293.037
293.037
293.037
293.038
293.038
293.039
293.04
293.041
293.041
293.042
293.043
293.043
293.044
293.044
293.045
293.045
293.045
293.045
293.045
293.043
293.041
293.037
293.032
293.025
293.018
293.012
293.006
293.003
293.001
293
293
293
293
293
293
293
293
293
293
293
293
293
293
293
293
293
293
293
293
293
293
293
293
293
293
293
293
293
293
293
293
293
293
293
293
293
293
293
293
293
293
293
293
293
293
293
293
293
293
293
293
293
293
293
293
293
293
293
293.127
293.125
293.123
293.121
293.119
293.117
293.115
293.113
293.11
293.108
293.106
293.104
293.102
293.1
293.098
293.096
293.095
293.093
293.091
293.089
293.087
293.086
293.084
293.082
293.081
293.079
293.078
293.076
293.075
293.074
293.072
293.071
293.07
293.068
293.067
293.066
293.065
293.064
293.063
293.062
293.061
293.06
293.059
293.058
293.057
293.056
293.055
293.054
293.052
293.051
293.05
293.049
293.048
293.048
293.047
293.047
293.046
293.046
293.046
293.045
293.045
293.045
293.045
293.045
293.045
293.045
293.045
293.045
293.045
293.045
293.044
293.043
293.042
293.04
293.038
293.034
293.029
293.024
293.019
293.013
293.008
293.004
293.002
293.001
293
293
293
293
293
293
293
293
293
293
293
293
293
293
293
293
293
293
293
293
293
293
293
293
293
293
293
293
293
293
293
293
293
293
293
293
293
293
293
293
293
293
293
293
293
293
293
293
293
293
293
293
293
293
293
293
293
293
293
293
293
293.104
293.104
293.105
293.104
293.104
293.104
293.103
293.102
293.101
293.1
293.099
293.098
293.097
293.095
293.094
293.093
293.092
293.09
293.089
293.088
293.086
293.085
293.084
293.083
293.081
293.08
293.079
293.078
293.077
293.076
293.074
293.073
293.072
293.071
293.07
293.069
293.068
293.068
293.067
293.066
293.065
293.064
293.063
293.062
293.062
293.061
293.06
293.058
293.057
293.056
293.055
293.054
293.053
293.052
293.051
293.05
293.05
293.049
293.049
293.048
293.048
293.047
293.047
293.046
293.045
293.044
293.043
293.042
293.04
293.038
293.035
293.032
293.029
293.025
293.02
293.016
293.011
293.008
293.004
293.002
293.001
293
293
293
293
293
293
293
293
293
293
293
293
293
293
293
293
293
293
293
293
293
293
293
293
293
293
293
293
293
293
293
293
293
293
293
293
293
293
293
293
293
293
293
293
293
293
293
293
293
293
293
293
293
293
293
293
293
293
293
293
293
293
293
293
293.06
293.063
293.065
293.067
293.069
293.071
293.072
293.073
293.074
293.075
293.076
293.076
293.077
293.077
293.077
293.077
293.077
293.077
293.076
293.076
293.075
293.075
293.074
293.074
293.073
293.073
293.072
293.071
293.071
293.07
293.069
293.069
293.068
293.067
293.066
293.066
293.065
293.064
293.064
293.063
293.062
293.062
293.061
293.06
293.06
293.059
293.058
293.057
293.056
293.054
293.053
293.052
293.051
293.05
293.049
293.048
293.047
293.046
293.045
293.044
293.042
293.041
293.039
293.037
293.035
293.033
293.03
293.028
293.024
293.021
293.018
293.014
293.011
293.008
293.005
293.003
293.002
293.001
293
293
293
293
293
293
293
293
293
293
293
293
293
293
293
293
293
293
293
293
293
293
293
293
293
293
293
293
293
293
293
293
293
293
293
293
293
293
293
293
293
293
293
293
293
293
293
293
293
293
293
293
293
293
293
293
293
293
293
293
293
293
293
293
293
293
293
293.019
293.021
293.023
293.025
293.027
293.029
293.031
293.033
293.035
293.036
293.038
293.04
293.041
293.042
293.044
293.045
293.046
293.047
293.048
293.048
293.049
293.05
293.05
293.05
293.051
293.051
293.051
293.051
293.051
293.051
293.051
293.051
293.051
293.051
293.051
293.051
293.05
293.05
293.05
293.05
293.049
293.049
293.048
293.048
293.048
293.047
293.046
293.045
293.044
293.043
293.042
293.041
293.04
293.038
293.037
293.036
293.034
293.032
293.03
293.029
293.026
293.024
293.022
293.019
293.017
293.015
293.012
293.01
293.008
293.006
293.004
293.003
293.002
293.001
293
293
293
293
293
293
293
293
293
293
293
293
293
293
293
293
293
293
293
293
293
293
293
293
293
293
293
293
293
293
293
293
293
293
293
293
293
293
293
293
293
293
293
293
293
293
293
293
293
293
293
293
293
293
293
293
293
293
293
293
293
293
293
293
293
293
293
293
293
293
293
293.002
293.003
293.003
293.004
293.005
293.005
293.006
293.007
293.007
293.008
293.009
293.01
293.011
293.012
293.013
293.014
293.014
293.015
293.016
293.017
293.018
293.018
293.019
293.02
293.02
293.021
293.022
293.022
293.023
293.023
293.023
293.024
293.024
293.024
293.024
293.025
293.025
293.025
293.025
293.025
293.025
293.025
293.025
293.025
293.024
293.024
293.024
293.023
293.023
293.022
293.021
293.02
293.019
293.018
293.017
293.015
293.014
293.013
293.011
293.01
293.008
293.007
293.006
293.005
293.004
293.003
293.002
293.001
293.001
293.001
293
293
293
293
293
293
293
293
293
293
293
293
293
293
293
293
293
293
293
293
293
293
293
293
293
293
293
293
293
293
293
293
293
293
293
293
293
293
293
293
293
293
293
293
293
293
293
293
293
293
293
293
293
293
293
293
293
293
293
293
293
293
293
293
293
293
293
293
293
293
293
293
293
293
293
293
293
293
293
293
293
293
293
293
293
293.001
293.001
293.001
293.001
293.001
293.001
293.001
293.001
293.001
293.001
293.001
293.002
293.002
293.002
293.002
293.002
293.002
293.002
293.002
293.002
293.003
293.003
293.003
293.003
293.003
293.003
293.003
293.003
293.003
293.003
293.003
293.003
293.003
293.003
293.003
293.003
293.003
293.003
293.003
293.003
293.003
293.002
293.002
293.002
293.002
293.002
293.001
293.001
293.001
293.001
293.001
293
293
293
293
293
293
293
293
293
293
293
293
293
293
293
293
293
293
293
293
293
293
293
293
293
293
293
293
293
293
293
293
293
293
293
293
293
293
293
293
293
293
293
293
293
293
293
293
293
293
293
293
293
293
293
293
293
293
293
293
293
293
293
293
293
293
293
293
293
293
293
293
293
293
293
293
293
293
293
293
293
293
293
293
293
293
293
293
293
293
293
293
293
293
293
293
293
293
293
293
293
293
293
293
293
293
293
293
293
293
293
293
293
293
293
293
293
293
293
293
293
293
293
293
293.003
293.014
293.03
293.044
293.052
293.055
293.054
293.046
293.031
293.017
293.008
293.004
293.002
293.002
293.001
292.996
292.975
292.942
292.913
292.897
292.893
292.895
292.904
292.923
292.948
292.972
292.995
293.014
293.028
293.035
293.038
293.037
293.025
292.997
292.964
292.938
292.924
292.92
292.924
292.935
292.95
292.965
292.974
292.981
292.991
293.011
293.035
293.048
293.042
293.009
292.945
292.88
292.844
292.84
292.873
292.999
293.534
295.605
301.682
293
293
293
293
293
293
293
293
293
293
293
293
293
293
293
293
293
293
293
293
293
293
293
293
293
293
293
293
293
293
293
293
293
293
293
293
293
293
293
293
293.003
293.013
293.029
293.044
293.052
293.054
293.053
293.046
293.031
293.017
293.008
293.004
293.003
293.002
293.001
292.996
292.976
292.943
292.915
292.899
292.894
292.896
292.905
292.923
292.947
292.971
292.993
293.012
293.026
293.033
293.036
293.036
293.025
292.997
292.965
292.94
292.926
292.922
292.925
292.936
292.95
292.964
292.973
292.979
292.99
293.009
293.032
293.044
293.039
293.008
292.948
292.885
292.85
292.844
292.872
292.999
293.531
295.272
300.209
309.232
293
293
293
293
293
293
293
293
293
293
293
293
293
293
293
293
293
293
293
293
293
293
293
293
293
293
293
293
293
293
293
293
293
293
293
293
293
293
293
293
293.003
293.013
293.029
293.043
293.052
293.054
293.053
293.046
293.032
293.017
293.009
293.004
293.003
293.002
293.001
292.996
292.976
292.944
292.916
292.9
292.895
292.897
292.905
292.923
292.946
292.97
292.992
293.011
293.024
293.032
293.035
293.035
293.025
292.998
292.966
292.941
292.928
292.923
292.926
292.936
292.95
292.964
292.972
292.979
292.989
293.007
293.029
293.042
293.038
293.009
292.952
292.892
292.857
292.851
292.879
293.01
293.432
294.512
296.322
299.476
302.097
306.156
310.225
314.004
317.332
319.841
321.488
322.371
322.64
293
293
293
293
293
293
293
293
293
293
293
293
293
293
293
293
293
293
293
293
293
293
293
293
293
293
293
293
293
293
293
293
293
293
293
293
293
293
293
293
293.003
293.013
293.029
293.043
293.051
293.054
293.053
293.047
293.032
293.018
293.009
293.005
293.003
293.002
293.002
292.997
292.977
292.945
292.917
292.901
292.896
292.898
292.905
292.922
292.945
292.969
292.99
293.009
293.023
293.031
293.034
293.034
293.025
292.999
292.968
292.943
292.929
292.924
292.927
292.936
292.95
292.963
292.971
292.978
292.987
293.004
293.026
293.039
293.036
293.011
292.958
292.901
292.867
292.861
292.881
292.98
293.261
293.815
294.419
295.526
296.486
298.512
300.865
303.467
305.942
308.005
309.534
310.534
311.061
311.253
311.193
311.031
310.822
310.58
310.416
310.393
310.483
310.741
311.296
312.094
312.951
313.519
314.109
314.886
315.619
315.987
316.151
316.321
316.565
316.816
316.988
317.017
317.008
316.918
316.928
316.972
317.201
317.595
318.096
318.694
319.169
319.398
293
293
293
293
293
293
293
293
293
293
293
293
293
293
293
293
293
293
293
293
293
293
293
293
293
293
293
293
293
293
293
293
293
293
293
293
293
293
293
293
293.003
293.012
293.028
293.042
293.051
293.054
293.053
293.047
293.033
293.018
293.009
293.005
293.003
293.003
293.002
292.997
292.978
292.947
292.918
292.902
292.897
292.898
292.905
292.922
292.944
292.967
292.989
293.007
293.021
293.029
293.033
293.033
293.025
293
292.97
292.945
292.931
292.926
292.928
292.936
292.949
292.962
292.97
292.977
292.986
293.002
293.022
293.036
293.035
293.013
292.966
292.912
292.879
292.87
292.881
292.942
293.064
293.27
293.501
294.031
294.463
295.292
296.34
297.72
299.094
300.334
301.34
302.09
302.565
302.818
302.884
302.88
302.827
302.733
302.661
302.643
302.703
302.857
303.152
303.666
304.281
304.888
305.566
306.247
306.78
307.132
307.405
307.634
307.89
308.076
308.166
308.154
308.117
308.063
308.072
308.147
308.325
308.677
309.212
309.795
310.294
310.595
310.833
311.11
293
293
293
293
293
293
293
293
293
293
293
293
293
293
293
293
293
293
293
293
293
293
293
293
293
293
293
293
293
293
293
293
293
293
293
293
293
293
293
293
293.003
293.012
293.027
293.042
293.05
293.053
293.053
293.047
293.033
293.019
293.01
293.006
293.004
293.003
293.002
292.997
292.979
292.948
292.92
292.903
292.897
292.899
292.905
292.921
292.943
292.965
292.987
293.005
293.02
293.028
293.032
293.032
293.025
293.002
292.972
292.947
292.932
292.927
292.929
292.936
292.949
292.961
292.969
292.976
292.985
293
293.019
293.033
293.034
293.015
292.973
292.924
292.89
292.878
292.876
292.898
292.933
293.017
293.155
293.437
293.674
294.036
294.474
295.092
295.705
296.328
296.848
297.26
297.529
297.683
297.726
297.721
297.676
297.607
297.527
297.467
297.448
297.468
297.566
297.786
298.118
298.55
299.038
299.489
299.878
300.277
300.622
300.888
301.072
301.16
301.188
301.159
301.132
301.116
301.132
301.275
301.515
301.927
302.461
303.054
303.631
304.129
304.634
305.206
305.857
293
293
293
293
293
293
293
293
293
293
293
293
293
293
293
293
293
293
293
293
293
293
293
293
293
293
293
293
293
293
293
293
293
293
293
293
293
293
293
293
293.002
293.012
293.027
293.041
293.05
293.053
293.052
293.047
293.034
293.02
293.01
293.006
293.004
293.003
293.002
292.998
292.98
292.95
292.921
292.904
292.898
292.899
292.905
292.92
292.941
292.964
292.985
293.003
293.018
293.027
293.03
293.032
293.025
293.003
292.974
292.949
292.934
292.928
292.929
292.936
292.948
292.96
292.968
292.975
292.983
292.997
293.016
293.03
293.032
293.017
292.98
292.935
292.901
292.883
292.869
292.857
292.848
292.876
292.952
293.115
293.239
293.418
293.638
293.891
294.159
294.443
294.686
294.891
295.022
295.075
295.05
294.97
294.841
294.697
294.548
294.41
294.315
294.264
294.281
294.39
294.596
294.902
295.258
295.609
295.957
296.329
296.618
296.768
296.804
296.76
296.671
296.585
296.562
296.579
296.669
296.899
297.243
297.719
298.277
298.894
299.498
300.088
300.689
301.342
302.059
293
293
293
293
293
293
293
293
293
293
293
293
293
293
293
293
293
293
293
293
293
293
293
293
293
293
293
293
293
293
293
293
293
293
293
293
293
293
293
293
293.002
293.011
293.026
293.041
293.05
293.053
293.052
293.048
293.035
293.02
293.011
293.006
293.004
293.003
293.002
292.998
292.982
292.952
292.923
292.906
292.899
292.9
292.904
292.919
292.94
292.962
292.982
293.001
293.016
293.025
293.029
293.031
293.025
293.005
292.977
292.952
292.936
292.93
292.93
292.936
292.947
292.959
292.967
292.973
292.981
292.994
293.012
293.027
293.031
293.019
292.987
292.944
292.909
292.887
292.865
292.839
292.807
292.796
292.818
292.913
292.985
293.069
293.155
293.273
293.402
293.511
293.593
293.653
293.68
293.663
293.59
293.473
293.334
293.194
293.064
292.951
292.872
292.84
292.861
292.945
293.078
293.269
293.493
293.73
293.961
294.172
294.302
294.344
294.321
294.242
294.153
294.104
294.107
294.155
294.293
294.55
294.921
295.372
295.869
296.416
296.945
297.475
298.019
298.602
299.239
293
293
293
293
293
293
293
293
293
293
293
293
293
293
293
293
293
293
293
293
293
293
293
293
293
293
293
293
293
293
293
293
293
293
293
293
293
293
293
293
293.002
293.01
293.025
293.04
293.049
293.053
293.052
293.048
293.035
293.021
293.012
293.007
293.005
293.004
293.003
292.999
292.983
292.954
292.925
292.907
292.9
292.9
292.904
292.918
292.938
292.959
292.98
292.999
293.014
293.024
293.028
293.03
293.025
293.007
292.979
292.954
292.938
292.931
292.931
292.936
292.946
292.958
292.966
292.972
292.98
292.992
293.009
293.024
293.03
293.021
292.993
292.953
292.916
292.89
292.863
292.829
292.79
292.756
292.737
292.771
292.807
292.85
292.892
292.935
292.969
293.004
293.034
293.043
293.02
292.965
292.887
292.801
292.71
292.625
292.551
292.491
292.454
292.444
292.462
292.511
292.573
292.665
292.78
292.916
293.054
293.172
293.239
293.262
293.246
293.19
293.124
293.087
293.083
293.116
293.223
293.418
293.705
294.048
294.436
294.857
295.258
295.663
296.08
296.521
297.018
293
293
293
293
293
293
293
293
293
293
293
293
293
293
293
293
293
293
293
293
293
293
293
293
293
293
293
293
293
293
293
293
293
293
293
293
293
293
293
293
293.002
293.01
293.024
293.039
293.049
293.052
293.052
293.049
293.036
293.022
293.012
293.007
293.005
293.004
293.003
293
292.985
292.956
292.928
292.909
292.901
292.9
292.904
292.917
292.936
292.957
292.977
292.996
293.011
293.022
293.027
293.029
293.026
293.009
292.983
292.957
292.94
292.933
292.932
292.936
292.945
292.956
292.964
292.971
292.978
292.989
293.005
293.021
293.028
293.022
292.998
292.959
292.92
292.89
292.862
292.831
292.792
292.748
292.706
292.698
292.703
292.717
292.735
292.755
292.773
292.782
292.779
292.757
292.716
292.661
292.606
292.559
292.519
292.49
292.468
292.45
292.44
292.437
292.44
292.454
292.479
292.526
292.598
292.698
292.804
292.889
292.93
292.927
292.892
292.834
292.774
292.735
292.722
292.737
292.788
292.892
293.054
293.27
293.522
293.791
294.055
294.33
294.625
294.964
295.369
293
293
293
293
293
293
293
293
293
293
293
293
293
293
293
293
293
293
293
293
293
293
293
293
293
293
293
293
293
293
293
293
293
293
293
293
293
293
293
293
293.002
293.009
293.023
293.038
293.048
293.052
293.052
293.049
293.037
293.023
293.013
293.008
293.005
293.004
293.003
293
292.987
292.959
292.93
292.911
292.902
292.901
292.904
292.916
292.934
292.954
292.975
292.993
293.009
293.02
293.025
293.028
293.025
293.011
292.986
292.961
292.943
292.934
292.933
292.936
292.944
292.954
292.963
292.969
292.976
292.986
293.002
293.018
293.026
293.023
293.003
292.966
292.926
292.892
292.862
292.834
292.803
292.764
292.72
292.693
292.682
292.68
292.683
292.693
292.703
292.705
292.696
292.673
292.64
292.605
292.576
292.558
292.546
292.538
292.529
292.516
292.506
292.502
292.5
292.509
292.534
292.583
292.652
292.732
292.797
292.831
292.844
292.837
292.802
292.742
292.679
292.628
292.598
292.586
292.59
292.618
292.685
292.793
292.925
293.077
293.251
293.453
293.694
293.972
294.261
293
293
293
293
293
293
293
293
293
293
293
293
293
293
293
293
293
293
293
293
293
293
293
293
293
293
293
293
293
293
293
293
293
293
293
293
293
293
293
293
293.001
293.008
293.022
293.037
293.047
293.052
293.052
293.049
293.039
293.024
293.014
293.008
293.006
293.004
293.004
293.001
292.988
292.962
292.933
292.913
292.903
292.901
292.904
292.914
292.932
292.952
292.971
292.99
293.006
293.018
293.024
293.026
293.025
293.014
292.99
292.964
292.946
292.936
292.934
292.936
292.943
292.953
292.961
292.967
292.974
292.984
292.998
293.014
293.024
293.023
293.007
292.973
292.933
292.895
292.864
292.838
292.816
292.79
292.756
292.729
292.714
292.707
292.708
292.718
292.729
292.736
292.735
292.723
292.708
292.688
292.671
292.657
292.642
292.623
292.602
292.58
292.568
292.564
292.568
292.585
292.62
292.668
292.72
292.767
292.8
292.816
292.815
292.795
292.754
292.702
292.65
292.605
292.569
292.542
292.522
292.516
292.536
292.587
292.656
292.75
292.877
293.032
293.211
293.414
293.618
293
293
293
293
293
293
293
293
293
293
293
293
293
293
293
293
293
293
293
293
293
293
293
293
293
293
293
293
293
293
293
293
293
293
293
293
293
293
293
293
293.001
293.007
293.021
293.036
293.047
293.052
293.052
293.05
293.04
293.026
293.015
293.009
293.006
293.005
293.004
293.002
292.99
292.965
292.936
292.915
292.904
292.902
292.904
292.913
292.929
292.949
292.968
292.986
293.003
293.015
293.022
293.025
293.025
293.016
292.994
292.968
292.949
292.938
292.935
292.937
292.942
292.951
292.959
292.965
292.971
292.981
292.995
293.011
293.021
293.023
293.011
292.981
292.941
292.901
292.867
292.842
292.824
292.809
292.789
292.771
292.761
292.756
292.758
292.767
292.783
292.8
292.814
292.82
292.824
292.814
292.793
292.764
292.73
292.696
292.665
292.642
292.632
292.632
292.641
292.662
292.693
292.727
292.758
292.781
292.796
292.802
292.797
292.78
292.754
292.724
292.693
292.664
292.632
292.597
292.565
292.55
292.555
292.58
292.625
292.695
292.792
292.911
293.044
293.194
293.356
293
293
293
293
293
293
293
293
293
293
293
293
293
293
293
293
293
293
293
293
293
293
293
293
293
293
293
293
293
293
293
293
293
293
293
293
293
293
293
293
293.001
293.007
293.019
293.035
293.046
293.051
293.052
293.05
293.041
293.027
293.016
293.01
293.007
293.005
293.004
293.002
292.992
292.969
292.94
292.917
292.906
292.902
292.905
292.911
292.926
292.945
292.964
292.983
292.999
293.012
293.02
293.024
293.024
293.018
292.998
292.973
292.953
292.941
292.937
292.937
292.942
292.949
292.957
292.963
292.969
292.978
292.99
293.006
293.018
293.022
293.014
292.99
292.952
292.911
292.873
292.845
292.827
292.816
292.804
292.793
292.785
292.782
292.783
292.79
292.806
292.827
292.849
292.865
292.875
292.874
292.86
292.831
292.798
292.766
292.742
292.725
292.718
292.72
292.728
292.743
292.761
292.781
292.799
292.817
292.831
292.84
292.842
292.838
292.832
292.826
292.814
292.792
292.757
292.713
292.672
292.648
292.636
292.643
292.676
292.737
292.816
292.917
293.044
293.177
293.298
293
293
293
293
293
293
293
293
293
293
293
293
293
293
293
293
293
293
293
293
293
293
293
293
293
293
293
293
293
293
293
293
293
293
293
293
293
293
293
293
293.001
293.006
293.018
293.033
293.045
293.051
293.052
293.051
293.043
293.029
293.017
293.01
293.007
293.006
293.005
293.003
292.995
292.973
292.944
292.92
292.908
292.903
292.905
292.91
292.924
292.942
292.96
292.978
292.995
293.009
293.018
293.022
293.024
293.019
293.002
292.978
292.957
292.944
292.938
292.938
292.941
292.947
292.955
292.961
292.967
292.974
292.986
293.001
293.015
293.02
293.016
292.999
292.965
292.923
292.881
292.848
292.828
292.817
292.808
292.797
292.788
292.783
292.782
292.786
292.798
292.818
292.841
292.863
292.877
292.883
292.881
292.873
292.859
292.845
292.833
292.825
292.82
292.821
292.825
292.834
292.846
292.862
292.878
292.894
292.909
292.92
292.927
292.931
292.935
292.939
292.931
292.904
292.861
292.811
292.768
292.742
292.727
292.728
292.753
292.805
292.88
292.971
293.07
293.163
293.248
293
293
293
293
293
293
293
293
293
293
293
293
293
293
293
293
293
293
293
293
293
293
293
293
293
293
293
293
293
293
293
293
293
293
293
293
293
293
293
293
293.001
293.005
293.016
293.031
293.044
293.05
293.052
293.051
293.044
293.031
293.019
293.011
293.008
293.006
293.005
293.003
292.997
292.977
292.948
292.924
292.91
292.904
292.905
292.909
292.921
292.938
292.956
292.974
292.991
293.005
293.015
293.02
293.022
293.02
293.006
292.984
292.962
292.947
292.94
292.939
292.941
292.946
292.952
292.958
292.964
292.971
292.981
292.996
293.01
293.018
293.017
293.006
292.98
292.941
292.896
292.856
292.829
292.816
292.807
292.796
292.787
292.779
292.774
292.772
292.776
292.788
292.808
292.831
292.852
292.868
292.879
292.889
292.898
292.905
292.91
292.913
292.918
292.925
292.935
292.948
292.966
292.986
293.007
293.025
293.038
293.045
293.049
293.05
293.042
293.023
292.994
292.954
292.904
292.852
292.812
292.788
292.777
292.782
292.813
292.866
292.933
293.008
293.079
293.142
293.205
293
293
293
293
293
293
293
293
293
293
293
293
293
293
293
293
293
293
293
293
293
293
293
293
293
293
293
293
293
293
293
293
293
293
293
293
293
293
293
293
293
293.004
293.014
293.029
293.042
293.05
293.052
293.051
293.046
293.033
293.02
293.012
293.008
293.006
293.005
293.004
292.999
292.981
292.953
292.928
292.912
292.906
292.905
292.908
292.919
292.934
292.951
292.969
292.986
293.001
293.012
293.018
293.021
293.02
293.01
292.989
292.967
292.951
292.943
292.94
292.941
292.945
292.95
292.956
292.961
292.967
292.977
292.99
293.005
293.014
293.017
293.011
292.994
292.961
292.916
292.87
292.835
292.816
292.806
292.797
292.788
292.778
292.769
292.763
292.761
292.765
292.776
292.794
292.816
292.838
292.861
292.884
292.907
292.929
292.949
292.971
292.994
293.02
293.048
293.075
293.1
293.123
293.141
293.149
293.149
293.143
293.13
293.11
293.083
293.046
293
292.949
292.9
292.856
292.826
292.812
292.809
292.82
292.85
292.894
292.947
293.005
293.062
293.114
293.16
293
293
293
293
293
293
293
293
293
293
293
293
293
293
293
293
293
293
293
293
293
293
293
293
293
293
293
293
293
293
293
293
293
293
293
293
293
293
293
293
293
293.003
293.012
293.027
293.041
293.049
293.052
293.051
293.047
293.035
293.022
293.014
293.009
293.007
293.006
293.005
293
292.985
292.959
292.933
292.915
292.907
292.905
292.908
292.916
292.93
292.947
292.964
292.98
292.996
293.008
293.015
293.019
293.019
293.013
292.995
292.974
292.956
292.946
292.942
292.941
292.944
292.948
292.953
292.958
292.964
292.972
292.984
292.998
293.01
293.015
293.014
293.005
292.982
292.944
292.896
292.853
292.824
292.811
292.803
292.796
292.787
292.777
292.769
292.763
292.762
292.766
292.778
292.796
292.82
292.847
292.876
292.905
292.936
292.968
293.003
293.041
293.079
293.115
293.145
293.167
293.179
293.181
293.176
293.168
293.155
293.135
293.108
293.071
293.026
292.977
292.93
292.89
292.859
292.844
292.842
292.849
292.868
292.897
292.935
292.978
293.024
293.071
293.113
293.137
293
293
293
293
293
293
293
293
293
293
293
293
293
293
293
293
293
293
293
293
293
293
293
293
293
293
293
293
293
293
293
293
293
293
293
293
293
293
293
293
293
293.002
293.01
293.025
293.039
293.048
293.052
293.051
293.048
293.037
293.024
293.015
293.01
293.008
293.006
293.005
293.002
292.99
292.965
292.938
292.919
292.909
292.906
292.908
292.914
292.926
292.942
292.958
292.974
292.99
293.003
293.012
293.016
293.018
293.015
293.001
292.981
292.962
292.949
292.944
292.942
292.944
292.947
292.951
292.955
292.96
292.967
292.977
292.991
293.003
293.011
293.013
293.01
292.999
292.972
292.931
292.885
292.848
292.828
292.821
292.816
292.81
292.803
292.796
292.79
292.786
292.786
292.794
292.809
292.83
292.856
292.885
292.917
292.951
292.987
293.025
293.063
293.098
293.127
293.15
293.166
293.171
293.169
293.161
293.146
293.127
293.102
293.071
293.034
292.996
292.958
292.924
292.897
292.88
292.874
292.877
292.89
292.914
292.945
292.981
293.018
293.055
293.09
293.114
293.118
293
293
293
293
293
293
293
293
293
293
293
293
293
293
293
293
293
293
293
293
293
293
293
293
293
293
293
293
293
293
293
293
293
293
293
293
293
293
293
293
293
293.002
293.008
293.022
293.036
293.047
293.051
293.052
293.05
293.04
293.027
293.017
293.011
293.008
293.007
293.006
293.004
292.994
292.972
292.945
292.923
292.911
292.907
292.908
292.912
292.922
292.937
292.952
292.968
292.983
292.997
293.008
293.014
293.016
293.015
293.006
292.988
292.969
292.954
292.947
292.944
292.944
292.946
292.949
292.952
292.956
292.962
292.971
292.983
292.995
293.004
293.009
293.01
293.007
292.995
292.968
292.928
292.89
292.864
292.854
292.85
292.848
292.845
292.843
292.841
292.839
292.841
292.847
292.859
292.877
292.899
292.925
292.954
292.984
293.015
293.045
293.072
293.095
293.115
293.129
293.137
293.139
293.132
293.121
293.105
293.086
293.064
293.039
293.012
292.984
292.959
292.937
292.923
292.916
292.916
292.923
292.938
292.96
292.986
293.015
293.045
293.072
293.089
293.093
293.081
293
293
293
293
293
293
293
293
293
293
293
293
293
293
293
293
293
293
293
293
293
293
293
293
293
293
293
293
293
293
293
293
293
293
293
293
293
293
293
293
293
293.001
293.006
293.019
293.034
293.045
293.051
293.052
293.05
293.043
293.03
293.019
293.012
293.009
293.007
293.006
293.005
292.998
292.979
292.952
292.929
292.915
292.909
292.908
292.911
292.919
292.932
292.946
292.961
292.976
292.991
293.003
293.01
293.014
293.015
293.01
292.995
292.976
292.96
292.95
292.946
292.945
292.946
292.948
292.95
292.953
292.957
292.965
292.975
292.986
292.995
293.002
293.006
293.007
293.004
292.993
292.97
292.939
292.913
292.901
292.898
292.897
292.898
292.9
292.901
292.904
292.909
292.916
292.927
292.942
292.96
292.981
293.002
293.022
293.041
293.058
293.073
293.087
293.097
293.104
293.106
293.105
293.1
293.091
293.078
293.063
293.044
293.024
293.004
292.986
292.97
292.96
292.954
292.952
292.955
292.963
292.976
292.993
293.012
293.031
293.047
293.057
293.056
293.043
293.015
293
293
293
293
293
293
293
293
293
293
293
293
293
293
293
293
293
293
293
293
293
293
293
293
293
293
293
293
293
293
293
293
293
293
293
293
293
293
293
293
293
293.001
293.005
293.016
293.03
293.043
293.05
293.052
293.051
293.045
293.033
293.021
293.014
293.01
293.008
293.007
293.006
293.001
292.985
292.96
292.936
292.919
292.911
292.908
292.91
292.916
292.927
292.94
292.954
292.968
292.983
292.996
293.006
293.011
293.013
293.012
293.002
292.985
292.968
292.956
292.949
292.947
292.946
292.947
292.948
292.95
292.953
292.959
292.967
292.978
292.986
292.992
292.996
293
293.002
293
292.992
292.976
292.958
292.949
292.947
292.946
292.948
292.95
292.953
292.957
292.962
292.968
292.976
292.986
292.998
293.011
293.024
293.038
293.05
293.06
293.068
293.074
293.077
293.079
293.079
293.077
293.072
293.065
293.055
293.042
293.026
293.011
292.997
292.986
292.98
292.977
292.976
292.978
292.984
292.991
293
293.01
293.019
293.025
293.025
293.018
293.001
292.975
292.939
293
293
293
293
293
293
293
293
293
293
293
293
293
293
293
293
293
293
293
293
293
293
293
293
293
293
293
293
293
293
293
293
293
293
293
293
293
293
293
293
293
293
293.003
293.012
293.027
293.04
293.049
293.052
293.051
293.048
293.037
293.024
293.016
293.011
293.009
293.008
293.007
293.004
292.992
292.97
292.944
292.925
292.914
292.91
292.91
292.913
292.922
292.934
292.947
292.96
292.974
292.988
293
293.007
293.01
293.011
293.007
292.994
292.977
292.963
292.954
292.949
292.948
292.948
292.948
292.948
292.949
292.953
292.96
292.969
292.977
292.982
292.985
292.987
292.989
292.992
292.992
292.987
292.977
292.971
292.97
292.969
292.97
292.972
292.975
292.978
292.981
292.985
292.99
292.996
293.003
293.011
293.019
293.026
293.032
293.038
293.042
293.045
293.046
293.046
293.045
293.041
293.036
293.029
293.02
293.009
292.996
292.986
292.979
292.977
292.977
292.979
292.983
292.988
292.995
293.001
293.007
293.009
293.008
293.002
292.99
292.971
292.947
292.915
292.875
293
293
293
293
293
293
293
293
293
293
293
293
293
293
293
293
293
293
293
293
293
293
293
293
293
293
293
293
293
293
293
293
293
293
293
293
293
293
293
293
293
293
293.002
293.009
293.022
293.037
293.047
293.051
293.052
293.05
293.041
293.028
293.018
293.013
293.01
293.008
293.007
293.006
292.998
292.979
292.954
292.932
292.918
292.912
292.91
292.912
292.918
292.928
292.94
292.952
292.965
292.979
292.992
293.002
293.007
293.009
293.008
293.001
292.986
292.971
292.96
292.953
292.95
292.949
292.948
292.947
292.947
292.948
292.952
292.96
292.969
292.974
292.976
292.974
292.973
292.973
292.976
292.977
292.974
292.971
292.969
292.969
292.969
292.969
292.971
292.972
292.973
292.974
292.975
292.976
292.978
292.981
292.985
292.99
292.993
292.996
292.997
292.997
292.996
292.993
292.989
292.984
292.979
292.973
292.966
292.96
292.954
292.95
292.95
292.951
292.954
292.959
292.965
292.972
292.979
292.984
292.985
292.983
292.976
292.964
292.947
292.925
292.896
292.861
292.816
293
293
293
293
293
293
293
293
293
293
293
293
293
293
293
293
293
293
293
293
293
293
293
293
293
293
293
293
293
293
293
293
293
293
293
293
293
293
293
293
293
293
293.001
293.006
293.018
293.033
293.044
293.051
293.052
293.051
293.045
293.033
293.021
293.015
293.011
293.009
293.008
293.007
293.002
292.988
292.965
292.941
292.924
292.915
292.911
292.912
292.915
292.923
292.933
292.944
292.956
292.969
292.982
292.994
293.002
293.006
293.007
293.005
292.995
292.981
292.968
292.959
292.954
292.951
292.95
292.948
292.946
292.946
292.947
292.952
292.96
292.966
292.969
292.967
292.962
292.956
292.952
292.951
292.95
292.948
292.946
292.945
292.943
292.943
292.943
292.943
292.943
292.943
292.942
292.941
292.94
292.938
292.937
292.935
292.934
292.933
292.931
292.929
292.926
292.922
292.918
292.914
292.91
292.907
292.904
292.903
292.903
292.904
292.907
292.911
292.915
292.919
292.923
292.928
292.93
292.931
292.929
292.923
292.913
292.899
292.88
292.854
292.822
292.78
292.727
293
293
293
293
293
293
293
293
293
293
293
293
293
293
293
293
293
293
293
293
293
293
293
293
293
293
293
293
293
293
293
293
293
293
293
293
293
293
293
293
293
293
293
293.003
293.013
293.028
293.041
293.049
293.052
293.052
293.048
293.037
293.025
293.017
293.012
293.01
293.009
293.008
293.006
292.996
292.977
292.953
292.932
292.919
292.913
292.913
292.914
292.918
292.926
292.936
292.946
292.958
292.971
292.984
292.995
293.001
293.004
293.005
293.001
292.991
292.978
292.967
292.959
292.955
292.953
292.95
292.948
292.945
292.944
292.945
292.95
292.957
292.961
292.962
292.957
292.948
292.938
292.931
292.926
292.921
292.918
292.915
292.913
292.911
292.909
292.907
292.905
292.903
292.901
292.898
292.894
292.89
292.886
292.882
292.879
292.875
292.872
292.87
292.867
292.865
292.863
292.861
292.859
292.857
292.857
292.856
292.857
292.858
292.859
292.861
292.862
292.864
292.865
292.864
292.863
292.859
292.852
292.842
292.828
292.81
292.787
292.756
292.719
292.672
292.616
293
293
293
293
293
293
293
293
293
293
293
293
293
293
293
293
293
293
293
293
293
293
293
293
293
293
293
293
293
293
293
293
293
293
293
293
293
293
293
293
293
293
293
293.002
293.009
293.022
293.036
293.047
293.052
293.052
293.051
293.043
293.03
293.02
293.014
293.011
293.01
293.009
293.008
293.003
292.988
292.966
292.943
292.926
292.917
292.914
292.914
292.916
292.921
292.929
292.938
292.947
292.959
292.972
292.984
292.994
293
293.002
293.002
292.998
292.988
292.977
292.967
292.961
292.957
292.954
292.951
292.948
292.944
292.943
292.943
292.947
292.952
292.955
292.954
292.947
292.936
292.923
292.911
292.904
292.9
292.895
292.891
292.888
292.884
292.881
292.878
292.875
292.871
292.868
292.864
292.86
292.856
292.852
292.848
292.844
292.841
292.839
292.837
292.835
292.833
292.831
292.83
292.829
292.829
292.829
292.829
292.828
292.828
292.827
292.825
292.822
292.818
292.812
292.805
292.795
292.783
292.768
292.749
292.726
292.699
292.666
292.627
292.58
292.527
293
293
293
293
293
293
293
293
293
293
293
293
293
293
293
293
293
293
293
293
293
293
293
293
293
293
293
293
293
293
293
293
293
293
293
293
293
293
293
293
293
293
293
293.001
293.005
293.016
293.03
293.043
293.05
293.053
293.052
293.048
293.036
293.025
293.017
293.013
293.011
293.01
293.009
293.007
292.998
292.98
292.957
292.937
292.923
292.917
292.914
292.915
292.918
292.923
292.93
292.938
292.947
292.958
292.971
292.983
292.992
292.997
292.999
292.998
292.995
292.987
292.978
292.969
292.963
292.959
292.956
292.952
292.948
292.944
292.942
292.941
292.944
292.946
292.948
292.945
292.937
292.925
292.912
292.902
292.895
292.889
292.883
292.878
292.873
292.868
292.863
292.859
292.856
292.852
292.848
292.845
292.841
292.837
292.833
292.829
292.826
292.823
292.821
292.819
292.817
292.816
292.814
292.814
292.813
292.812
292.811
292.81
292.808
292.806
292.803
292.798
292.791
292.782
292.772
292.758
292.743
292.724
292.703
292.678
292.649
292.616
292.579
292.536
292.489
293
293
293
293
293
293
293
293
293
293
293
293
293
293
293
293
293
293
293
293
293
293
293
293
293
293
293
293
293
293
293
293
293
293
293
293
293
293
293
293
293
293
293
293
293.002
293.01
293.023
293.037
293.048
293.052
293.053
293.051
293.043
293.031
293.021
293.015
293.012
293.011
293.01
293.009
293.005
292.993
292.973
292.951
292.933
292.922
292.917
292.916
292.917
292.919
292.924
292.93
292.936
292.944
292.955
292.968
292.98
292.989
292.994
292.995
292.995
292.993
292.987
292.98
292.972
292.967
292.962
292.959
292.955
292.95
292.945
292.942
292.941
292.941
292.942
292.941
292.937
292.929
292.918
292.908
292.901
292.894
292.888
292.881
292.875
292.869
292.864
292.859
292.854
292.85
292.846
292.843
292.839
292.836
292.833
292.83
292.827
292.825
292.822
292.821
292.819
292.818
292.817
292.816
292.816
292.815
292.814
292.812
292.81
292.806
292.801
292.794
292.786
292.776
292.764
292.75
292.734
292.716
292.695
292.672
292.645
292.614
292.58
292.543
292.503
293
293
293
293
293
293
293
293
293
293
293
293
293
293
293
293
293
293
293
293
293
293
293
293
293
293
293
293
293
293
293
293
293
293
293
293
293
293
293
293
293
293
293
293
293.001
293.005
293.015
293.03
293.043
293.05
293.053
293.053
293.049
293.038
293.027
293.019
293.014
293.012
293.011
293.011
293.009
293.003
292.989
292.968
292.947
292.932
292.922
292.918
292.917
292.918
292.921
292.924
292.928
292.933
292.941
292.951
292.963
292.975
292.984
292.989
292.991
292.991
292.99
292.987
292.982
292.976
292.971
292.967
292.963
292.959
292.954
292.949
292.945
292.942
292.941
292.94
292.938
292.933
292.925
292.917
292.911
292.905
292.898
292.892
292.885
292.879
292.873
292.867
292.862
292.857
292.853
292.85
292.846
292.844
292.841
292.839
292.837
292.835
292.833
292.832
292.831
292.83
292.83
292.829
292.828
292.827
292.825
292.823
292.82
292.816
292.81
292.804
292.797
292.788
292.777
292.765
292.75
292.733
292.714
292.693
292.669
292.644
292.616
292.588
292.559
293
293
293
293
293
293
293
293
293
293
293
293
293
293
293
293
293
293
293
293
293
293
293
293
293
293
293
293
293
293
293
293
293
293
293
293
293
293
293
293
293
293
293
293
293
293.002
293.008
293.021
293.036
293.047
293.052
293.054
293.053
293.046
293.035
293.024
293.017
293.014
293.013
293.012
293.011
293.009
293.002
292.986
292.966
292.947
292.932
292.923
292.919
292.918
292.919
292.921
292.924
292.926
292.93
292.935
292.944
292.955
292.967
292.977
292.983
292.986
292.987
292.986
292.985
292.982
292.979
292.975
292.972
292.969
292.965
292.961
292.955
292.951
292.947
292.944
292.942
292.939
292.934
292.929
292.924
292.919
292.914
292.908
292.903
292.897
292.891
292.885
292.88
292.875
292.87
292.866
292.862
292.859
292.857
292.855
292.853
292.851
292.85
292.849
292.848
292.847
292.846
292.845
292.843
292.841
292.838
292.835
292.832
292.828
292.824
292.818
292.811
292.803
292.794
292.784
292.772
292.759
292.744
292.728
292.71
292.692
292.673
292.654
292.635
293
293
293
293
293
293
293
293
293
293
293
293
293
293
293
293
293
293
293
293
293
293
293
293
293
293
293
293
293
293
293
293
293
293
293
293
293
293
293
293
293
293
293
293
293
293
293.003
293.012
293.026
293.04
293.049
293.053
293.054
293.052
293.044
293.032
293.023
293.017
293.014
293.013
293.012
293.012
293.009
293.001
292.986
292.967
292.948
292.934
292.926
292.921
292.92
292.92
292.921
292.923
292.924
292.926
292.929
292.936
292.945
292.956
292.966
292.974
292.979
292.981
292.981
292.981
292.98
292.979
292.977
292.975
292.973
292.971
292.968
292.965
292.961
292.957
292.954
292.951
292.948
292.944
292.942
292.938
292.935
292.931
292.927
292.922
292.917
292.912
292.908
292.903
292.898
292.894
292.889
292.886
292.882
292.879
292.876
292.873
292.871
292.869
292.866
292.864
292.862
292.86
292.857
292.854
292.851
292.847
292.842
292.837
292.831
292.825
292.818
292.81
292.801
292.79
292.779
292.767
292.754
292.74
292.725
292.71
292.695
292.681
292.668
293
293
293
293
293
293
293
293
293
293
293
293
293
293
293
293
293
293
293
293
293
293
293
293
293
293
293
293
293
293
293
293
293
293
293
293
293
293
293
293
293
293
293
293
293
293
293.001
293.005
293.015
293.03
293.043
293.051
293.054
293.054
293.051
293.042
293.031
293.022
293.017
293.015
293.014
293.013
293.012
293.01
293.002
292.988
292.97
292.952
292.938
292.929
292.924
292.922
292.921
292.921
292.922
292.922
292.923
292.924
292.927
292.934
292.944
292.953
292.961
292.968
292.972
292.974
292.975
292.975
292.975
292.975
292.975
292.974
292.974
292.973
292.971
292.97
292.968
292.965
292.963
292.962
292.96
292.958
292.957
292.954
292.952
292.949
292.946
292.943
292.939
292.936
292.932
292.928
292.923
292.919
292.915
292.91
292.906
292.901
292.897
292.892
292.888
292.883
292.879
292.874
292.869
292.864
292.858
292.852
292.846
292.838
292.83
292.822
292.812
292.801
292.79
292.777
292.765
292.752
292.738
292.725
292.712
292.699
292.688
292.677
292.667
293
293
293
293
293
293
293
293
293
293
293
293
293
293
293
293
293
293
293
293
293
293
293
293
293
293
293
293
293
293
293
293
293
293
293
293
293
293
293
293
293
293
293
293
293
293
293
293.001
293.007
293.018
293.032
293.044
293.051
293.054
293.054
293.051
293.042
293.031
293.023
293.018
293.016
293.015
293.014
293.013
293.011
293.005
292.992
292.976
292.959
292.945
292.935
292.928
292.925
292.923
292.922
292.921
292.92
292.92
292.92
292.921
292.924
292.93
292.937
292.945
292.952
292.958
292.962
292.965
292.966
292.967
292.968
292.968
292.969
292.969
292.969
292.97
292.97
292.969
292.969
292.968
292.967
292.966
292.965
292.964
292.963
292.961
292.959
292.957
292.954
292.951
292.948
292.945
292.941
292.937
292.932
292.927
292.922
292.917
292.911
292.905
292.899
292.892
292.885
292.878
292.87
292.862
292.853
292.845
292.835
292.825
292.815
292.804
292.793
292.782
292.77
292.759
292.747
292.734
292.722
292.71
292.699
292.69
292.682
292.676
292.673
293
293
293
293
293
293
293
293
293
293
293
293
293
293
293
293
293
293
293
293
293
293
293
293
293
293
293
293
293
293
293
293
293
293
293
293
293
293
293
293
293
293
293
293
293
293
293
293
293.002
293.007
293.019
293.033
293.044
293.052
293.054
293.054
293.051
293.043
293.032
293.024
293.019
293.017
293.016
293.015
293.015
293.013
293.008
292.999
292.985
292.969
292.955
292.943
292.935
292.93
292.926
292.924
292.922
292.92
292.918
292.917
292.917
292.918
292.919
292.922
292.927
292.933
292.939
292.944
292.948
292.951
292.953
292.955
292.956
292.958
292.959
292.959
292.96
292.96
292.96
292.959
292.959
292.958
292.957
292.956
292.955
292.953
292.952
292.95
292.947
292.945
292.942
292.938
292.935
292.931
292.926
292.921
292.916
292.911
292.905
292.898
292.891
292.884
292.876
292.868
292.859
292.849
292.839
292.829
292.82
292.81
292.8
292.79
292.779
292.769
292.758
292.748
292.738
292.729
292.721
292.714
292.709
292.706
292.705
292.707
292.713
293
293
293
293
293
293
293
293
293
293
293
293
293
293
293
293
293
293
293
293
293
293
293
293
293
293
293
293
293
293
293
293
293
293
293
293
293
293
293
293
293
293
293
293
293
293
293
293
293
293.002
293.007
293.018
293.032
293.044
293.051
293.054
293.054
293.052
293.045
293.035
293.027
293.021
293.019
293.017
293.016
293.016
293.015
293.012
293.005
292.995
292.981
292.968
292.956
292.946
292.938
292.933
292.928
292.925
292.922
292.919
292.916
292.914
292.914
292.914
292.914
292.915
292.916
292.918
292.921
292.924
292.927
292.93
292.932
292.934
292.935
292.936
292.937
292.938
292.938
292.937
292.937
292.937
292.936
292.935
292.934
292.932
292.931
292.929
292.927
292.924
292.921
292.918
292.914
292.91
292.906
292.901
292.895
292.89
292.883
292.877
292.87
292.863
292.856
292.849
292.843
292.836
292.828
292.82
292.811
292.803
292.795
292.787
292.78
292.773
292.766
292.761
292.756
292.754
292.753
292.755
292.759
292.766
292.776
292.789
292.805
293
293
293
293
293
293
293
293
293
293
293
293
293
293
293
293
293
293
293
293
293
293
293
293
293
293
293
293
293
293
293
293
293
293
293
293
293
293
293
293
293
293
293
293
293
293
293
293
293
293
293.002
293.007
293.017
293.029
293.041
293.049
293.053
293.054
293.053
293.048
293.04
293.031
293.025
293.021
293.019
293.018
293.018
293.017
293.015
293.011
293.004
292.995
292.983
292.972
292.961
292.952
292.945
292.938
292.933
292.928
292.923
292.919
292.916
292.913
292.911
292.91
292.909
292.909
292.908
292.908
292.908
292.908
292.907
292.907
292.907
292.906
292.906
292.905
292.904
292.903
292.902
292.901
292.9
292.899
292.897
292.896
292.894
292.892
292.89
292.888
292.886
292.883
292.88
292.877
292.875
292.872
292.868
292.865
292.861
292.858
292.854
292.849
292.845
292.84
292.835
292.831
292.826
292.822
292.818
292.814
292.81
292.808
292.807
292.806
292.808
292.811
292.816
292.823
292.833
292.844
292.858
292.873
292.89
292.908
292.927
293
293
293
293
293
293
293
293
293
293
293
293
293
293
293
293
293
293
293
293
293
293
293
293
293
293
293
293
293
293
293
293
293
293
293
293
293
293
293
293
293
293
293
293
293
293
293
293
293
293
293
293.001
293.005
293.014
293.025
293.037
293.046
293.051
293.053
293.052
293.05
293.045
293.037
293.03
293.026
293.023
293.021
293.02
293.019
293.018
293.016
293.012
293.007
292.999
292.99
292.98
292.971
292.963
292.955
292.948
292.941
292.935
292.929
292.924
292.919
292.915
292.912
292.909
292.907
292.905
292.903
292.901
292.9
292.898
292.897
292.895
292.893
292.891
292.889
292.887
292.886
292.885
292.884
292.882
292.881
292.879
292.878
292.876
292.875
292.873
292.871
292.87
292.868
292.866
292.864
292.862
292.86
292.858
292.856
292.854
292.853
292.851
292.85
292.848
292.848
292.847
292.847
292.848
292.85
292.853
292.857
292.862
292.868
292.876
292.886
292.896
292.908
292.921
292.935
292.949
292.964
292.979
292.994
293.008
293.022
293
293
293
293
293
293
293
293
293
293
293
293
293
293
293
293
293
293
293
293
293
293
293
293
293
293
293
293
293
293
293
293
293
293
293
293
293
293
293
293
293
293
293
293
293
293
293
293
293
293
293
293
293.001
293.003
293.01
293.02
293.031
293.041
293.048
293.051
293.052
293.051
293.048
293.043
293.038
293.032
293.028
293.025
293.023
293.022
293.021
293.02
293.018
293.015
293.011
293.006
292.999
292.992
292.985
292.978
292.971
292.964
292.957
292.95
292.943
292.937
292.931
292.926
292.921
292.917
292.913
292.91
292.907
292.904
292.901
292.898
292.895
292.893
292.89
292.889
292.887
292.886
292.885
292.884
292.883
292.882
292.881
292.88
292.879
292.878
292.878
292.877
292.877
292.876
292.876
292.876
292.876
292.877
292.878
292.879
292.88
292.883
292.885
292.889
292.893
292.898
292.903
292.91
292.917
292.925
292.934
292.943
292.953
292.964
292.975
292.986
292.997
293.008
293.019
293.03
293.039
293.049
293.057
293.066
293.073
293
293
293
293
293
293
293
293
293
293
293
293
293
293
293
293
293
293
293
293
293
293
293
293
293
293
293
293
293
293
293
293
293
293
293
293
293
293
293
293
293
293
293
293
293
293
293
293
293
293
293
293
293
293
293.002
293.006
293.013
293.023
293.034
293.042
293.047
293.05
293.05
293.049
293.047
293.044
293.04
293.035
293.031
293.029
293.027
293.025
293.024
293.023
293.021
293.019
293.017
293.013
293.01
293.005
293.001
292.996
292.99
292.985
292.979
292.974
292.968
292.962
292.956
292.951
292.946
292.941
292.937
292.933
292.929
292.926
292.923
292.92
292.918
292.917
292.916
292.916
292.915
292.915
292.915
292.915
292.915
292.915
292.916
292.917
292.918
292.919
292.921
292.922
292.925
292.927
292.93
292.934
292.937
292.942
292.946
292.951
292.957
292.963
292.97
292.976
292.984
292.991
292.999
293.006
293.014
293.022
293.029
293.037
293.044
293.051
293.057
293.064
293.07
293.075
293.081
293.086
293.091
293.096
293.101
293
293
293
293
293
293
293
293
293
293
293
293
293
293
293
293
293
293
293
293
293
293
293
293
293
293
293
293
293
293
293
293
293
293
293
293
293
293
293
293
293
293
293
293
293
293
293
293
293
293
293
293
293
293
293
293.001
293.003
293.008
293.015
293.024
293.033
293.041
293.045
293.048
293.048
293.048
293.047
293.045
293.043
293.04
293.037
293.034
293.032
293.03
293.029
293.027
293.026
293.024
293.023
293.021
293.019
293.017
293.015
293.012
293.01
293.007
293.004
293.001
292.998
292.994
292.991
292.988
292.985
292.982
292.98
292.978
292.976
292.975
292.974
292.974
292.974
292.974
292.975
292.975
292.976
292.977
292.979
292.98
292.982
292.984
292.986
292.988
292.991
292.994
292.997
293
293.004
293.008
293.012
293.016
293.02
293.024
293.029
293.033
293.038
293.042
293.047
293.051
293.056
293.06
293.064
293.068
293.072
293.076
293.08
293.084
293.088
293.092
293.095
293.099
293.103
293.107
293.111
293.115
293.119
293
293
293
293
293
293
293
293
293
293
293
293
293
293
293
293
293
293
293
293
293
293
293
293
293
293
293
293
293
293
293
293
293
293
293
293
293
293
293
293
293
293
293
293
293
293
293
293
293
293
293
293
293
293
293
293
293
293.001
293.003
293.008
293.015
293.023
293.03
293.037
293.042
293.045
293.047
293.047
293.046
293.046
293.044
293.043
293.042
293.04
293.038
293.037
293.035
293.034
293.032
293.031
293.03
293.029
293.028
293.027
293.027
293.026
293.025
293.024
293.023
293.023
293.022
293.022
293.021
293.021
293.021
293.021
293.021
293.022
293.023
293.024
293.025
293.025
293.026
293.027
293.029
293.03
293.031
293.033
293.034
293.036
293.038
293.04
293.042
293.044
293.046
293.048
293.051
293.053
293.055
293.058
293.06
293.063
293.065
293.068
293.07
293.073
293.075
293.078
293.08
293.083
293.086
293.089
293.091
293.094
293.097
293.1
293.103
293.106
293.109
293.113
293.116
293.119
293.123
293.126
293.13
293
293
293
293
293
293
293
293
293
293
293
293
293
293
293
293
293
293
293
293
293
293
293
293
293
293
293
293
293
293
293
293
293
293
293
293
293
293
293
293
293
293
293
293
293
293
293
293
293
293
293
293
293
293
293
293
293
293
293
293.001
293.003
293.007
293.012
293.019
293.025
293.032
293.037
293.041
293.043
293.045
293.045
293.045
293.045
293.045
293.044
293.044
293.043
293.043
293.042
293.041
293.041
293.04
293.039
293.038
293.038
293.037
293.037
293.037
293.037
293.037
293.038
293.038
293.039
293.039
293.04
293.041
293.043
293.044
293.045
293.047
293.048
293.048
293.049
293.051
293.052
293.053
293.054
293.055
293.056
293.058
293.059
293.06
293.062
293.063
293.065
293.066
293.068
293.07
293.071
293.073
293.075
293.077
293.079
293.081
293.082
293.084
293.087
293.089
293.091
293.093
293.095
293.098
293.1
293.102
293.105
293.108
293.11
293.113
293.116
293.118
293.121
293.124
293.127
293.13
293.134
293
293
293
293
293
293
293
293
293
293
293
293
293
293
293
293
293
293
293
293
293
293
293
293
293
293
293
293
293
293
293
293
293
293
293
293
293
293
293
293
293
293
293
293
293
293
293
293
293
293
293
293
293
293
293
293
293
293
293
293
293
293.001
293.002
293.005
293.008
293.013
293.019
293.025
293.03
293.034
293.038
293.04
293.042
293.044
293.044
293.045
293.045
293.045
293.045
293.045
293.045
293.045
293.045
293.045
293.045
293.045
293.046
293.046
293.046
293.047
293.047
293.048
293.048
293.049
293.05
293.051
293.052
293.054
293.055
293.056
293.057
293.058
293.059
293.06
293.061
293.062
293.063
293.064
293.065
293.066
293.067
293.068
293.07
293.071
293.072
293.074
293.075
293.076
293.078
293.079
293.081
293.083
293.084
293.086
293.088
293.089
293.091
293.093
293.095
293.096
293.098
293.1
293.102
293.104
293.106
293.108
293.11
293.113
293.115
293.117
293.119
293.121
293.124
293.126
293.128
293
293
293
293
293
293
293
293
293
293
293
293
293
293
293
293
293
293
293
293
293
293
293
293
293
293
293
293
293
293
293
293
293
293
293
293
293
293
293
293
293
293
293
293
293
293
293
293
293
293
293
293
293
293
293
293
293
293
293
293
293
293
293
293
293.001
293.002
293.005
293.008
293.012
293.016
293.021
293.025
293.029
293.033
293.036
293.038
293.04
293.042
293.043
293.044
293.045
293.046
293.047
293.047
293.048
293.048
293.049
293.049
293.05
293.05
293.051
293.052
293.053
293.054
293.055
293.056
293.057
293.058
293.06
293.061
293.062
293.062
293.063
293.064
293.065
293.066
293.067
293.068
293.069
293.069
293.07
293.071
293.072
293.074
293.075
293.076
293.077
293.078
293.079
293.08
293.081
293.083
293.084
293.085
293.086
293.088
293.089
293.09
293.092
293.093
293.094
293.096
293.097
293.098
293.099
293.1
293.101
293.102
293.103
293.104
293.104
293.105
293.105
293.105
293.105
293
293
293
293
293
293
293
293
293
293
293
293
293
293
293
293
293
293
293
293
293
293
293
293
293
293
293
293
293
293
293
293
293
293
293
293
293
293
293
293
293
293
293
293
293
293
293
293
293
293
293
293
293
293
293
293
293
293
293
293
293
293
293
293
293
293
293
293.001
293.002
293.003
293.005
293.008
293.011
293.014
293.018
293.021
293.025
293.028
293.031
293.033
293.036
293.038
293.039
293.041
293.043
293.044
293.045
293.046
293.047
293.048
293.049
293.05
293.051
293.052
293.053
293.055
293.056
293.057
293.058
293.059
293.06
293.06
293.061
293.062
293.062
293.063
293.064
293.064
293.065
293.066
293.067
293.067
293.068
293.069
293.07
293.07
293.071
293.072
293.072
293.073
293.074
293.074
293.075
293.075
293.076
293.076
293.077
293.077
293.077
293.077
293.077
293.077
293.077
293.077
293.076
293.076
293.075
293.074
293.073
293.071
293.07
293.068
293.066
293.064
293.061
293
293
293
293
293
293
293
293
293
293
293
293
293
293
293
293
293
293
293
293
293
293
293
293
293
293
293
293
293
293
293
293
293
293
293
293
293
293
293
293
293
293
293
293
293
293
293
293
293
293
293
293
293
293
293
293
293
293
293
293
293
293
293
293
293
293
293
293
293
293
293.001
293.001
293.002
293.003
293.004
293.006
293.008
293.01
293.012
293.015
293.017
293.02
293.022
293.025
293.027
293.029
293.031
293.033
293.034
293.036
293.037
293.039
293.04
293.041
293.043
293.044
293.045
293.046
293.047
293.047
293.048
293.048
293.049
293.049
293.05
293.05
293.05
293.051
293.051
293.051
293.051
293.051
293.052
293.052
293.052
293.052
293.052
293.052
293.052
293.051
293.051
293.051
293.05
293.05
293.049
293.049
293.048
293.047
293.046
293.045
293.044
293.043
293.042
293.04
293.039
293.037
293.035
293.034
293.032
293.03
293.028
293.026
293.024
293.022
293.019
293
293
293
293
293
293
293
293
293
293
293
293
293
293
293
293
293
293
293
293
293
293
293
293
293
293
293
293
293
293
293
293
293
293
293
293
293
293
293
293
293
293
293
293
293
293
293
293
293
293
293
293
293
293
293
293
293
293
293
293
293
293
293
293
293
293
293
293
293
293
293
293
293
293
293
293.001
293.001
293.001
293.002
293.003
293.004
293.005
293.006
293.007
293.009
293.01
293.011
293.013
293.014
293.016
293.017
293.018
293.019
293.02
293.021
293.022
293.023
293.024
293.024
293.025
293.025
293.025
293.025
293.025
293.025
293.025
293.025
293.025
293.025
293.025
293.025
293.025
293.024
293.024
293.024
293.023
293.023
293.023
293.022
293.021
293.021
293.02
293.02
293.019
293.018
293.017
293.017
293.016
293.015
293.014
293.013
293.012
293.011
293.01
293.009
293.009
293.008
293.007
293.006
293.005
293.005
293.004
293.003
293.003
293.002
293
293
293
293
293
293
293
293
293
293
293
293
293
293
293
293
293
293
293
293
293
293
293
293
293
293
293
293
293
293
293
293
293
293
293
293
293
293
293
293
293
293
293
293
293
293
293
293
293
293
293
293
293
293
293
293
293
293
293
293
293
293
293
293
293
293
293
293
293
293
293
293
293
293
293
293
293
293
293
293
293
293
293
293
293.001
293.001
293.001
293.001
293.001
293.002
293.002
293.002
293.002
293.002
293.003
293.003
293.003
293.003
293.003
293.003
293.003
293.003
293.003
293.003
293.003
293.003
293.003
293.003
293.003
293.003
293.003
293.003
293.003
293.003
293.003
293.003
293.002
293.002
293.002
293.002
293.002
293.002
293.002
293.002
293.002
293.001
293.001
293.001
293.001
293.001
293.001
293.001
293.001
293.001
293.001
293
293
293
293
293
293
293
293
293
293
)
;

boundaryField
{
    FreestreamLeft
    {
        type            totalTemperature;
        gamma           1.4;
        T0              uniform 293;
        value           uniform 293;
    }
    FreestreamTop
    {
        type            totalTemperature;
        gamma           1.4;
        T0              uniform 293;
        value           uniform 293;
    }
    Inlet
    {
        type            totalTemperature;
        gamma           1.4;
        T0              nonuniform List<scalar> 0();
        value           nonuniform List<scalar> 0();
    }
    Outlet
    {
        type            zeroGradient;
    }
    Wall
    {
        type            zeroGradient;
    }
    Wedge1
    {
        type            wedge;
    }
    Wedge2
    {
        type            wedge;
    }
    procBoundary2to1
    {
        type            processor;
        value           nonuniform List<scalar> 
190
(
327.811
327.811
315.014
333.441
322.493
333.666
333.371
332.356
330.569
327.848
324.455
320.232
315.014
328.376
319.372
327.924
327.441
326.98
326.68
326.138
325.835
325.743
325.657
325.732
325.767
325.744
325.644
325.513
325.326
325.14
324.919
324.45
323.795
323.298
323.028
322.455
321.548
320.688
319.988
319.676
319.698
319.895
320.358
320.891
321.414
321.997
322.493
319.341
311.448
319.372
311.448
306.558
302.834
299.926
297.568
295.78
294.525
293.813
293.512
293.414
293.324
293.246
293.181
293.141
293.108
293.053
292.975
292.894
292.827
292.761
292.664
292.55
292.467
292.436
292.459
292.529
292.616
292.655
292.661
292.674
292.723
292.824
292.947
293.035
293.08
293.106
293.123
293.134
293.137
293.129
293.103
293.058
293.017
293.002
293
327.707
327.707
314.969
314.969
320.177
324.408
327.807
330.565
332.344
333.357
333.654
333.43
322.517
322.517
322.019
321.439
320.91
320.345
319.859
319.692
319.721
319.988
320.678
321.587
322.523
323.055
323.273
323.742
324.487
324.971
325.142
325.295
325.486
325.634
325.738
325.745
325.717
325.626
325.717
325.827
326.163
326.68
326.979
327.445
327.942
328.364
319.414
319.414
319.378
311.505
311.505
306.605
302.874
299.958
297.595
295.799
294.536
293.819
293.515
293.413
293.324
293.246
293.18
293.141
293.106
293.051
292.972
292.891
292.825
292.759
292.662
292.549
292.467
292.437
292.46
292.53
292.618
292.656
292.661
292.674
292.723
292.824
292.947
293.035
293.08
293.106
293.123
293.134
293.137
293.13
293.104
293.058
293.017
293.002
293
)
;
    }
}


// ************************************************************************* //
