/*--------------------------------*- C++ -*----------------------------------*\
| =========                 |                                                 |
| \\      /  F ield         | OpenFOAM: The Open Source CFD Toolbox           |
|  \\    /   O peration     | Version:  2406                                  |
|   \\  /    A nd           | Website:  www.openfoam.com                      |
|    \\/     M anipulation  |                                                 |
\*---------------------------------------------------------------------------*/
FoamFile
{
    version     2.0;
    format      ascii;
    arch        "LSB;label=32;scalar=64";
    class       faceSet;
    location    "constant/polyMesh/sets";
    object      nonOrthoFaces;
}
// * * * * * * * * * * * * * * * * * * * * * * * * * * * * * * * * * * * * * //


1402
(
12288
12291
12294
12297
12300
12303
12306
12309
12312
12315
12318
12321
12324
12327
12330
12333
12336
12339
12342
12345
12348
12351
12354
12357
12360
12363
12366
12369
12372
12375
12378
24669
12381
24671
12384
24674
12387
24677
12390
24680
12393
24683
12396
24686
24689
24692
24695
24698
24701
24704
24707
4228
24710
4230
24713
24716
24719
12431
24722
12434
24725
12437
24728
12440
24731
12443
24734
12446
24737
12449
24740
12452
24743
12455
24746
12458
24749
12461
24752
12464
24755
12467
24758
12470
24761
12473
24764
12476
12477
24767
12480
24770
12483
24773
12486
24776
12489
24779
12492
24782
12495
24785
12498
24788
12501
24791
12504
24794
12507
24797
12510
24800
12513
24803
12516
24806
12519
24809
12522
24812
24815
24818
24821
24824
24827
24830
24833
24836
24839
12557
12560
12563
12566
12569
12572
12575
12578
12581
12584
12587
12590
12593
12596
12599
4409
12602
4411
12605
12608
12611
12614
12617
12620
12623
12626
12629
12632
12635
12638
12641
12644
12647
12650
12653
12656
12659
12662
12665
12668
12671
12674
12677
12680
12683
12686
12689
12692
12695
12698
12701
12704
12707
12710
12713
12716
12719
12722
12725
12728
12731
12734
12737
12740
12743
12746
12749
12752
12755
12758
12761
12764
12767
12770
12773
12776
12779
12782
12785
12788
12791
12794
12797
12800
12803
25094
12806
25097
12809
25100
12812
25103
12815
25106
12818
25109
12821
25112
12824
25115
12827
25118
12830
25121
12833
25124
12836
25127
12839
25130
12842
25133
12845
25136
12848
25139
12851
25142
12854
25145
12857
25148
12860
25151
12863
25154
12866
25157
12869
25160
12872
25163
12875
25166
12878
25169
12881
25172
12884
25175
12887
25178
12890
25181
12893
25184
12896
25187
25190
25193
25196
25199
25202
25205
25208
25211
25488
25491
25494
25497
25500
9117
25503
9120
25506
9123
25509
9126
25512
9129
25515
9132
25518
9135
25521
945
9138
946
947
25524
948
9141
949
950
25527
951
9144
952
953
25530
954
9147
955
956
25533
957
9150
958
959
25536
960
9153
961
962
25539
963
9156
964
965
25542
966
9159
967
968
25545
969
9162
970
971
25548
972
9165
973
974
25551
975
9168
976
977
25554
978
9171
979
25557
9174
25560
9177
25563
9180
25566
9183
25569
9186
25572
9189
25575
9192
25578
9195
25581
9198
25584
9201
25587
9204
25590
9207
25593
9210
25596
9213
25599
9216
25602
9219
25605
9222
25608
25611
25614
25617
25620
25623
25626
25629
25632
25635
25638
25641
25644
25647
25650
25653
25656
9273
25659
9275
9277
25662
9279
25665
9281
9283
25668
9285
25671
9287
9289
25674
9291
25677
9293
9295
25680
9297
25683
9299
9301
25686
9303
25689
9305
9307
25692
9309
25695
9311
9313
25698
9315
25701
9317
9319
25704
9321
25707
9323
9325
25710
9327
25713
9329
9331
25716
9333
25719
9335
9337
25722
9339
25725
9341
9343
25728
9345
25731
9347
9349
25734
9351
25737
9353
9355
25740
9357
25743
9359
9361
25746
9363
9365
9367
9369
9371
9373
9375
9377
9379
9381
9383
9385
9387
9389
9391
9393
9395
9397
9399
9401
9403
9405
9407
9409
9411
9413
9415
9417
9419
9421
9423
9425
9427
9429
9431
9433
9435
9437
9439
9441
9443
9446
9449
9452
9455
9458
9461
9464
9467
9470
9473
9476
9479
9482
9485
9488
9491
9494
9497
9500
9503
9506
9509
9512
9515
9518
9521
9524
9527
9530
9533
9536
9539
9542
9545
9548
9551
9554
9557
9560
9563
9566
9569
9572
9575
9578
9581
9584
9587
9590
9593
9596
9599
9602
9605
9608
9611
9614
9617
9652
9655
9658
9661
9663
9666
9669
9672
9675
9678
9681
9684
9687
9690
9693
9696
9699
9702
9705
9708
9711
9714
9717
9720
9723
9726
9729
9732
9735
9738
9741
9744
9747
9750
9785
9788
9791
9794
9797
9800
9803
9806
9809
9812
9815
9818
9821
9824
9827
9830
9833
9836
9839
9842
9845
9848
9851
9854
9857
9860
9863
9866
9869
9872
9875
9878
9883
9918
9921
9924
9927
9930
9933
9936
9939
9942
9945
9948
9951
9954
9957
9960
9963
9966
9969
9972
9975
9978
9981
9984
9987
9990
9993
9996
9999
10002
10005
10008
10011
10014
10017
10020
10023
10026
10029
10032
10035
10038
10041
10044
10047
10050
10053
10056
10059
10062
10065
10068
10071
10074
10077
10080
10083
10086
10089
10092
10095
10098
10102
10105
10108
10111
10114
10117
10120
10123
10126
10129
10132
10135
10138
10141
10144
10147
10150
10153
10156
10159
10162
10165
10168
10171
10174
10177
10180
10183
10186
10189
10192
10195
10198
10201
10204
10207
10210
10213
10216
10219
10222
10225
10228
10231
10234
10237
10240
10243
10246
10249
10252
10255
10258
10261
10264
10267
10270
10273
10276
10279
10282
10285
10288
10291
10294
10297
10300
10303
10306
10309
10312
10315
10318
10319
10322
10325
10328
10331
10334
10337
10340
10343
10346
10349
10352
10355
10358
10361
10364
10367
10370
10373
10376
10379
10382
10385
10388
10391
10394
10397
10400
10403
10406
10409
10412
10415
10418
10421
10424
10427
10430
10433
10436
10439
10442
10445
10448
10451
10454
10457
10460
10463
10466
10469
10472
10475
10478
10481
10484
10487
10490
10493
10496
10499
10502
10505
10539
10542
10545
10548
10551
10554
10557
10560
10563
10566
10569
10572
10575
10578
10581
10584
10587
10590
10593
10596
10599
10602
10605
10608
10611
10614
10617
10620
10623
10626
10629
10632
10635
10638
10673
10676
10679
10682
10685
10688
10691
10694
10697
10700
10703
10706
10709
10712
10715
10718
10721
10724
10727
10730
10733
10736
10739
10742
10745
10748
10751
10754
10759
10762
10765
10768
10771
10806
10809
10812
10815
10818
10821
10824
10827
10830
10833
10836
10839
10842
10845
10848
10851
10854
10857
10860
10863
10866
10869
10872
10875
10878
10881
10884
10887
10890
10893
10896
10899
10902
10905
10908
10911
10914
10917
10920
10923
10926
10929
10932
10935
10938
10941
10944
10947
10950
10953
10956
10959
10962
10965
10968
10971
10974
10978
10981
10984
10987
10990
10993
10996
10999
11002
11005
11008
11011
11014
11017
11020
11023
11026
11029
11032
11035
11038
11041
11044
11047
11050
11053
11056
11059
11062
11065
11068
11071
11074
11077
11080
11083
11086
11089
11092
11095
11098
11101
11104
11107
11110
11113
11116
11119
11122
11125
11128
11131
11134
11137
11140
11143
11146
11149
11152
11155
11158
11161
11164
11167
11170
11173
11176
11179
11182
11185
11188
11191
11194
11196
11199
11202
11205
11208
11211
11214
11217
11220
11223
11226
11229
11232
11235
11238
11241
11244
11247
11250
11253
11256
11259
11262
11265
11268
11271
11274
11277
11280
11283
11286
11289
11292
11295
11298
11301
11304
11307
11310
11313
11316
11319
11322
11325
11328
11331
11334
11337
11340
11343
11346
11349
11352
11355
11358
11361
11364
11367
11370
11373
11376
11379
11382
11385
11388
11391
11394
11414
11417
11420
11423
11426
11429
11432
11435
11438
11441
11444
11447
11450
11453
11456
11459
11462
11465
11468
11471
11474
11477
11480
11483
11486
11489
11492
11495
11498
11501
11504
11507
11510
11513
11516
11519
11522
11525
11528
48393
48397
48401
48405
48407
48409
11563
11566
11569
11572
11575
11578
11581
11584
11587
11590
11593
11596
11599
11602
11605
48471
11608
11611
11614
11617
11620
11623
11626
11629
11632
11635
11638
11641
11644
11647
11650
11653
11656
11659
11662
11697
11700
11703
11706
11709
11712
11715
11718
11721
11724
11727
11730
11733
11736
11739
11742
11745
11748
11751
11754
11757
11760
11763
11766
11769
11772
11775
11778
11781
11784
11787
11790
11793
11796
11799
11802
11805
11808
11811
11814
11817
11820
11823
11826
11829
11832
11835
11838
11841
11844
11847
11850
11853
11856
11859
11862
11865
11868
11871
11874
11877
11880
11883
11886
11889
11892
11895
11898
11901
11904
11907
11910
11913
11916
11919
11922
11925
11928
11931
11934
11937
11940
11943
11946
11949
11952
11955
11958
11961
11964
11967
11970
11973
11976
11979
11982
11985
11988
11991
11994
11997
12000
12003
12006
12009
12012
12015
12018
12021
12024
12027
12030
12033
12036
12039
12042
12045
12048
12051
12054
12057
3866
12060
12063
12066
12069
12072
12075
12078
12081
12084
24374
12087
24377
12090
24380
12093
24383
12096
24386
12099
24389
12102
24392
12105
24395
12108
12111
12114
12117
12120
12123
12126
12129
12132
12135
12138
12141
12144
12147
12150
12153
12156
12159
12162
12165
12168
12171
12174
12177
12180
12183
12186
12189
12192
12195
12198
12201
12204
12207
12210
12213
12216
12219
12222
12225
12228
12231
12234
12237
12240
4048
12243
12246
12249
12252
12255
12258
12261
12264
12267
12270
12273
12276
12279
12282
12285
)


// ************************************************************************* //
