/*--------------------------------*- C++ -*----------------------------------*\
| =========                 |                                                 |
| \\      /  F ield         | OpenFOAM: The Open Source CFD Toolbox           |
|  \\    /   O peration     | Version:  2406                                  |
|   \\  /    A nd           | Website:  www.openfoam.com                      |
|    \\/     M anipulation  |                                                 |
\*---------------------------------------------------------------------------*/
FoamFile
{
    version     2.0;
    format      ascii;
    arch        "LSB;label=32;scalar=64";
    class       faceSet;
    location    "constant/polyMesh/sets";
    object      skewFaces;
}
// * * * * * * * * * * * * * * * * * * * * * * * * * * * * * * * * * * * * * //


1106
(
32768
32769
10241
32770
32771
32772
10244
32773
32774
32775
10247
32776
32777
32778
10250
32779
32780
32781
10253
32782
32783
32784
10256
32785
32786
32787
10259
32788
32789
32790
10262
32791
32792
32793
10265
32794
32795
32796
10268
32797
32798
32799
10271
32800
32801
32802
10274
32803
32804
32805
10277
32806
32807
32808
10280
32809
32810
10283
10286
10289
10292
10295
10298
10301
32832
10304
32833
32834
32835
10307
32836
32837
32838
10310
32839
32840
32841
10313
32842
32843
32844
10316
32845
32846
32847
32848
10320
32849
32850
32851
10323
32852
32853
32854
10326
32855
32856
32857
10329
32858
32859
32860
10332
32861
32862
32863
10335
32864
32865
32866
10338
32867
32868
32869
10341
32870
32871
32872
10344
32873
32874
32875
10347
32876
32877
32878
10350
32879
32880
32881
10353
32882
32883
32884
10356
32885
32886
32887
10359
32888
32889
32890
10362
32891
32892
32893
10365
32894
32895
32896
10368
32897
10371
10374
10377
10380
10383
10386
10389
10392
10395
10398
10401
10404
10407
10410
10413
10416
10419
10422
32953
10425
32954
32955
32956
10428
32957
32958
32959
10431
32960
32961
32962
10434
32963
32964
32965
10437
32966
32967
32968
10440
32969
32970
32971
10443
32972
32973
32974
10446
32975
32976
32977
10449
32978
32979
32980
10452
32981
32982
32983
32984
32985
32986
32987
32988
32989
32990
32991
32992
32993
32994
32995
32996
32997
32998
32999
33000
33001
33002
33003
33004
33005
33006
33007
33008
33009
33010
33011
33012
33013
33014
10540
10543
10546
33075
33076
33077
10549
33078
33079
33080
10552
33081
33082
33083
10555
33084
33085
33086
10558
33087
33088
33089
10561
33090
33091
33092
10564
33093
33094
33095
10567
33096
33097
33098
10570
33099
33100
33101
10573
33102
33103
33104
10576
33105
33106
33107
33108
33109
33110
33111
33112
33113
33114
33115
33116
33117
33118
33119
33120
33121
33122
33123
33124
33125
33126
33127
10716
10719
10722
10725
10728
10731
10734
10737
10740
10743
10746
10749
10752
10755
10861
10864
10867
10870
10873
10876
10879
10882
10885
10888
10891
10894
10897
10900
10903
10906
10909
10912
10915
10918
10921
10924
10927
10930
10933
10936
10939
10942
10945
10948
10951
10954
10957
10960
10963
10966
10969
10972
10975
11012
11015
11018
11021
11024
11027
11030
11033
11036
11039
11042
11045
11048
11051
11054
11057
11060
11063
11066
11069
11072
11075
11078
11081
11084
11087
11090
11093
11096
11099
11102
11105
11108
11111
11114
11117
11120
11123
11126
11129
11132
11135
11138
11141
11144
11147
11150
11153
11156
11159
11162
11197
11200
11203
11206
11209
11212
11215
11218
11221
11224
11227
11230
11233
11236
11239
11242
11245
11248
11251
11254
11257
11260
11263
11266
11269
11272
11275
11278
11281
9280
9282
9284
9286
9288
9290
9292
9294
9296
9298
9300
9302
9304
9306
9308
9310
9312
9314
9316
9318
9320
9322
9324
9326
9328
9330
9332
9334
9336
9338
9340
9342
9344
9346
9348
9350
9352
9354
9356
9358
9360
9362
9364
9366
9368
9370
9372
9374
9376
9378
9380
9382
9384
9386
9388
9390
9392
9394
9396
9398
9400
9402
9404
9406
9408
9410
9412
9414
9416
9418
9420
9422
9424
9426
9428
9430
9432
9434
9436
9438
9440
9442
9444
9447
9450
9453
9456
9459
9462
9465
9468
9471
9474
9477
48390
48392
9480
9483
48396
9486
9489
9492
9495
9498
9501
9504
9507
9510
9513
9516
9519
9522
9525
9528
9531
9534
9537
9540
9543
9546
9549
9552
9555
9558
9561
48474
9564
9567
9570
9573
9576
9579
9582
9664
9667
9670
9673
9676
9679
9682
9685
9688
9691
9694
9697
9700
9703
9706
9709
9712
9801
9804
9807
9810
9813
9816
9819
9822
9825
9828
9831
9834
9837
9840
9843
9846
9849
9852
9855
9858
9861
9864
9867
9870
9873
9876
9879
26300
26301
26302
26303
26304
26305
26306
26307
26308
26309
26310
26311
26312
26313
26314
26315
26316
26317
26318
26319
26320
9937
26321
26322
26323
9940
26324
26325
26326
9943
26327
26328
26329
9946
26330
26331
26332
9949
26333
26334
26335
9952
26336
9955
9958
9961
9964
9967
9970
9973
9976
9979
9982
32510
32511
32512
9985
32513
32514
32515
9988
32516
32517
32518
9991
32519
32520
26377
32521
9994
26378
32522
26379
32523
26380
32524
9997
26381
32525
26382
32526
26383
32527
10000
26384
32528
26385
32529
26386
32530
10003
26387
32531
26388
32532
26389
32533
10006
26390
32534
26391
32535
26392
32536
10009
26393
32537
26394
32538
26395
32539
10012
26396
32540
26397
32541
26398
32542
10015
26399
32543
26400
32544
26401
32545
10018
26402
32546
26403
32547
26404
32548
10021
26405
32549
26406
32550
26407
32551
10024
26408
32552
26409
32553
26410
32554
10027
26411
32555
26412
32556
26413
32557
10030
26414
32558
26415
32559
26416
32560
10033
26417
32561
26418
32562
26419
32563
10036
26420
32564
26421
32565
26422
32566
10039
26423
32567
26424
32568
26425
32569
10042
26426
32570
26427
32571
26428
32572
10045
26429
32573
26430
32574
26431
32575
10048
26432
32576
26433
32577
26434
32578
10051
26435
32579
26436
32580
26437
32581
10054
26438
32582
26439
32583
26440
32584
10057
26441
32585
26442
32586
26443
32587
10060
26444
32588
26445
32589
26446
32590
10063
26447
32591
26448
32592
26449
32593
10066
26450
32594
26451
32595
26452
32596
10069
26453
32597
26454
32598
10072
10075
10078
10081
10084
10087
10090
10093
10096
10099
10100
32629
32630
10103
32631
32632
32633
10106
32634
32635
32636
10109
32637
32638
32639
10112
32640
26497
32641
26498
32642
10115
26499
32643
26500
32644
26501
32645
10118
26502
32646
26503
32647
26504
32648
10121
26505
32649
26506
32650
26507
32651
10124
26508
32652
26509
32653
26510
32654
10127
26511
32655
26512
32656
26513
32657
10130
26514
32658
26515
32659
26516
32660
10133
26517
32661
26518
32662
26519
32663
10136
26520
32664
26521
32665
26522
32666
10139
26523
32667
26524
32668
26525
32669
10142
26526
32670
26527
32671
26528
32672
10145
26529
32673
26530
32674
26531
32675
10148
26532
32676
26533
32677
32678
26534
32679
10151
26535
32680
26536
32681
26537
32682
10154
26538
32683
26539
32684
26540
32685
10157
26541
32686
26542
32687
26543
32688
10160
26544
32689
26545
32690
26546
32691
10163
26547
32692
26548
32693
26549
32694
10166
26550
32695
26551
32696
26552
32697
10169
26553
32698
26554
32699
26555
32700
10172
26556
32701
26557
32702
26558
32703
10175
26559
32704
26560
32705
26561
32706
10178
26562
32707
26563
32708
26564
32709
10181
26565
32710
26566
32711
26567
32712
10184
26568
32713
26569
32714
26570
32715
10187
26571
32716
10190
10193
10196
10199
10202
10205
10208
10211
10214
10217
10220
32749
32750
32751
10223
32752
32753
32754
10226
32755
32756
32757
10229
32758
32759
32760
10232
32761
32762
32763
10235
32764
32765
32766
10238
32767
)


// ************************************************************************* //
