/*--------------------------------*- C++ -*----------------------------------*\
| =========                 |                                                 |
| \\      /  F ield         | OpenFOAM: The Open Source CFD Toolbox           |
|  \\    /   O peration     | Version:  2406                                  |
|   \\  /    A nd           | Website:  www.openfoam.com                      |
|    \\/     M anipulation  |                                                 |
\*---------------------------------------------------------------------------*/
FoamFile
{
    version     2.0;
    format      ascii;
    arch        "LSB;label=32;scalar=64";
    class       faceSet;
    location    "constant/polyMesh/sets";
    object      nonOrthoFaces;
}
// * * * * * * * * * * * * * * * * * * * * * * * * * * * * * * * * * * * * * //


1688
(
16384
12290
16387
12293
16390
12296
16393
12299
16396
12302
16399
12305
16402
12308
16405
24598
12311
16408
24601
12314
16411
24604
12317
16414
24607
12320
16417
24610
12323
16420
24613
12326
16423
24616
12329
16426
24619
12332
16429
24622
12335
16432
24625
12338
16435
24628
12341
16438
24631
12344
16441
24634
12347
16444
24637
12350
16447
24640
12353
16450
12356
12359
12362
12365
12368
12371
12374
12377
12380
12383
12386
12389
12392
12395
12398
12401
12404
12407
12410
12413
12416
12419
12422
12425
12428
12431
12434
12437
12440
12443
12446
12449
12452
12455
4287
4289
4291
4293
4295
12488
4297
12491
4299
4301
12494
4303
12497
4305
4307
12500
4309
12503
4311
4313
12506
4315
12509
4317
4319
12512
4321
12515
4323
4325
12518
4327
12521
4329
4331
12524
4333
12527
4335
4337
12530
4339
12533
4341
4343
12536
4345
12539
4347
4349
12542
4351
12545
12548
12551
12554
12557
12560
12563
12566
12569
16666
12572
16669
12575
16672
16675
16678
16681
16684
16687
16690
16693
16696
16699
16702
16705
12610
16708
12613
16711
12616
16714
12619
16717
12622
16720
12625
16723
12628
16726
12631
16729
12634
16732
12637
16735
12640
16738
12643
16741
12646
16744
12649
12652
12655
12658
12661
12664
12667
12670
12673
12676
12679
12682
12685
12688
12690
12692
12695
12730
12733
12736
12739
12742
12745
12748
12751
12754
12757
12760
12763
12766
12769
12772
12775
12778
12781
12784
12787
12790
12793
12796
12799
12802
12805
12808
12811
12814
12817
25108
12820
25111
12823
25114
12826
25117
12829
25120
12832
25123
12835
25126
12838
25129
12841
25132
12844
25135
12847
25138
12850
25141
12853
25144
12856
25147
12859
16956
25150
16958
12862
25153
16961
12865
25156
16964
12868
16967
12871
16970
12874
16973
12877
16976
12880
16979
12883
16982
12886
16985
12889
16988
12892
16991
12896
16994
12899
16997
12902
17000
12905
17003
12908
17006
12911
17009
12914
17012
12917
17015
12920
17018
12923
17021
12926
17024
12929
17027
12932
17030
12935
17033
12938
17036
12941
12944
12947
12950
12953
12956
12959
12962
12965
12968
12971
12974
12977
12980
12983
12986
12989
12992
12995
12998
13001
13004
13007
13010
13013
13016
13019
13022
13025
13028
13031
13034
13037
13040
13043
13046
13049
13052
13055
13058
13061
13064
13067
13070
13073
13076
13079
13082
13085
13088
13091
13094
13097
17214
17217
17220
17223
17226
17229
17232
17235
17238
17241
17244
17247
25456
25459
25462
25465
25468
25471
25474
25477
25480
25483
25486
25489
25492
25495
25498
25501
25504
25507
25510
25513
25516
25519
25522
25525
25528
25531
25534
25537
25540
25543
25546
25549
25552
25555
25558
25561
25564
25567
25570
25573
25576
25579
25582
25585
25588
25591
25594
25597
25600
25603
25606
25609
25612
25615
25618
25621
25624
25627
25630
25633
25636
25639
25642
25645
25648
25651
25654
25657
25660
9347
9349
9351
9353
9355
9357
9359
9361
9363
9365
9367
9369
9371
9373
9375
9470
9473
9476
9479
9482
9485
9488
9491
9494
9497
9500
9503
9506
9509
9512
9515
9518
9521
25906
9524
25909
9527
25912
9530
25915
9533
25918
9536
25921
9539
25924
9542
25927
9545
25930
9548
25933
9551
25936
25939
25942
25945
25948
25951
25954
25957
9574
25960
9577
25963
9580
25966
9583
25969
9586
25972
9589
25975
9592
25978
9595
25981
9598
25984
9601
25987
9604
25990
9607
25993
9610
25996
9613
25999
9616
26002
9619
26005
9622
26008
9625
26011
9628
26014
9631
26017
9634
26020
9637
26023
9640
26026
9643
26029
9646
26032
9649
26035
9652
9655
9658
9661
9664
9667
9670
9673
9676
9679
9682
9685
9688
9691
9694
9697
9700
9703
9706
9709
9712
9715
9718
9721
9724
9727
9730
9733
9736
9739
9742
9745
9748
9751
9754
9757
9760
9763
9766
9769
9772
9775
9778
9781
9784
9786
9789
9792
9795
9798
9801
9804
9807
9810
9813
9816
9819
9822
9825
9828
9831
9834
9837
9840
9843
9846
9849
9852
9855
9858
9861
9864
9867
9870
9873
9876
9879
9882
9885
9888
9891
9894
9897
9900
9903
9906
9909
9912
9915
9918
14017
9921
14020
9924
14023
14026
14029
14032
14035
14038
14041
26331
14044
26334
14047
26338
14050
14053
26342
9959
14056
26346
9962
14059
9965
26350
14062
9968
14065
26354
9971
14068
26358
9974
14071
9977
26362
14074
9980
14077
26366
9983
14080
26370
9986
14083
9989
26374
14086
9992
14089
26378
26382
9998
10001
26386
10004
26390
10007
26394
10010
10013
26398
10016
26402
10019
26406
10022
10025
26410
10028
26414
10031
26418
10034
10037
26422
10040
26426
10043
26430
10046
10049
26434
26438
26442
26446
26450
26454
26458
26462
26466
10084
26470
10087
26474
10090
10093
26478
10096
26482
10099
26486
10102
10105
26490
10108
26494
10111
26498
10114
10117
26502
10120
26506
10123
26510
10126
10129
26514
10132
26518
10135
26522
10138
10141
26526
10144
26530
10147
26534
10150
10153
26538
10156
26542
10159
26546
10162
10165
26550
10168
26554
10171
26558
10174
10177
26562
10180
26566
10183
26570
10186
10189
26574
10192
26578
10195
26582
10198
10201
26586
10204
26590
10209
26594
10212
26598
10215
14312
26602
14314
10218
14317
10221
26606
14320
10224
26610
14323
10227
26614
14326
10230
14329
10233
26618
14332
10236
26622
14335
10239
14338
10242
14341
10245
14344
10248
14347
10251
14350
10254
14353
10257
14356
10260
14359
10263
14362
10266
14365
10269
14368
10272
14371
10275
14374
10278
14377
10281
14380
10284
14383
10287
14386
10290
14389
10293
10296
10299
10302
10305
10308
10311
10314
10317
10320
10323
10326
10329
10332
10335
10338
10341
10344
10347
10350
10353
10356
10359
10362
10365
10368
10371
10374
10377
10380
10383
10386
10389
10392
10395
10398
10401
10404
10407
10410
10413
10416
10418
10421
10424
10427
10430
10433
10436
10439
10442
10445
10448
10451
10454
10457
10460
10463
10466
10469
10472
10475
10478
10481
10484
10487
10490
10493
10496
10499
10502
10505
10508
10511
10514
14612
10517
14614
10520
14617
10523
14620
10526
14623
10529
14626
10532
14629
10535
14632
10538
14635
10541
14638
10544
14641
10547
14644
10550
14647
10553
14650
10556
14653
10559
14656
10562
14659
10565
14662
10568
14665
10571
14668
10574
14671
10577
14674
10580
14677
10583
14680
10586
14683
10589
14686
10592
10595
10598
10601
10604
10607
10610
10613
10616
10619
10622
10625
10628
10630
10633
10636
10639
10642
10645
10648
10651
10654
10657
10660
10663
10666
10669
10672
10675
10678
10681
10684
10687
10690
10693
10696
10699
10702
10705
10708
10711
10714
10717
10720
10723
10726
10729
10732
10735
10738
10741
10744
10747
10750
10753
10756
10759
10762
10765
10768
10771
10774
10777
10780
14908
14911
10815
14914
10818
14917
10821
14920
10824
14923
10827
14926
10830
14929
10833
14932
10836
14935
14938
10842
14941
10845
14944
10848
14947
10851
14950
10854
14953
10857
14956
10860
14959
10863
14962
10866
14965
10869
14968
10872
14971
10875
14974
10878
14977
10881
14980
10884
10887
10890
10893
10896
10899
10902
10905
10940
10943
10946
10949
10952
10955
10958
10961
10964
10967
10970
10973
10976
10979
10982
10985
10988
10991
10994
10997
11000
11003
11006
11009
11012
11015
11018
11021
11024
11027
11030
11033
11036
11039
11042
11045
11048
11059
11062
11065
11068
11071
11074
11077
11080
11083
11086
11089
11092
11095
11098
15197
11101
15199
11104
15202
11107
15205
11110
15208
11113
15211
11116
15214
11119
15217
11122
15220
11125
15223
11128
15226
11131
15229
11134
15232
11137
15235
11140
15238
11143
15241
11146
15244
11149
15247
11152
15250
11155
15253
11158
15256
11161
15259
11164
15262
11167
15265
11170
15268
11173
15271
11176
15274
11179
11182
11185
11188
11191
11194
11197
11200
11203
11206
11209
11212
11215
11218
11221
11224
11227
11230
11233
11236
11239
11242
11245
11248
11251
11254
11256
11259
11262
11265
11268
11271
11274
11277
11280
11283
11286
11289
11292
11295
11298
11301
11304
11307
11310
11313
11316
11319
11322
11325
11328
11331
11334
11337
11340
11343
11346
11349
11352
11355
11358
11361
11364
11367
11370
11373
11376
11379
11382
11385
11388
11391
11394
15491
15493
11397
15496
11400
15499
11403
15502
11406
15505
11409
15508
11412
15511
11415
15514
11418
15517
11421
15520
11424
15523
11427
15526
11430
15529
11433
15532
11436
15535
11439
15538
11442
15541
11445
15544
11448
15547
11451
15550
11454
15553
11457
15556
15559
11463
15562
11466
15565
11469
15568
11472
11475
11478
11481
11484
11487
11490
11493
11496
11499
11502
11505
11508
11511
11514
11517
11520
11523
11526
11529
11532
11535
11538
11541
11544
11547
11550
11553
11556
11559
11562
11565
11568
11571
11574
11577
11580
11583
11586
11589
11592
11595
11598
11601
11604
11607
11610
11613
11616
11619
11654
11657
11660
11663
11665
11667
11670
11673
11676
11679
11682
11685
11688
15787
11691
15790
11694
15793
11697
15796
11700
15799
11703
15802
11706
15805
11709
15808
11712
15811
11715
15814
11718
15817
11721
15820
11724
15823
11727
15826
11730
15829
11733
15832
11736
15835
11739
15838
15841
15844
15847
15850
15853
15856
15859
15862
11774
11777
11780
11783
11786
11789
11792
11795
11798
11801
11804
11807
11810
11813
11816
11819
11822
11825
11828
11831
11834
11837
11840
11843
11846
11849
11852
11855
11858
11861
11864
11867
11894
11897
11900
11903
11906
11909
11912
11915
11918
11921
11924
11927
11930
11933
11936
11939
11942
11945
11948
11951
11954
11957
11960
11963
11966
11969
11972
11975
11978
16076
11981
16078
11984
16081
11987
16084
11990
16087
48856
11993
16090
48860
11996
16093
48863
11999
16096
48866
12002
16099
48868
12005
16102
12008
16105
12011
16108
48878
12014
16111
48880
12017
48882
16114
12020
48885
16117
12023
48888
16120
12026
16123
12029
16126
12032
16129
12035
16132
12038
16135
12041
16138
12044
16141
12047
16144
12050
16147
12053
48918
16150
12056
16153
12059
16156
12062
12065
12068
12071
12074
12075
12077
12080
12083
12086
12089
12092
12095
12098
12101
12104
12107
12110
12113
12116
12119
12122
12125
12128
12131
12134
49000
12137
49003
12140
49007
12143
12146
49013
12149
12152
49018
12155
12158
12161
12164
12167
12170
49036
12173
12176
12179
12182
12185
12188
12191
12194
12197
12200
12203
49068
12206
12209
12212
12215
12218
12221
12224
12227
12230
12233
12236
12239
12242
12245
12248
12251
12254
12257
12260
12263
12266
12269
12272
16370
12275
16372
12278
16375
12281
16378
12284
16381
12287
)


// ************************************************************************* //
