/*--------------------------------*- C++ -*----------------------------------*\
| =========                 |                                                 |
| \\      /  F ield         | OpenFOAM: The Open Source CFD Toolbox           |
|  \\    /   O peration     | Version:  2406                                  |
|   \\  /    A nd           | Website:  www.openfoam.com                      |
|    \\/     M anipulation  |                                                 |
\*---------------------------------------------------------------------------*/
FoamFile
{
    version     2.0;
    format      ascii;
    arch        "LSB;label=32;scalar=64";
    class       faceSet;
    location    "constant/polyMesh/sets";
    object      skewFaces;
}
// * * * * * * * * * * * * * * * * * * * * * * * * * * * * * * * * * * * * * //


995
(
10240
10243
10246
10249
10252
10255
10258
10261
10264
10267
10270
10273
10276
10279
10282
10285
10288
10291
10294
10297
10300
10303
10306
10309
10312
10315
10318
10321
10324
10327
10330
10333
10336
10339
10342
10345
10348
10351
10354
10357
10360
10363
10366
10369
10372
10375
10378
10381
10384
10387
10390
10393
10396
10399
10402
10405
10408
10411
10414
10417
10419
10422
10425
10428
10431
10434
10437
10440
10443
10446
10449
10452
10455
10458
10461
10464
10467
10470
10473
10476
10479
10482
10485
10488
10491
10494
10497
10500
10503
10506
10509
10512
10515
10518
10521
10524
10527
10530
10533
26917
26918
26919
10536
26920
26921
26922
10539
26923
26924
26925
10542
26926
26927
26928
10545
26929
26930
26931
10548
26932
26933
26934
10551
26935
26936
26937
10554
26938
26939
26940
10557
26941
26942
26943
10560
26944
26945
26946
10563
26947
26948
26949
10566
26950
26951
26952
10569
26953
26954
26955
10572
26956
26957
26958
10575
26959
26960
26961
10578
26962
26963
26964
10581
26965
26966
26967
10584
26968
26969
26970
10587
26971
26972
26973
10590
26974
26975
26976
10593
26977
26978
26979
10596
26980
10599
10602
10605
27012
27013
27014
10631
27015
27016
27017
10634
27018
27019
27020
10637
27021
27022
27023
10640
27024
27025
27026
10643
27027
27028
27029
10646
27030
27031
27032
10649
27033
27034
27035
10652
27036
27037
27038
10655
27039
27040
27041
10658
27042
27043
27044
10661
27045
27046
27047
10664
27048
27049
27050
10667
27051
27052
27053
10670
27054
27055
27056
10673
27057
27058
27059
10676
27060
27061
27062
10679
27063
27064
27065
10682
27066
27067
27068
10685
27069
27070
27071
10688
27072
27073
27074
10691
27075
27076
27077
10694
27078
27079
27080
10697
27081
27082
27083
10700
27084
27085
27086
10703
27087
27088
27089
10706
27090
27091
27092
10709
27093
27094
27095
10712
27096
27097
27098
10715
27099
10718
10721
10724
27132
27133
27134
27135
27136
27137
27138
27139
27140
27141
27142
27143
27144
27145
27146
27147
27148
27149
27150
27151
33295
27152
33296
27153
33297
27154
33298
27155
33299
27156
33300
27157
33301
27158
33302
27159
33303
27160
33304
27161
33305
27162
33306
27163
33307
27164
33308
27165
33309
27166
33310
27167
33311
27168
33312
27169
33313
27170
33314
27171
33315
27172
33316
27173
33317
27174
33318
27175
33319
27176
33320
27177
33321
27178
33322
27179
33323
27180
33324
27181
33325
27182
33326
27183
33327
27184
33328
27185
33329
27186
33330
27187
33331
27188
33332
27189
33333
27190
33334
27191
33335
27192
33336
27193
33337
27194
33338
27195
33339
27196
33340
27197
33341
27198
33342
27199
33343
27200
33344
27201
33345
27202
33346
27203
33347
27204
33348
27205
33349
27206
33350
27207
33351
27208
33352
27209
33353
33354
33355
33356
33357
33358
33359
33360
33361
33362
33363
33364
33365
33366
33367
33368
10840
33369
33370
33371
33372
33373
33374
27260
27261
27262
27263
27264
27265
27266
27267
27268
27269
27270
33415
27271
33416
27272
33417
27273
33418
27274
33419
27275
33420
27276
33421
27277
33422
27278
33423
27279
33424
27280
33425
27281
33426
27282
33427
27283
33428
27284
33429
27285
33430
27286
33431
27287
33432
27288
33433
27289
33434
27290
33435
27291
33436
27292
33437
27293
33438
27294
33439
27295
33440
27296
33441
27297
33442
27298
33443
27299
33444
27300
33445
27301
33446
27302
33447
27303
33448
27304
33449
27305
33450
27306
33451
27307
33452
33453
33454
33455
33456
33457
33458
33459
33460
33461
33462
33463
33464
33465
33466
33467
33468
33469
33470
33471
33472
33473
33474
33475
33476
33477
33478
33479
33480
33481
33482
33483
33484
33485
33486
33487
33488
33489
33490
33491
33492
10989
10992
10995
10998
27384
11001
27385
27386
27387
11004
27388
27389
27390
33535
11007
27391
33536
27392
33537
27393
33538
11010
27394
33539
27395
33540
27396
33541
11013
27397
33542
27398
33543
27399
33544
11016
27400
33545
27401
33546
27402
33547
11019
27403
33548
27404
33549
27405
33550
11022
27406
33551
27407
33552
27408
33553
11025
27409
33554
27410
33555
27411
33556
11028
27412
33557
27413
33558
27414
33559
11031
27415
33560
27416
33561
27417
33562
11034
27418
33563
27419
33564
27420
33565
11037
27421
33566
33567
33568
11040
33569
33570
33571
11043
33572
33573
33574
11046
33575
33576
33577
11049
33578
33579
33580
33581
33582
33583
33584
33585
33586
33587
33588
33589
33590
33591
33592
33593
33594
33595
33596
33597
33598
33628
33629
33630
33631
33632
33633
33634
33635
33636
33637
33638
33639
33640
33641
33642
33643
33644
33645
11120
11123
11126
11129
11132
11135
11138
11141
11144
11147
11150
11153
11156
11159
11162
11165
11168
11171
11174
11177
11180
11183
11186
11189
11192
11195
11198
11201
11204
11207
11210
11213
11216
11219
11222
11225
11228
11231
11234
11237
11240
11243
11246
11249
11252
11260
11263
11266
11269
11272
11275
11278
11281
11284
11287
11290
11293
11296
11299
11302
11305
11308
11311
11314
11317
11320
11323
11326
11329
11332
11335
11338
11341
11344
11347
11350
11353
11356
11359
11362
11365
11368
11371
11374
11377
11380
11383
11386
11389
11392
11461
11464
11467
11470
11473
11476
11479
11482
11485
11488
11491
11494
11497
9573
9575
9578
9581
9584
9587
9590
9593
9596
9599
9602
9605
9608
9611
9614
9617
9620
9623
9626
9629
9632
9635
9638
9641
9644
9647
9650
9653
9656
9659
9662
9665
9668
9671
9674
9677
9680
9683
9686
9689
9692
9695
9698
9701
9704
9707
9710
9713
9716
9719
9722
9725
9728
9731
9734
9737
9740
9743
9746
9749
9752
9755
9758
9761
9764
9767
9787
9790
9793
9796
9799
9802
9805
9808
9811
9814
9817
9820
9823
9826
9829
9832
9835
9838
9841
9844
9847
9850
9853
9856
9859
9862
9865
9868
9871
9874
9877
9880
9883
9886
9889
48855
9972
9975
9978
9981
9984
9987
9990
9993
9996
9999
10002
10005
10008
48923
10011
49002
49006
10103
10106
10109
10112
10115
10118
10121
10124
10127
10130
10133
10136
10139
10142
10145
10148
10151
10154
10157
49070
10160
10163
10166
10169
10172
10175
10178
10181
49094
10184
10187
10190
10193
10196
10199
10202
10205
10231
10234
10237
)


// ************************************************************************* //
