/*--------------------------------*- C++ -*----------------------------------*\
| =========                 |                                                 |
| \\      /  F ield         | OpenFOAM: The Open Source CFD Toolbox           |
|  \\    /   O peration     | Version:  2406                                  |
|   \\  /    A nd           | Website:  www.openfoam.com                      |
|    \\/     M anipulation  |                                                 |
\*---------------------------------------------------------------------------*/
FoamFile
{
    version     2.0;
    format      ascii;
    arch        "LSB;label=32;scalar=64";
    class       volScalarField;
    location    "0.08";
    object      T;
}
// * * * * * * * * * * * * * * * * * * * * * * * * * * * * * * * * * * * * * //

dimensions      [0 0 0 1 0 0 0];

internalField   nonuniform List<scalar> 
13948
(
300.689
294.776
293.193
292.986
292.934
292.899
292.877
292.821
292.746
292.683
292.641
292.608
292.574
292.543
292.527
292.537
292.587
292.691
292.835
292.958
293.006
293.012
293.005
292.99
292.985
292.993
293.02
293.073
293.132
293.155
293.157
293.138
293.094
293.041
293.008
293.001
293
293
293
293
293
293
293
293
293
293
293
293
293
293
293
293
293
293
293
293
293
293
293
293
293
293
293
293
293
293
293
293
293
293
293
293
293
293
293
293
293
293
293
293
293
293
293
293
293
293
293
293
293
293
293
293
293
293
293
293
293
293
293
309.288
299.469
294.667
293.232
292.977
292.918
292.884
292.861
292.809
292.738
292.68
292.642
292.612
292.581
292.554
292.54
292.551
292.601
292.703
292.842
292.961
293.007
293.013
293.007
292.992
292.988
292.996
293.022
293.075
293.132
293.153
293.154
293.136
293.092
293.04
293.008
293.001
293
293
293
293
293
293
293
293
293
293
293
293
293
293
293
293
293
293
293
293
293
293
293
293
293
293
293
293
293
293
293
293
293
293
293
293
293
293
293
293
293
293
293
293
293
293
293
293
293
293
293
293
293
293
293
293
293
293
293
293
293
293
293
320.538
320.534
319.881
318.628
316.746
313.945
310.254
306.033
301.512
298.491
295.432
294
293.17
292.998
292.93
292.884
292.852
292.797
292.73
292.675
292.64
292.614
292.586
292.561
292.55
292.562
292.612
292.713
292.849
292.964
293.008
293.014
293.007
292.994
292.99
292.998
293.024
293.076
293.132
293.151
293.152
293.134
293.09
293.039
293.008
293.001
293
293
293
293
293
293
293
293
293
293
293
293
293
293
293
293
293
293
293
293
293
293
293
293
293
293
293
293
293
293
293
293
293
293
293
293
293
293
293
293
293
293
293
293
293
293
293
293
293
293
293
293
293
293
293
293
293
293
293
293
293
293
293
325.513
315.594
292.15
279.811
285.53
296.138
304.685
308.051
309.291
309.591
309.187
308.051
306.68
305.208
304.081
303.524
303.357
303.595
303.983
304.271
304.369
304.322
304.129
303.751
303.52
303.489
303.784
304.436
305.521
306.619
307.613
308.309
308.622
308.668
308.439
307.653
306.339
304.534
302.306
299.797
297.45
295.246
294.266
293.504
293.411
293.073
292.978
292.934
292.887
292.845
292.786
292.72
292.67
292.639
292.615
292.59
292.569
292.559
292.573
292.624
292.724
292.858
292.968
293.009
293.015
293.008
292.995
292.992
293
293.027
293.079
293.132
293.15
293.151
293.131
293.088
293.037
293.007
293
293
293
293
293
293
293
293
293
293
293
293
293
293
293
293
293
293
293
293
293
293
293
293
293
293
293
293
293
293
293
293
293
293
293
293
293
293
293
293
293
293
293
293
293
293
293
293
293
293
293
293
293
293
293
293
293
293
293
293
293
293
293
293
312.968
318.06
320.496
311.804
292.008
279.031
285.735
300.009
307.6
309.154
308.576
307.133
305.272
303.445
301.911
300.185
298.477
297.264
296.292
295.7
295.466
295.46
295.478
295.629
295.976
296.27
296.472
296.734
297.121
297.58
298.241
298.923
299.549
299.954
300.071
299.982
299.681
299.073
298.205
297.137
295.995
294.78
293.856
293.109
292.855
292.696
292.897
292.929
292.961
292.939
292.888
292.837
292.773
292.709
292.663
292.636
292.616
292.594
292.575
292.568
292.584
292.636
292.736
292.867
292.972
293.01
293.015
293.009
292.996
292.994
293.002
293.03
293.081
293.133
293.149
293.149
293.129
293.085
293.036
293.007
293
293
293
293
293
293
293
293
293
293
293
293
293
293
293
293
293
293
293
293
293
293
293
293
293
293
293
293
293
293
293
293
293
293
293
293
293
293
293
293
293
293
293
293
293
293
293
293
293
293
293
293
293
293
293
293
293
293
293
293
293
293
293
293
305.603
307.122
310.042
313.108
309.079
293.949
282.808
287.25
302.571
309.256
307.895
305.947
303.234
301.126
299.495
298.235
296.937
295.45
294.153
293.085
292.246
291.751
291.549
291.493
291.598
291.934
292.449
292.921
293.33
293.765
294.184
294.599
295.004
295.381
295.632
295.72
295.677
295.509
295.165
294.668
294.094
293.579
293.083
292.767
292.558
292.527
292.533
292.748
292.872
292.933
292.926
292.883
292.826
292.759
292.697
292.657
292.634
292.617
292.598
292.582
292.577
292.595
292.65
292.75
292.878
292.977
293.011
293.016
293.009
292.997
292.995
293.005
293.033
293.084
293.134
293.148
293.147
293.126
293.083
293.034
293.006
293
293
293
293
293
293
293
293
293
293
293
293
293
293
293
293
293
293
293
293
293
293
293
293
293
293
293
293
293
293
293
293
293
293
293
293
293
293
293
293
293
293
293
293
293
293
293
293
293
293
293
293
293
293
293
293
293
293
293
293
293
293
293
293
302.814
302.2
302.063
302.946
302.934
297.164
293.975
290.919
296.638
302.271
301.427
299.723
298.17
296.97
296.058
295.297
294.525
293.537
292.559
291.799
291.124
290.611
290.298
290.172
290.241
290.486
290.901
291.356
291.771
292.154
292.508
292.858
293.189
293.491
293.704
293.795
293.799
293.728
293.565
293.345
293.096
292.866
292.663
292.535
292.487
292.503
292.547
292.722
292.848
292.908
292.905
292.869
292.809
292.742
292.685
292.65
292.631
292.617
292.601
292.588
292.586
292.607
292.665
292.765
292.889
292.983
293.012
293.017
293.009
292.998
292.997
293.007
293.036
293.088
293.135
293.148
293.146
293.124
293.079
293.031
293.006
293
293
293
293
293
293
293
293
293
293
293
293
293
293
293
293
293
293
293
293
293
293
293
293
293
293
293
293
293
293
293
293
293
293
293
293
293
293
293
293
293
293
293
293
293
293
293
293
293
293
293
293
293
293
293
293
293
293
293
293
293
293
293
293
300.728
299.115
296.831
294.976
294.497
291.47
289.665
288.213
288.297
291.881
293.255
293.323
293.547
293.569
293.461
293.259
292.93
292.36
291.693
291.191
290.755
290.385
290.152
290.039
290.017
290.165
290.515
290.893
291.256
291.597
291.918
292.237
292.535
292.787
292.964
293.03
293.024
292.974
292.921
292.856
292.782
292.707
292.634
292.585
292.567
292.578
292.615
292.754
292.854
292.885
292.878
292.843
292.785
292.723
292.672
292.644
292.629
292.618
292.605
292.594
292.596
292.62
292.681
292.782
292.902
292.988
293.013
293.017
293.01
292.999
292.999
293.01
293.04
293.092
293.136
293.147
293.144
293.12
293.076
293.029
293.005
293
293
293
293
293
293
293
293
293
293
293
293
293
293
293
293
293
293
293
293
293
293
293
293
293
293
293
293
293
293
293
293
293
293
293
293
293
293
293
293
293
293
293
293
293
293
293
293
293
293
293
293
293
293
293
293
293
293
293
293
293
293
293
293
298.993
297.407
294.757
291.488
288.823
286.348
284.77
283.538
283.298
285.64
287.859
289.27
290.576
291.428
291.906
292.104
292.099
291.844
291.391
291.011
290.694
290.408
290.217
290.11
290.093
290.205
290.472
290.842
291.191
291.537
291.859
292.135
292.366
292.553
292.692
292.758
292.768
292.75
292.716
292.692
292.684
292.683
292.673
292.666
292.668
292.678
292.703
292.802
292.855
292.865
292.85
292.812
292.757
292.702
292.66
292.638
292.628
292.619
292.609
292.601
292.606
292.634
292.699
292.8
292.916
292.994
293.015
293.018
293.01
293
293.002
293.013
293.045
293.096
293.137
293.146
293.142
293.117
293.071
293.026
293.004
293
293
293
293
293
293
293
293
293
293
293
293
293
293
293
293
293
293
293
293
293
293
293
293
293
293
293
293
293
293
293
293
293
293
293
293
293
293
293
293
293
293
293
293
293
293
293
293
293
293
293
293
293
293
293
293
293
293
293
293
293
293
293
293
297.573
296.29
294.17
291.329
288.232
285.524
283.516
282.265
282.281
283.818
286.031
287.782
289.314
290.463
291.218
291.635
291.792
291.719
291.448
291.119
290.832
290.583
290.422
290.328
290.326
290.419
290.61
290.937
291.271
291.593
291.884
292.132
292.333
292.49
292.604
292.686
292.718
292.723
292.714
292.705
292.703
292.71
292.72
292.728
292.737
292.748
292.776
292.834
292.854
292.846
292.819
292.777
292.727
292.68
292.648
292.633
292.627
292.621
292.613
292.609
292.617
292.65
292.718
292.82
292.93
292.999
293.016
293.019
293.01
293.001
293.004
293.017
293.05
293.101
293.138
293.146
293.139
293.113
293.067
293.023
293.003
293
293
293
293
293
293
293
293
293
293
293
293
293
293
293
293
293
293
293
293
293
293
293
293
293
293
293
293
293
293
293
293
293
293
293
293
293
293
293
293
293
293
293
293
293
293
293
293
293
293
293
293
293
293
293
293
293
293
293
293
293
293
293
293
296.463
295.436
293.874
291.724
289.182
286.851
284.921
283.817
283.632
284.509
286.242
287.72
289.033
290.149
290.963
291.463
291.718
291.765
291.623
291.366
291.136
290.932
290.769
290.682
290.668
290.73
290.862
291.114
291.397
291.66
291.907
292.137
292.328
292.476
292.586
292.667
292.727
292.756
292.766
292.768
292.767
292.766
292.769
292.773
292.782
292.794
292.818
292.848
292.843
292.816
292.78
292.739
292.696
292.66
292.637
292.629
292.627
292.623
292.618
292.617
292.63
292.668
292.74
292.842
292.945
293.005
293.018
293.019
293.01
293.002
293.006
293.021
293.056
293.107
293.138
293.145
293.137
293.108
293.061
293.02
293.003
293
293
293
293
293
293
293
293
293
293
293
293
293
293
293
293
293
293
293
293
293
293
293
293
293
293
293
293
293
293
293
293
293
293
293
293
293
293
293
293
293
293
293
293
293
293
293
293
293
293
293
293
293
293
293
293
293
293
293
293
293
293
293
293
295.633
294.807
293.651
292.168
290.462
288.757
287.281
286.388
286.063
286.415
287.432
288.439
289.388
290.271
290.946
291.413
291.687
291.8
291.75
291.584
291.399
291.232
291.084
291.002
290.979
291.013
291.098
291.265
291.48
291.692
291.895
292.09
292.264
292.409
292.527
292.62
292.694
292.749
292.792
292.815
292.818
292.809
292.802
292.802
292.807
292.818
292.832
292.838
292.811
292.775
292.741
292.704
292.668
292.641
292.628
292.627
292.628
292.627
292.624
292.627
292.644
292.688
292.764
292.865
292.96
293.01
293.02
293.019
293.01
293.003
293.009
293.025
293.063
293.112
293.139
293.144
293.134
293.103
293.056
293.017
293.002
293
293
293
293
293
293
293
293
293
293
293
293
293
293
293
293
293
293
293
293
293
293
293
293
293
293
293
293
293
293
293
293
293
293
293
293
293
293
293
293
293
293
293
293
293
293
293
293
293
293
293
293
293
293
293
293
293
293
293
293
293
293
293
293
295.048
294.384
293.524
292.493
291.375
290.253
289.304
288.655
288.359
288.418
288.878
289.518
290.087
290.648
291.102
291.428
291.641
291.753
291.745
291.649
291.512
291.397
291.288
291.222
291.198
291.21
291.253
291.347
291.498
291.658
291.809
291.953
292.096
292.233
292.358
292.47
292.568
292.649
292.707
292.744
292.768
292.782
292.786
292.789
292.795
292.802
292.806
292.79
292.758
292.729
292.7
292.669
292.641
292.625
292.621
292.625
292.63
292.631
292.631
292.638
292.662
292.711
292.79
292.889
292.974
293.014
293.022
293.02
293.01
293.005
293.012
293.031
293.07
293.118
293.14
293.143
293.13
293.097
293.049
293.014
293.001
293
293
293
293
293
293
293
293
293
293
293
293
293
293
293
293
293
293
293
293
293
293
293
293
293
293
293
293
293
293
293
293
293
293
293
293
293
293
293
293
293
293
293
293
293
293
293
293
293
293
293
293
293
293
293
293
293
293
293
293
293
293
293
293
294.659
294.12
293.478
292.743
291.974
291.238
290.618
290.164
289.927
289.874
290.04
290.404
290.725
291.05
291.341
291.536
291.657
291.716
291.705
291.643
291.555
291.474
291.401
291.351
291.326
291.325
291.34
291.386
291.487
291.603
291.711
291.817
291.928
292.044
292.159
292.268
292.368
292.456
292.529
292.585
292.628
292.658
292.682
292.701
292.715
292.725
292.727
292.718
292.701
292.684
292.662
292.637
292.618
292.612
292.616
292.626
292.634
292.638
292.641
292.653
292.682
292.737
292.818
292.913
292.988
293.017
293.024
293.019
293.01
293.008
293.015
293.037
293.079
293.124
293.14
293.141
293.126
293.09
293.043
293.01
293.001
293
293
293
293
293
293
293
293
293
293
293
293
293
293
293
293
293
293
293
293
293
293
293
293
293
293
293
293
293
293
293
293
293
293
293
293
293
293
293
293
293
293
293
293
293
293
293
293
293
293
293
293
293
293
293
293
293
293
293
293
293
293
293
293
294.427
293.976
293.483
292.95
292.405
291.897
291.46
291.132
290.933
290.853
290.88
291.035
291.214
291.382
291.55
291.671
291.735
291.755
291.729
291.676
291.616
291.548
291.491
291.441
291.405
291.39
291.39
291.409
291.471
291.563
291.657
291.752
291.85
291.948
292.044
292.134
292.216
292.289
292.355
292.413
292.466
292.513
292.553
292.583
292.607
292.626
292.64
292.651
292.651
292.641
292.622
292.605
292.598
292.603
292.616
292.631
292.641
292.646
292.653
292.67
292.705
292.765
292.849
292.938
293.001
293.021
293.025
293.019
293.01
293.01
293.019
293.044
293.088
293.129
293.141
293.14
293.121
293.082
293.036
293.008
293.001
293
293
293
293
293
293
293
293
293
293
293
293
293
293
293
293
293
293
293
293
293
293
293
293
293
293
293
293
293
293
293
293
293
293
293
293
293
293
293
293
293
293
293
293
293
293
293
293
293
293
293
293
293
293
293
293
293
293
293
293
293
293
293
293
294.299
293.921
293.529
293.129
292.733
292.363
292.044
291.795
291.626
291.537
291.509
291.548
291.633
291.701
291.776
291.835
291.863
291.854
291.818
291.76
291.707
291.637
291.576
291.522
291.477
291.45
291.439
291.442
291.474
291.548
291.633
291.721
291.812
291.901
291.986
292.066
292.138
292.202
292.26
292.314
292.365
292.411
292.454
292.492
292.525
292.551
292.576
292.598
292.601
292.594
292.583
292.578
292.586
292.602
292.622
292.639
292.65
292.657
292.668
292.69
292.732
292.798
292.881
292.962
293.011
293.024
293.026
293.019
293.011
293.013
293.025
293.053
293.098
293.133
293.141
293.137
293.114
293.072
293.028
293.005
293
293
293
293
293
293
293
293
293
293
293
293
293
293
293
293
293
293
293
293
293
293
293
293
293
293
293
293
293
293
293
293
293
293
293
293
293
293
293
293
293
293
293
293
293
293
293
293
293
293
293
293
293
293
293
293
293
293
293
293
293
293
293
293
293
294.211
293.906
293.596
293.288
292.99
292.713
292.472
292.276
292.133
292.042
291.998
291.99
292.013
292.036
292.05
292.063
292.059
292.034
291.986
291.924
291.854
291.776
291.704
291.639
291.582
291.539
291.517
291.51
291.524
291.572
291.643
291.724
291.808
291.889
291.965
292.035
292.099
292.157
292.212
292.263
292.312
292.359
292.402
292.441
292.474
292.5
292.525
292.545
292.549
292.548
292.551
292.563
292.582
292.608
292.633
292.65
292.661
292.67
292.686
292.715
292.764
292.833
292.914
292.984
293.019
293.027
293.027
293.018
293.012
293.017
293.031
293.064
293.108
293.136
293.141
293.133
293.106
293.062
293.021
293.003
293
293
293
293
293
293
293
293
293
293
293
293
293
293
293
293
293
293
293
293
293
293
293
293
293
293
293
293
293
293
293
293
293
293
293
293
293
293
293
293
293
293
293
293
293
293
293
293
293
293
293
293
293
293
293
293
293
293
293
293
293
293
293
293
293
294.117
293.88
293.642
293.411
293.188
292.98
292.796
292.641
292.517
292.429
292.376
292.351
292.346
292.348
292.343
292.332
292.311
292.273
292.219
292.148
292.066
291.976
291.891
291.815
291.746
291.69
291.654
291.638
291.639
291.658
291.703
291.762
291.829
291.898
291.965
292.027
292.086
292.14
292.191
292.24
292.287
292.33
292.368
292.401
292.428
292.449
292.47
292.49
292.503
292.518
292.536
292.562
292.592
292.623
292.648
292.664
292.675
292.688
292.709
292.745
292.8
292.871
292.947
293.003
293.025
293.03
293.026
293.017
293.014
293.021
293.039
293.076
293.119
293.138
293.141
293.128
293.096
293.051
293.015
293.002
293
293
293
293
293
293
293
293
293
293
293
293
293
293
293
293
293
293
293
293
293
293
293
293
293
293
293
293
293
293
293
293
293
293
293
293
293
293
293
293
293
293
293
293
293
293
293
293
293
293
293
293
293
293
293
293
293
293
293
293
293
293
293
293
293
294.008
293.824
293.643
293.471
293.311
293.162
293.026
292.908
292.808
292.728
292.67
292.634
292.616
292.608
292.601
292.589
292.566
292.532
292.481
292.415
292.334
292.244
292.156
292.074
292
291.935
291.884
291.85
291.831
291.826
291.836
291.86
291.897
291.94
291.988
292.038
292.088
292.136
292.181
292.225
292.265
292.301
292.332
292.359
292.382
292.401
292.425
292.453
292.479
292.508
292.54
292.575
292.613
292.645
292.667
292.681
292.693
292.71
292.738
292.781
292.841
292.912
292.977
293.018
293.03
293.032
293.025
293.017
293.017
293.026
293.049
293.09
293.128
293.14
293.139
293.121
293.084
293.039
293.01
293.001
293
293
293
293
293
293
293
293
293
293
293
293
293
293
293
293
293
293
293
293
293
293
293
293
293
293
293
293
293
293
293
293
293
293
293
293
293
293
293
293
293
293
293
293
293
293
293
293
293
293
293
293
293
293
293
293
293
293
293
293
293
293
293
293
293
293.907
293.749
293.603
293.469
293.351
293.248
293.155
293.072
293
292.938
292.886
292.846
292.819
292.804
292.795
292.787
292.775
292.756
292.724
292.679
292.62
292.549
292.472
292.396
292.323
292.254
292.191
292.138
292.094
292.06
292.037
292.027
292.028
292.039
292.059
292.087
292.119
292.155
292.191
292.225
292.256
292.285
292.311
292.335
292.357
292.377
292.407
292.446
292.485
292.523
292.564
292.606
292.643
292.671
292.688
292.701
292.716
292.739
292.773
292.823
292.885
292.951
293.003
293.028
293.035
293.032
293.024
293.017
293.021
293.033
293.063
293.105
293.134
293.141
293.135
293.112
293.07
293.028
293.005
293
293
293
293
293
293
293
293
293
293
293
293
293
293
293
293
293
293
293
293
293
293
293
293
293
293
293
293
293
293
293
293
293
293
293
293
293
293
293
293
293
293
293
293
293
293
293
293
293
293
293
293
293
293
293
293
293
293
293
293
293
293
293
293
293
293
293.849
293.698
293.564
293.449
293.351
293.27
293.204
293.148
293.099
293.056
293.018
292.983
292.955
292.934
292.919
292.909
292.9
292.889
292.872
292.849
292.816
292.773
292.722
292.665
292.605
292.543
292.481
292.421
292.365
292.316
292.273
292.238
292.213
292.199
292.194
292.197
292.206
292.222
292.242
292.264
292.286
292.309
292.331
292.353
292.375
292.397
292.431
292.476
292.521
292.565
292.609
292.648
292.678
292.698
292.712
292.726
292.746
292.775
292.816
292.87
292.931
292.986
293.022
293.035
293.037
293.031
293.022
293.019
293.026
293.044
293.079
293.12
293.138
293.141
293.129
293.099
293.054
293.017
293.002
293
293
293
293
293
293
293
293
293
293
293
293
293
293
293
293
293
293
293
293
293
293
293
293
293
293
293
293
293
293
293
293
293
293
293
293
293
293
293
293
293
293
293
293
293
293
293
293
293
293
293
293
293
293
293
293
293
293
293
293
293
293
293
293
293
293
293.843
293.693
293.559
293.445
293.351
293.276
293.217
293.172
293.137
293.108
293.082
293.058
293.034
293.013
292.995
292.98
292.967
292.955
292.942
292.925
292.904
292.878
292.845
292.808
292.767
292.722
292.675
292.626
292.578
292.532
292.489
292.451
292.418
292.392
292.373
292.36
292.354
292.353
292.357
292.366
292.378
292.392
292.41
292.428
292.449
292.469
292.502
292.545
292.587
292.628
292.664
292.692
292.712
292.727
292.74
292.758
292.784
292.82
292.866
292.92
292.974
293.015
293.035
293.041
293.038
293.028
293.021
293.023
293.033
293.058
293.098
293.132
293.141
293.138
293.12
293.082
293.038
293.009
293.001
293
293
293
293
293
293
293
293
293
293
293
293
293
293
293
293
293
293
293
293
293
293
293
293
293
293
293
293
293
293
293
293
293
293
293
293
293
293
293
293
293
293
293
293
293
293
293
293
293
293
293
293
293
293
293
293
293
293
293
293
293
293
293
293
293
293
293.877
293.728
293.591
293.471
293.37
293.291
293.23
293.185
293.152
293.128
293.11
293.093
293.077
293.061
293.045
293.029
293.014
293
292.986
292.971
292.954
292.934
292.911
292.885
292.856
292.826
292.793
292.759
292.725
292.692
292.659
292.629
292.602
292.578
292.558
292.542
292.531
292.523
292.52
292.52
292.524
292.531
292.541
292.553
292.567
292.581
292.603
292.634
292.664
292.692
292.715
292.733
292.746
292.759
292.776
292.799
292.831
292.872
292.92
292.969
293.011
293.036
293.044
293.043
293.035
293.025
293.022
293.029
293.045
293.078
293.117
293.139
293.142
293.133
293.105
293.062
293.023
293.004
293
293
293
293
293
293
293
293
293
293
293
293
293
293
293
293
293
293
293
293
293
293
293
293
293
293
293
293
293
293
293
293
293
293
293
293
293
293
293
293
293
293
293
293
293
293
293
293
293
293
293
293
293
293
293
293
293
293
293
293
293
293
293
293
293
293
293
293.937
293.8
293.667
293.544
293.433
293.34
293.266
293.211
293.172
293.144
293.126
293.112
293.101
293.09
293.078
293.066
293.053
293.04
293.026
293.012
292.997
292.98
292.962
292.942
292.921
292.899
292.876
292.853
292.829
292.806
292.784
292.762
292.743
292.725
292.709
292.696
292.686
292.678
292.672
292.669
292.668
292.669
292.672
292.676
292.681
292.687
292.698
292.714
292.731
292.747
292.761
292.772
292.784
292.8
292.822
292.852
292.889
292.931
292.974
293.013
293.038
293.047
293.047
293.04
293.03
293.024
293.027
293.038
293.063
293.101
293.134
293.142
293.14
293.122
293.085
293.041
293.011
293.001
293
293
293
293
293
293
293
293
293
293
293
293
293
293
293
293
293
293
293
293
293
293
293
293
293
293
293
293
293
293
293
293
293
293
293
293
293
293
293
293
293
293
293
293
293
293
293
293
293
293
293
293
293
293
293
293
293
293
293
293
293
293
293
293
293
293
293
293.979
293.868
293.757
293.647
293.54
293.442
293.357
293.286
293.23
293.188
293.158
293.138
293.124
293.113
293.104
293.095
293.085
293.075
293.064
293.052
293.039
293.025
293.011
292.995
292.979
292.962
292.945
292.927
292.909
292.892
292.875
292.859
292.843
292.829
292.816
292.805
292.795
292.787
292.78
292.775
292.771
292.769
292.767
292.766
292.766
292.767
292.771
292.779
292.788
292.797
292.807
292.818
292.834
292.855
292.883
292.915
292.952
292.99
293.022
293.044
293.051
293.051
293.045
293.034
293.027
293.027
293.034
293.053
293.087
293.125
293.142
293.143
293.132
293.103
293.06
293.022
293.004
293
293
293
293
293
293
293
293
293
293
293
293
293
293
293
293
293
293
293
293
293
293
293
293
293
293
293
293
293
293
293
293
293
293
293
293
293
293
293
293
293
293
293
293
293
293
293
293
293
293
293
293
293
293
293
293
293
293
293
293
293
293
293
293
293
293
293
293
293.977
293.894
293.808
293.721
293.636
293.552
293.472
293.399
293.335
293.281
293.238
293.205
293.18
293.162
293.148
293.137
293.127
293.118
293.108
293.098
293.088
293.076
293.064
293.052
293.039
293.025
293.011
292.997
292.983
292.968
292.954
292.941
292.927
292.914
292.902
292.891
292.881
292.872
292.864
292.857
292.851
292.847
292.843
292.84
292.838
292.838
292.838
292.841
292.848
292.856
292.866
292.881
292.901
292.926
292.954
292.984
293.013
293.038
293.051
293.055
293.054
293.048
293.038
293.03
293.029
293.034
293.049
293.078
293.116
293.141
293.145
293.139
293.116
293.076
293.034
293.009
293.001
293
293
293
293
293
293
293
293
293
293
293
293
293
293
293
293
293
293
293
293
293
293
293
293
293
293
293
293
293
293
293
293
293
293
293
293
293
293
293
293
293
293
293
293
293
293
293
293
293
293
293
293
293
293
293
293
293
293
293
293
293
293
293
293
293
293
293
293
293.918
293.865
293.804
293.741
293.677
293.613
293.551
293.49
293.434
293.383
293.337
293.299
293.267
293.241
293.22
293.203
293.19
293.178
293.167
293.158
293.148
293.138
293.128
293.118
293.107
293.096
293.085
293.073
293.061
293.049
293.038
293.026
293.014
293.002
292.991
292.98
292.97
292.961
292.952
292.944
292.938
292.932
292.927
292.924
292.921
292.92
292.919
292.92
292.926
292.933
292.946
292.962
292.981
293.002
293.023
293.041
293.053
293.058
293.059
293.056
293.049
293.04
293.033
293.032
293.036
293.048
293.075
293.111
293.139
293.146
293.142
293.124
293.089
293.046
293.014
293.002
293
293
293
293
293
293
293
293
293
293
293
293
293
293
293
293
293
293
293
293
293
293
293
293
293
293
293
293
293
293
293
293
293
293
293
293
293
293
293
293
293
293
293
293
293
293
293
293
293
293
293
293
293
293
293
293
293
293
293
293
293
293
293
293
293
293
293
293
293
293.83
293.794
293.754
293.711
293.664
293.616
293.569
293.524
293.481
293.439
293.401
293.366
293.335
293.308
293.285
293.266
293.25
293.237
293.226
293.216
293.207
293.199
293.19
293.182
293.174
293.165
293.156
293.147
293.138
293.129
293.12
293.11
293.101
293.091
293.082
293.073
293.065
293.057
293.049
293.042
293.036
293.031
293.026
293.022
293.019
293.017
293.015
293.014
293.017
293.022
293.03
293.04
293.049
293.057
293.061
293.063
293.063
293.061
293.056
293.049
293.041
293.036
293.035
293.04
293.052
293.076
293.11
293.139
293.146
293.144
293.129
293.097
293.055
293.02
293.004
293
293
293
293
293
293
293
293
293
293
293
293
293
293
293
293
293
293
293
293
293
293
293
293
293
293
293
293
293
293
293
293
293
293
293
293
293
293
293
293
293
293
293
293
293
293
293
293
293
293
293
293
293
293
293
293
293
293
293
293
293
293
293
293
293
293
293
293
293
293
293.77
293.734
293.699
293.663
293.626
293.588
293.549
293.512
293.476
293.442
293.41
293.382
293.356
293.333
293.313
293.296
293.282
293.27
293.259
293.25
293.242
293.234
293.227
293.22
293.213
293.206
293.198
293.191
293.184
293.177
293.17
293.163
293.157
293.15
293.144
293.138
293.132
293.126
293.121
293.116
293.111
293.106
293.102
293.098
293.095
293.092
293.088
293.083
293.08
293.077
293.076
293.074
293.073
293.071
293.069
293.066
293.061
293.056
293.049
293.043
293.04
293.04
293.046
293.059
293.084
293.116
293.141
293.147
293.145
293.13
293.099
293.059
293.023
293.005
293
293
293
293
293
293
293
293
293
293
293
293
293
293
293
293
293
293
293
293
293
293
293
293
293
293
293
293
293
293
293
293
293
293
293
293
293
293
293
293
293
293
293
293
293
293
293
293
293
293
293
293
293
293
293
293
293
293
293
293
293
293
293
293
293
293
293
293
293
293
293
293.72
293.697
293.667
293.634
293.6
293.566
293.533
293.499
293.465
293.432
293.402
293.374
293.35
293.328
293.308
293.292
293.277
293.265
293.254
293.246
293.238
293.232
293.227
293.222
293.217
293.213
293.209
293.204
293.199
293.194
293.189
293.184
293.179
293.173
293.168
293.162
293.157
293.152
293.146
293.141
293.136
293.132
293.127
293.123
293.118
293.114
293.109
293.102
293.096
293.09
293.085
293.08
293.075
293.07
293.065
293.06
293.054
293.05
293.048
293.047
293.049
293.056
293.072
293.097
293.125
293.142
293.146
293.143
293.128
293.097
293.058
293.024
293.006
293.001
293
293
293
293
293
293
293
293
293
293
293
293
293
293
293
293
293
293
293
293
293
293
293
293
293
293
293
293
293
293
293
293
293
293
293
293
293
293
293
293
293
293
293
293
293
293
293
293
293
293
293
293
293
293
293
293
293
293
293
293
293
293
293
293
293
293
293
293
293
293
293
293.613
293.622
293.618
293.605
293.583
293.557
293.529
293.499
293.47
293.441
293.413
293.385
293.357
293.331
293.308
293.287
293.269
293.253
293.239
293.227
293.218
293.21
293.203
293.198
293.193
293.189
293.185
293.181
293.178
293.174
293.171
293.167
293.163
293.16
293.156
293.152
293.148
293.144
293.139
293.135
293.131
293.127
293.123
293.119
293.115
293.111
293.105
293.098
293.092
293.085
293.08
293.074
293.068
293.063
293.059
293.057
293.056
293.055
293.056
293.062
293.073
293.091
293.115
293.135
293.143
293.145
293.139
293.121
293.089
293.052
293.021
293.005
293.001
293
293
293
293
293
293
293
293
293
293
293
293
293
293
293
293
293
293
293
293
293
293
293
293
293
293
293
293
293
293
293
293
293
293
293
293
293
293
293
293
293
293
293
293
293
293
293
293
293
293
293
293
293
293
293
293
293
293
293
293
293
293
293
293
293
293
293
293
293
293
293
293
293.413
293.463
293.498
293.517
293.523
293.52
293.509
293.492
293.472
293.451
293.428
293.404
293.381
293.357
293.335
293.313
293.291
293.271
293.253
293.236
293.221
293.208
293.196
293.186
293.177
293.169
293.163
293.157
293.152
293.147
293.143
293.14
293.136
293.133
293.13
293.127
293.124
293.121
293.118
293.115
293.112
293.109
293.105
293.102
293.099
293.096
293.092
293.086
293.081
293.077
293.073
293.07
293.068
293.067
293.066
293.066
293.068
293.074
293.083
293.098
293.115
293.13
293.139
293.143
293.141
293.13
293.108
293.075
293.041
293.016
293.004
293
293
293
293
293
293
293
293
293
293
293
293
293
293
293
293
293
293
293
293
293
293
293
293
293
293
293
293
293
293
293
293
293
293
293
293
293
293
293
293
293
293
293
293
293
293
293
293
293
293
293
293
293
293
293
293
293
293
293
293
293
293
293
293
293
293
293
293
293
293
293
293
293
293
293.177
293.235
293.29
293.339
293.378
293.406
293.424
293.432
293.433
293.428
293.418
293.405
293.391
293.375
293.358
293.34
293.322
293.304
293.287
293.271
293.255
293.241
293.227
293.214
293.202
293.191
293.181
293.172
293.164
293.156
293.15
293.144
293.139
293.134
293.129
293.125
293.121
293.118
293.114
293.111
293.108
293.106
293.103
293.101
293.098
293.096
293.093
293.09
293.087
293.085
293.083
293.082
293.081
293.083
293.087
293.093
293.102
293.112
293.122
293.13
293.136
293.139
293.138
293.131
293.114
293.088
293.056
293.028
293.01
293.002
293
293
293
293
293
293
293
293
293
293
293
293
293
293
293
293
293
293
293
293
293
293
293
293
293
293
293
293
293
293
293
293
293
293
293
293
293
293
293
293
293
293
293
293
293
293
293
293
293
293
293
293
293
293
293
293
293
293
293
293
293
293
293
293
293
293
293
293
293
293
293
293
293
293
293
293.037
293.063
293.096
293.134
293.176
293.216
293.254
293.286
293.312
293.331
293.344
293.35
293.352
293.349
293.344
293.336
293.327
293.317
293.307
293.295
293.283
293.271
293.259
293.247
293.236
293.225
293.215
293.206
293.198
293.19
293.182
293.175
293.169
293.162
293.157
293.151
293.146
293.141
293.137
293.133
293.13
293.126
293.123
293.121
293.118
293.116
293.114
293.111
293.109
293.109
293.11
293.112
293.115
293.118
293.122
293.126
293.129
293.133
293.135
293.136
293.133
293.125
293.111
293.089
293.062
293.035
293.016
293.005
293.001
293
293
293
293
293
293
293
293
293
293
293
293
293
293
293
293
293
293
293
293
293
293
293
293
293
293
293
293
293
293
293
293
293
293
293
293
293
293
293
293
293
293
293
293
293
293
293
293
293
293
293
293
293
293
293
293
293
293
293
293
293
293
293
293
293
293
293
293
293
293
293
293
293
293
293
293
293.003
293.007
293.013
293.024
293.04
293.06
293.084
293.112
293.14
293.168
293.194
293.217
293.237
293.252
293.264
293.272
293.277
293.279
293.278
293.276
293.272
293.267
293.261
293.256
293.249
293.243
293.236
293.229
293.222
293.215
293.208
293.201
293.195
293.189
293.184
293.178
293.174
293.169
293.165
293.162
293.158
293.155
293.153
293.15
293.148
293.145
293.143
293.14
293.138
293.136
293.135
293.135
293.135
293.135
293.135
293.135
293.133
293.129
293.124
293.114
293.099
293.079
293.057
293.035
293.017
293.006
293.002
293
293
293
293
293
293
293
293
293
293
293
293
293
293
293
293
293
293
293
293
293
293
293
293
293
293
293
293
293
293
293
293
293
293
293
293
293
293
293
293
293
293
293
293
293
293
293
293
293
293
293
293
293
293
293
293
293
293
293
293
293
293
293
293
293
293
293
293
293
293
293
293
293
293
293
293
293
293
293
293
293.001
293.002
293.003
293.007
293.012
293.019
293.029
293.042
293.057
293.074
293.091
293.11
293.127
293.144
293.159
293.173
293.184
293.193
293.201
293.206
293.21
293.212
293.213
293.213
293.212
293.21
293.208
293.205
293.202
293.199
293.195
293.192
293.189
293.186
293.182
293.179
293.176
293.173
293.17
293.167
293.164
293.162
293.159
293.157
293.154
293.15
293.146
293.143
293.139
293.136
293.132
293.128
293.122
293.115
293.106
293.094
293.079
293.061
293.043
293.027
293.014
293.006
293.002
293
293
293
293
293
293
293
293
293
293
293
293
293
293
293
293
293
293
293
293
293
293
293
293
293
293
293
293
293
293
293
293
293
293
293
293
293
293
293
293
293
293
293
293
293
293
293
293
293
293
293
293
293
293
293
293
293
293
293
293
293
293
293
293
293
293
293
293
293
293
293
293
293
293
293
293
293
293
293
293
293
293
293
293
293
293
293.001
293.001
293.002
293.004
293.006
293.01
293.015
293.021
293.028
293.037
293.046
293.056
293.066
293.077
293.087
293.097
293.106
293.114
293.121
293.127
293.133
293.137
293.141
293.144
293.146
293.148
293.149
293.149
293.149
293.149
293.148
293.148
293.146
293.145
293.144
293.142
293.14
293.138
293.136
293.134
293.131
293.127
293.122
293.116
293.11
293.103
293.095
293.086
293.075
293.063
293.051
293.038
293.026
293.016
293.008
293.004
293.001
293
293
293
293
293
293
293
293
293
293
293
293
293
293
293
293
293
293
293
293
293
293
293
293
293
293
293
293
293
293
293
293
293
293
293
293
293
293
293
293
293
293
293
293
293
293
293
293
293
293
293
293
293
293
293
293
293
293
293
293
293
293
293
293
293
293
293
293
293
293
293
293
293
293
293
293
293
293
293
293
293
293
293
293
293
293
293
293
293
293
293
293
293
293
293.001
293.001
293.002
293.003
293.005
293.007
293.009
293.012
293.016
293.02
293.024
293.028
293.033
293.037
293.042
293.047
293.051
293.055
293.059
293.062
293.065
293.068
293.071
293.072
293.074
293.075
293.076
293.077
293.077
293.077
293.076
293.076
293.075
293.074
293.071
293.068
293.063
293.057
293.051
293.044
293.037
293.03
293.023
293.016
293.01
293.006
293.003
293.001
293
293
293
293
293
293
293
293
293
293
293
293
293
293
293
293
293
293
293
293
293
293
293
293
293
293
293
293
293
293
293
293
293
293
293
293
293
293
293
293
293
293
293
293
293
293
293
293
293
293
293
293
293
293
293
293
293
293
293
293
293
293
293
293
293
293
293
293
293
293
293
293
293
293
293
293
293
293
293
293
293
293
293
293
293
293
293
293
293
293
293
293
293
293
293
293
293
293
293
293
293
293
293
293
293.001
293.001
293.001
293.002
293.002
293.003
293.004
293.005
293.006
293.007
293.008
293.009
293.01
293.012
293.013
293.014
293.015
293.016
293.016
293.017
293.018
293.018
293.018
293.018
293.018
293.018
293.018
293.017
293.016
293.014
293.012
293.01
293.007
293.005
293.004
293.002
293.001
293.001
293
293
293
293
293
293
293
293
293
293
293
293
293
293
293
293
293
293
293
293
293
293
293
293
293
293
293
293
293
293
293
293
293
293
293
293
293
293
293
293
293
293
293
293
293
293
293
293
293
293
293
293
293
293
293
293
293
293
293
293
293
293
293
293
293
293
293
293
293
293
293
293
293
293
293
293
293
293
293
293
293
293
293
293
293
293
293
293
293
293
293
293
293
293
293
293
293
293
293
293
293
293
293
293
293
293
293
293
293
293
293
293
293
293
293
293
293
293
293
293.001
293.001
293.001
293.001
293.001
293.001
293.001
293.001
293.001
293.001
293.001
293.001
293.001
293.001
293.001
293.001
293.001
293.001
293.001
293.001
293
293
293
293
293
293
293
293
293
293
293
293
293
293
293
293
293
293
293
293
293
293
293
293
293
293
293
293
293
293
293
293
293
293
293
293
293
293
293
293
293
293
293
293
293
293
293
293
293
293
293
293
293
293
293
293
293
293
293
293
293
293
293
293
293
293
293
293
293
293
293
293
293
293
293
293
293
293
293
293
293
293
293
293
293
293
293
293
293
293
293
293
293
293
293
293
293
293
293
293
293
293
293
293
293
293
293
293
293
293
293
293
293
293
293
293
293
293
293
293
293
293
293
293
293
293
293
293
293
293
293
293
293
293
293
293
293
293
293
293
293
293
293
293
293
293
293
293
293
293
293
293
293
293
293
293
293
293
293
293
293
293
293
293
293
293
293
293
293
293
293
293
293
293
293
293
293
293
293
293
293
293
293
293
293
293
293
293
293
293
293
293
293
293
293
293
293
293
293
293
293
293
293
293
293
293
293
293
293
293
293
293
293
293
293
293
293
293
293
293
293
293
293
293
293
293
293
293
293
293
293
293
293
293
293
293
293
293
293
293
293
293
293
293
293
293
293
293
293
293
293
293
293
293
293
293
293
293
293
293
293
293
293
293
293
293
293
293
293
293
293
293
293
293
293
293
293
293
293
293
293
293
293
293
293
293
293
293
293
293
293
293
293
293
293
293
293
293
293
293
293
293
293
293
293
293
293
293
293
293
293
293
293
293
293
293
293
293
293
293
293
293
293
293
293
293
293
293
293
293
293
293
293
293
293
293
293
293
293
293
293
293
293
293
293
293
293
293
293
293
293
293
293
293
293
293
293
293
293
293
293
293
293
293
293
293
293
293
293
293
293
293
293
293
293
293
293
293
293
293
293
293
293
293
293
293
293
293
293
293
293
293
293
293
293
293
293
293
293
293
293
293
293
293
293
293
293
293
293
293
293
293
293
293
293
293
293
293
293
293
293
293
293
293
293
293
293
293
293
293
293
293
293
293
293
293
293
293
293
293
293
293
293
293
293
293
293
293
293
293
293
293
293
293
293
293
293
293
293
293
293
293
293
293
293
293
293
293
293
293
293
293
293
293
293
293
293
293
293
293
293
293
293
293
293
293
293
293
293
293
293
293
293
293
293
293
293
293
293
293
293
293
293
293
293
293
293
293
293
293
293
293
293
293
293
293
293
293
293
293
293
293
293
293
293
293
293
293
293
293
293
293
293
293
293
293
293
293
293
293
293
293
293
293
293
293
293
293
293
293
293
293
293
293
293
293
293
293
293
293
293
293
293
293
293
293
293
293
293
293
293
293
293
293
293
293
293
293
293
293
293
293
293
293
293
293
293
293
293
293
293
293
293
293
293
293
293
293
293
293
293
293
293
293
293
293
293
293
293
293
293
293
293
293
293
293
293
293
293
293
293
293
293
293
293
293
293
293
293
293
293
293
293
293
293
293
293
293
293
293
293
293
293
293
293
293
293
293
293
293
293
293
293
293
293
293
293
293
293
293
293
293
293
293
293
293
293
293
293
293
293
293
293
293
293
293
293
293
293
293
293
293
293
293
293
293
293
293
293
293
293
293
293
293
293
293
293
293
293
293
293
293
293
293
293
293
293
293
293
293
293
293
293
293
293
293
293
293
293
293
293
293
293
293
293
293
293
293
293
293
293
293
293
293
293
293
293
293
293
293
293
293
293
293
293
293
293
293
293
293
293
293
293
293
293
293
293
293
293
293
293
293
293
293
293
293
293
293
293
293
293
293
293
293
293
293
293
293
293
293
293
293
293
293
293
293
293
293
293
293
293
293
293
293
293
293
293
293
293
293
293
293
293
293
293
293
293
293
293
293
293
293
293
293
293
293
293
293
293
293
293
293
293
293
293
293
293
293
293
293
293
293
293
293
293
293
293
293
293
293
293
293
293
293
293
293
293
293
293
293
293
293
293
293
293
293
293
293
293
293
293
293
293
293
293
293
293
293
293
293
293
293
293
293
293
293
293
293
293
293
293
293
293
293
293
293
293
293
293
293
293
293
293
293
293
293
293
293
293
293
293
293
293
293
293
293
293
293
293
293
293
293
293
293
293
293
293
293
293
293
293
293
293
293
293
293
293
293
293
293
293
293
293
293
293
293
293
293
293
293
293
293
293
293
293
293
293
293
293
293
293
293
293
293
293
293
293
293
293
293
293
293
293
293
293
293
293
293
293
293
293
293
293
293
293
293
293
293
293
293
293
293
293
293
293
293
293
293
293
293
293
293
293
293
293
293
293
293
293
293
293
293
293
293
293
293
293
293
293
293
293
293
293
293
293
293
293
293
293
293
293
293
293
293
293
293
293
293
293
293
293
293
293
293
293
293
293
293
293
293
293
293
293
293
293
293
293
293
293
293
293
293
293
293
293
293
293
293
293
293
293
293
293
293
293
293
293
293
293
293
293
293
293
293
293
293
293
293
293
293
293
293
293
293
293
293
293
293
293
293
293
293
293
293
293
293
293
293
293
293
293
293
293
293
293
293
293
293
293
293
293
293
293
293
293
293
293
293
293
293
293
293
293
293
293
293
293
293
293
293
293
293
293
293
293
293
293
293
293
293
293
293
293
293
293
293
293
293
293
293
293
293
293
293
293
293
293
293
293
293
293
293
293
293
293
293
293
293
293
293
293
293
293
293
293
293
293
293
293
293
293
293
293
293
293
293
293
293
293
293
293
293
293
293
293
293
293
293
293
293
293
293
293
293
293
293
293
293
293
293
293
293
293
293
293
293
293
293
293
293
293
293
293
293
293
293
293
293
293
293
293
293
293
293
293
293
293
293
293
293
293
293
293
293
293
293
293
293
293
293
293
293
293
293
293
293
293
293
293
293
293
293
293
293
293
293
293
293
293
293
293
293
293
293
293
293
293
293
293
293
293
293
293
293
293
293
293
293
293
293
293
293
293
293
293
293
293
293
293
293
293
293
293
293
293
293
293
293
293
293
293
293
293
293
293
293
293
293
293
293
293
293
293
293
293
293
293
293
293
293
293
293
293
293
293
293
293
293
293
293
293
293
293
293
293
293
293
293
293
293
293
293
293
293
293
293
293
293
293
293
293
293
293
293
293
293
293
293
293
293
293
293
293
293
293
293
293
293
293
293
293
293
293
293
293
293
293
293
293
293
293
293
293
293
293
293
293
293
293
293
293
293
293
293
293
293
293
293
293
293
293
293
293
293
293
293
293
293
293
293
293
293
293
293
293
293
293
293
293
293
293
293
293
293
293
293
293
293
293
293
293
293
293
293
293
293
293
293
293
293
293
293
293
293
293
293
293
293
293
293
293
293
293.001
293.008
293.041
293.094
293.138
293.157
293.155
293.132
293.074
293.02
292.993
292.985
292.99
293.005
293.012
293.006
292.958
292.835
292.691
292.587
292.537
292.527
292.543
292.574
292.608
292.641
292.683
292.746
292.821
292.877
292.899
292.934
292.987
293.194
294.777
300.685
293
293
293
293
293
293
293
293
293
293
293
293
293
293
293
293
293
293
293
293
293
293
293
293
293
293
293
293
293
293
293
293
293
293
293
293
293
293
293
293
293
293
293
293
293
293
293
293
293
293
293
293
293
293
293
293
293
293
293
293
293
293
293
293.001
293.008
293.04
293.092
293.136
293.154
293.153
293.132
293.075
293.022
292.996
292.988
292.992
293.007
293.013
293.007
292.961
292.842
292.703
292.601
292.551
292.54
292.554
292.581
292.612
292.642
292.68
292.738
292.808
292.861
292.884
292.918
292.977
293.233
294.671
299.461
309.262
293
293
293
293
293
293
293
293
293
293
293
293
293
293
293
293
293
293
293
293
293
293
293
293
293
293
293
293
293
293
293
293
293
293
293
293
293
293
293
293
293
293
293
293
293
293
293
293
293
293
293
293
293
293
293
293
293
293
293
293
293
293
293
293.001
293.008
293.039
293.09
293.134
293.152
293.151
293.132
293.077
293.024
292.998
292.99
292.994
293.007
293.014
293.008
292.964
292.849
292.713
292.612
292.562
292.55
292.561
292.586
292.614
292.64
292.675
292.729
292.797
292.852
292.884
292.93
292.998
293.171
294.002
295.427
298.483
301.502
306.015
310.29
313.973
316.753
318.593
319.84
320.55
320.594
293
293
293
293
293
293
293
293
293
293
293
293
293
293
293
293
293
293
293
293
293
293
293
293
293
293
293
293
293
293
293
293
293
293
293
293
293
293
293
293
293
293
293
293
293
293
293
293
293
293
293
293
293
293
293
293
293
293
293
293
293
293
293
293
293.007
293.037
293.088
293.131
293.151
293.15
293.132
293.079
293.027
293
292.992
292.995
293.008
293.015
293.009
292.968
292.858
292.724
292.624
292.573
292.559
292.568
292.59
292.615
292.639
292.67
292.719
292.785
292.845
292.887
292.934
292.979
293.074
293.414
293.506
294.267
295.237
297.434
299.819
302.336
304.536
306.287
307.611
308.452
308.707
308.667
308.346
307.644
306.647
305.538
304.47
303.829
303.511
303.539
303.783
304.164
304.332
304.381
304.269
303.983
303.622
303.391
303.508
304.033
305.165
306.565
307.917
309.059
309.485
309.193
307.947
304.56
296.029
285.607
279.667
292.003
315.943
325.712
293
293
293
293
293
293
293
293
293
293
293
293
293
293
293
293
293
293
293
293
293
293
293
293
293
293
293
293
293
293
293
293
293
293
293
293
293
293
293
293
293
293
293
293
293
293
293
293
293
293
293
293
293
293
293
293
293
293
293
293
293
293
293
293
293.007
293.036
293.086
293.129
293.149
293.149
293.133
293.081
293.03
293.002
292.994
292.996
293.009
293.015
293.01
292.972
292.867
292.736
292.636
292.583
292.568
292.575
292.594
292.616
292.636
292.663
292.709
292.773
292.837
292.888
292.94
292.962
292.929
292.899
292.699
292.857
293.103
293.846
294.783
296.013
297.155
298.195
299.049
299.686
300.022
300.112
299.989
299.574
298.948
298.26
297.602
297.154
296.759
296.491
296.287
295.996
295.638
295.483
295.448
295.451
295.679
296.258
297.201
298.429
300.119
301.818
303.341
305.162
307.02
308.453
309.039
307.451
299.92
285.704
278.777
291.923
312.299
320.743
318.27
312.97
293
293
293
293
293
293
293
293
293
293
293
293
293
293
293
293
293
293
293
293
293
293
293
293
293
293
293
293
293
293
293
293
293
293
293
293
293
293
293
293
293
293
293
293
293
293
293
293
293
293
293
293
293
293
293
293
293
293
293
293
293
293
293
293
293.006
293.034
293.083
293.126
293.147
293.148
293.134
293.084
293.033
293.005
292.995
292.997
293.009
293.016
293.011
292.977
292.878
292.75
292.65
292.595
292.577
292.582
292.597
292.617
292.634
292.657
292.697
292.759
292.826
292.883
292.926
292.934
292.872
292.749
292.535
292.531
292.559
292.762
293.078
293.584
294.111
294.679
295.16
295.506
295.697
295.742
295.652
295.4
295.024
294.617
294.201
293.786
293.352
292.94
292.466
291.95
291.6
291.482
291.53
291.723
292.209
293.038
294.102
295.407
296.882
298.164
299.414
301.031
303.12
305.807
307.731
309.105
302.49
287.068
282.34
293.916
309.626
313.489
310.246
307.096
305.492
293
293
293
293
293
293
293
293
293
293
293
293
293
293
293
293
293
293
293
293
293
293
293
293
293
293
293
293
293
293
293
293
293
293
293
293
293
293
293
293
293
293
293
293
293
293
293
293
293
293
293
293
293
293
293
293
293
293
293
293
293
293
293
293
293.006
293.031
293.079
293.124
293.146
293.148
293.135
293.088
293.036
293.007
292.997
292.998
293.009
293.017
293.012
292.982
292.889
292.765
292.665
292.607
292.586
292.588
292.601
292.617
292.631
292.65
292.685
292.742
292.809
292.869
292.905
292.908
292.849
292.723
292.549
292.506
292.49
292.536
292.66
292.864
293.101
293.353
293.57
293.731
293.805
293.805
293.717
293.505
293.205
292.874
292.525
292.172
291.789
291.372
290.916
290.496
290.245
290.17
290.288
290.593
291.098
291.771
292.541
293.512
294.489
295.248
295.996
296.893
298.073
299.588
301.282
302.192
296.623
290.931
293.891
297.336
303.407
303.241
302.193
302.165
302.702
293
293
293
293
293
293
293
293
293
293
293
293
293
293
293
293
293
293
293
293
293
293
293
293
293
293
293
293
293
293
293
293
293
293
293
293
293
293
293
293
293
293
293
293
293
293
293
293
293
293
293
293
293
293
293
293
293
293
293
293
293
293
293
293
293.005
293.029
293.076
293.12
293.144
293.147
293.136
293.092
293.041
293.01
292.999
292.999
293.01
293.017
293.013
292.988
292.902
292.782
292.681
292.62
292.596
292.594
292.605
292.618
292.629
292.644
292.672
292.723
292.785
292.844
292.878
292.885
292.855
292.755
292.616
292.581
292.571
292.587
292.635
292.706
292.781
292.859
292.924
292.978
293.029
293.037
292.973
292.797
292.546
292.249
291.929
291.607
291.264
290.902
290.524
290.171
290.022
290.043
290.157
290.386
290.752
291.189
291.687
292.348
292.91
293.228
293.417
293.511
293.471
293.224
293.15
291.862
288.305
288.206
289.747
291.642
294.826
295.176
296.87
299.04
300.627
293
293
293
293
293
293
293
293
293
293
293
293
293
293
293
293
293
293
293
293
293
293
293
293
293
293
293
293
293
293
293
293
293
293
293
293
293
293
293
293
293
293
293
293
293
293
293
293
293
293
293
293
293
293
293
293
293
293
293
293
293
293
293
293
293.004
293.026
293.071
293.117
293.142
293.146
293.137
293.096
293.045
293.013
293.002
293
293.01
293.018
293.015
292.994
292.916
292.8
292.699
292.634
292.606
292.601
292.608
292.619
292.628
292.638
292.66
292.701
292.757
292.812
292.85
292.865
292.856
292.802
292.704
292.68
292.671
292.669
292.675
292.684
292.685
292.693
292.719
292.754
292.772
292.763
292.697
292.557
292.371
292.14
291.864
291.543
291.196
290.848
290.479
290.211
290.1
290.118
290.224
290.412
290.697
291.013
291.389
291.838
292.088
292.088
291.881
291.39
290.528
289.214
287.805
285.653
283.328
283.587
284.841
286.48
288.973
291.571
294.73
297.332
298.908
293
293
293
293
293
293
293
293
293
293
293
293
293
293
293
293
293
293
293
293
293
293
293
293
293
293
293
293
293
293
293
293
293
293
293
293
293
293
293
293
293
293
293
293
293
293
293
293
293
293
293
293
293
293
293
293
293
293
293
293
293
293
293
293
293.003
293.023
293.067
293.113
293.139
293.146
293.138
293.101
293.05
293.017
293.004
293.001
293.01
293.019
293.016
292.999
292.93
292.82
292.718
292.65
292.617
292.609
292.613
292.621
292.627
292.633
292.648
292.68
292.727
292.777
292.819
292.846
292.854
292.835
292.777
292.749
292.738
292.73
292.722
292.713
292.705
292.707
292.717
292.726
292.721
292.689
292.607
292.493
292.335
292.135
291.887
291.596
291.275
290.941
290.615
290.424
290.332
290.334
290.429
290.587
290.833
291.118
291.446
291.716
291.786
291.625
291.203
290.442
289.287
287.751
286.012
283.827
282.248
282.268
283.545
285.571
288.259
291.326
294.129
296.234
297.519
293
293
293
293
293
293
293
293
293
293
293
293
293
293
293
293
293
293
293
293
293
293
293
293
293
293
293
293
293
293
293
293
293
293
293
293
293
293
293
293
293
293
293
293
293
293
293
293
293
293
293
293
293
293
293
293
293
293
293
293
293
293
293
293
293.003
293.02
293.061
293.108
293.137
293.145
293.138
293.107
293.056
293.021
293.006
293.002
293.01
293.019
293.018
293.005
292.945
292.842
292.74
292.668
292.629
292.617
292.618
292.623
292.627
292.629
292.637
292.659
292.696
292.739
292.78
292.816
292.843
292.848
292.818
292.795
292.782
292.775
292.771
292.768
292.769
292.77
292.768
292.758
292.729
292.669
292.588
292.479
292.33
292.139
291.909
291.662
291.398
291.114
290.863
290.732
290.671
290.685
290.771
290.933
291.136
291.365
291.623
291.764
291.715
291.458
290.954
290.138
289.019
287.7
286.224
284.494
283.601
283.801
284.923
286.865
289.181
291.708
293.846
295.406
296.44
293
293
293
293
293
293
293
293
293
293
293
293
293
293
293
293
293
293
293
293
293
293
293
293
293
293
293
293
293
293
293
293
293
293
293
293
293
293
293
293
293
293
293
293
293
293
293
293
293
293
293
293
293
293
293
293
293
293
293
293
293
293
293
293
293.002
293.017
293.056
293.103
293.134
293.144
293.139
293.112
293.063
293.025
293.009
293.003
293.01
293.019
293.02
293.01
292.959
292.864
292.764
292.688
292.644
292.627
292.624
292.626
292.628
292.626
292.628
292.641
292.668
292.704
292.741
292.775
292.811
292.838
292.832
292.818
292.808
292.803
292.803
292.81
292.819
292.817
292.794
292.751
292.696
292.623
292.529
292.412
292.266
292.092
291.896
291.692
291.48
291.264
291.097
291.011
290.977
291
291.082
291.232
291.399
291.585
291.75
291.8
291.686
291.41
290.94
290.264
289.378
288.423
287.407
286.39
286.041
286.373
287.277
288.761
290.468
292.171
293.65
294.807
295.639
293
293
293
293
293
293
293
293
293
293
293
293
293
293
293
293
293
293
293
293
293
293
293
293
293
293
293
293
293
293
293
293
293
293
293
293
293
293
293
293
293
293
293
293
293
293
293
293
293
293
293
293
293
293
293
293
293
293
293
293
293
293
293
293
293.001
293.014
293.049
293.097
293.131
293.143
293.14
293.118
293.07
293.031
293.012
293.005
293.01
293.02
293.022
293.014
292.974
292.889
292.79
292.711
292.662
292.638
292.631
292.631
292.63
292.625
292.621
292.625
292.641
292.669
292.7
292.729
292.758
292.791
292.807
292.803
292.796
292.79
292.788
292.784
292.769
292.746
292.709
292.651
292.571
292.473
292.361
292.235
292.098
291.954
291.809
291.657
291.497
291.346
291.251
291.208
291.195
291.22
291.286
291.396
291.512
291.65
291.746
291.753
291.641
291.426
291.099
290.644
290.08
289.503
288.86
288.409
288.36
288.664
289.323
290.277
291.4
292.516
293.542
294.402
295.066
293
293
293
293
293
293
293
293
293
293
293
293
293
293
293
293
293
293
293
293
293
293
293
293
293
293
293
293
293
293
293
293
293
293
293
293
293
293
293
293
293
293
293
293
293
293
293
293
293
293
293
293
293
293
293
293
293
293
293
293
293
293
293
293
293.001
293.011
293.043
293.09
293.126
293.142
293.14
293.124
293.079
293.037
293.015
293.008
293.01
293.019
293.024
293.017
292.988
292.913
292.818
292.736
292.682
292.653
292.641
292.637
292.634
292.626
292.616
292.611
292.618
292.637
292.662
292.684
292.702
292.718
292.728
292.726
292.716
292.702
292.684
292.659
292.63
292.588
292.531
292.458
292.371
292.27
292.161
292.045
291.93
291.817
291.711
291.602
291.486
291.384
291.337
291.322
291.323
291.348
291.399
291.473
291.555
291.643
291.705
291.716
291.657
291.536
291.34
291.048
290.718
290.395
290.039
289.881
289.942
290.188
290.648
291.271
292.006
292.771
293.502
294.141
294.679
293
293
293
293
293
293
293
293
293
293
293
293
293
293
293
293
293
293
293
293
293
293
293
293
293
293
293
293
293
293
293
293
293
293
293
293
293
293
293
293
293
293
293
293
293
293
293
293
293
293
293
293
293
293
293
293
293
293
293
293
293
293
293
293
293.001
293.008
293.036
293.082
293.121
293.14
293.141
293.129
293.088
293.044
293.019
293.01
293.01
293.019
293.025
293.021
293
292.938
292.849
292.765
292.705
292.67
292.653
292.646
292.64
292.631
292.616
292.602
292.598
292.605
292.622
292.641
292.651
292.651
292.641
292.627
292.608
292.584
292.554
292.514
292.467
292.415
292.356
292.291
292.217
292.135
292.045
291.949
291.85
291.752
291.657
291.562
291.47
291.407
291.387
291.388
291.402
291.438
291.489
291.547
291.614
291.674
291.727
291.754
291.734
291.67
291.548
291.378
291.211
291.035
290.886
290.866
290.952
291.157
291.489
291.927
292.435
292.976
293.504
293.994
294.443
293
293
293
293
293
293
293
293
293
293
293
293
293
293
293
293
293
293
293
293
293
293
293
293
293
293
293
293
293
293
293
293
293
293
293
293
293
293
293
293
293
293
293
293
293
293
293
293
293
293
293
293
293
293
293
293
293
293
293
293
293
293
293
293
293
293.005
293.029
293.072
293.114
293.137
293.141
293.133
293.098
293.053
293.025
293.013
293.011
293.019
293.026
293.024
293.011
292.962
292.881
292.797
292.732
292.69
292.667
292.656
292.649
292.639
292.622
292.602
292.585
292.578
292.583
292.594
292.601
292.598
292.576
292.551
292.525
292.493
292.454
292.412
292.366
292.315
292.261
292.202
292.138
292.066
291.986
291.901
291.812
291.721
291.632
291.547
291.473
291.44
291.436
291.447
291.474
291.519
291.573
291.634
291.704
291.757
291.814
291.851
291.86
291.831
291.773
291.701
291.633
291.552
291.518
291.549
291.643
291.816
292.066
292.387
292.755
293.148
293.545
293.934
294.31
293
293
293
293
293
293
293
293
293
293
293
293
293
293
293
293
293
293
293
293
293
293
293
293
293
293
293
293
293
293
293
293
293
293
293
293
293
293
293
293
293
293
293
293
293
293
293
293
293
293
293
293
293
293
293
293
293
293
293
293
293
293
293
293
293
293.003
293.022
293.062
293.106
293.133
293.141
293.136
293.108
293.064
293.031
293.017
293.012
293.018
293.027
293.027
293.019
292.984
292.914
292.833
292.764
292.715
292.686
292.67
292.661
292.65
292.632
292.607
292.582
292.562
292.551
292.548
292.549
292.545
292.525
292.5
292.474
292.441
292.402
292.358
292.312
292.263
292.211
292.157
292.098
292.035
291.965
291.888
291.807
291.723
291.642
291.57
291.522
291.507
291.513
291.535
291.578
291.636
291.7
291.772
291.85
291.92
291.983
292.031
292.057
292.062
292.049
292.037
292.015
291.995
292.007
292.053
292.146
292.292
292.488
292.73
293.005
293.301
293.606
293.914
294.218
293
293
293
293
293
293
293
293
293
293
293
293
293
293
293
293
293
293
293
293
293
293
293
293
293
293
293
293
293
293
293
293
293
293
293
293
293
293
293
293
293
293
293
293
293
293
293
293
293
293
293
293
293
293
293
293
293
293
293
293
293
293
293
293
293
293.002
293.015
293.051
293.096
293.129
293.141
293.138
293.119
293.076
293.039
293.021
293.014
293.017
293.026
293.03
293.025
293.003
292.947
292.871
292.8
292.745
292.709
292.688
292.675
292.664
292.648
292.623
292.591
292.561
292.536
292.517
292.503
292.489
292.47
292.449
292.427
292.401
292.368
292.329
292.286
292.24
292.191
292.14
292.085
292.027
291.964
291.897
291.828
291.761
291.701
291.656
291.635
291.634
291.65
291.686
291.742
291.812
291.888
291.974
292.063
292.147
292.217
292.272
292.31
292.332
292.344
292.35
292.349
292.356
292.383
292.438
292.528
292.652
292.808
292.991
293.197
293.419
293.648
293.885
294.122
293
293
293
293
293
293
293
293
293
293
293
293
293
293
293
293
293
293
293
293
293
293
293
293
293
293
293
293
293
293
293
293
293
293
293
293
293
293
293
293
293
293
293
293
293
293
293
293
293
293
293
293
293
293
293
293
293
293
293
293
293
293
293
293
293
293.001
293.01
293.039
293.084
293.122
293.139
293.14
293.128
293.09
293.049
293.026
293.017
293.017
293.025
293.032
293.03
293.018
292.977
292.911
292.84
292.781
292.738
292.71
292.693
292.681
292.667
292.644
292.612
292.575
292.54
292.508
292.479
292.453
292.425
292.401
292.382
292.359
292.332
292.3
292.264
292.224
292.181
292.135
292.087
292.037
291.987
291.939
291.895
291.858
291.833
291.823
291.827
291.846
291.881
291.932
291.998
292.072
292.154
292.243
292.332
292.414
292.481
292.531
292.567
292.589
292.603
292.611
292.619
292.638
292.676
292.734
292.814
292.915
293.033
293.168
293.317
293.475
293.646
293.827
294.011
293
293
293
293
293
293
293
293
293
293
293
293
293
293
293
293
293
293
293
293
293
293
293
293
293
293
293
293
293
293
293
293
293
293
293
293
293
293
293
293
293
293
293
293
293
293
293
293
293
293
293
293
293
293
293
293
293
293
293
293
293
293
293
293
293
293
293.005
293.028
293.07
293.112
293.135
293.141
293.134
293.105
293.063
293.033
293.021
293.017
293.024
293.033
293.035
293.028
293.003
292.951
292.885
292.823
292.773
292.738
292.716
292.701
292.688
292.67
292.643
292.606
292.564
292.523
292.484
292.446
292.407
292.377
292.356
292.334
292.311
292.285
292.256
292.225
292.19
292.154
292.118
292.086
292.058
292.037
292.026
292.024
292.034
292.057
292.091
292.136
292.19
292.253
292.322
292.395
292.471
292.548
292.619
292.679
292.724
292.756
292.776
292.789
292.797
292.806
292.822
292.849
292.889
292.942
293.004
293.077
293.159
293.251
293.354
293.471
293.605
293.751
293.909
293
293
293
293
293
293
293
293
293
293
293
293
293
293
293
293
293
293
293
293
293
293
293
293
293
293
293
293
293
293
293
293
293
293
293
293
293
293
293
293
293
293
293
293
293
293
293
293
293
293
293
293
293
293
293
293
293
293
293
293
293
293
293
293
293
293
293.002
293.018
293.054
293.099
293.129
293.141
293.138
293.12
293.079
293.044
293.026
293.019
293.022
293.031
293.038
293.035
293.022
292.986
292.93
292.87
292.816
292.774
292.745
292.726
292.712
292.698
292.678
292.648
292.609
292.565
292.52
292.475
292.43
292.397
292.375
292.352
292.33
292.308
292.285
292.263
292.241
292.221
292.205
292.195
292.191
292.196
292.21
292.235
292.27
292.314
292.364
292.42
292.48
292.542
292.604
292.664
292.721
292.773
292.816
292.849
292.873
292.889
292.9
292.91
292.92
292.935
292.957
292.985
293.02
293.059
293.102
293.15
293.205
293.272
293.352
293.45
293.565
293.699
293.849
293
293
293
293
293
293
293
293
293
293
293
293
293
293
293
293
293
293
293
293
293
293
293
293
293
293
293
293
293
293
293
293
293
293
293
293
293
293
293
293
293
293
293
293
293
293
293
293
293
293
293
293
293
293
293
293
293
293
293
293
293
293
293
293
293
293
293.001
293.009
293.038
293.082
293.12
293.139
293.141
293.132
293.098
293.058
293.033
293.023
293.021
293.028
293.038
293.041
293.035
293.015
292.974
292.92
292.866
292.819
292.783
292.757
292.74
292.726
292.712
292.692
292.663
292.627
292.586
292.544
292.501
292.468
292.447
292.427
292.408
292.391
292.376
292.364
292.355
292.351
292.351
292.358
292.37
292.39
292.416
292.449
292.488
292.531
292.577
292.625
292.674
292.721
292.766
292.808
292.845
292.877
292.904
292.925
292.942
292.956
292.968
292.98
292.996
293.014
293.036
293.059
293.083
293.109
293.138
293.173
293.218
293.276
293.352
293.445
293.559
293.693
293.843
293
293
293
293
293
293
293
293
293
293
293
293
293
293
293
293
293
293
293
293
293
293
293
293
293
293
293
293
293
293
293
293
293
293
293
293
293
293
293
293
293
293
293
293
293
293
293
293
293
293
293
293
293
293
293
293
293
293
293
293
293
293
293
293
293
293
293
293.004
293.023
293.062
293.105
293.133
293.142
293.139
293.117
293.077
293.045
293.029
293.022
293.025
293.035
293.043
293.044
293.036
293.011
292.969
292.92
292.872
292.831
292.799
292.775
292.758
292.746
292.732
292.715
292.691
292.663
292.633
292.602
292.58
292.565
292.552
292.539
292.529
292.522
292.518
292.517
292.521
292.529
292.541
292.557
292.577
292.601
292.628
292.658
292.691
292.724
292.758
292.792
292.825
292.856
292.884
292.91
292.933
292.953
292.971
292.986
293
293.014
293.029
293.045
293.062
293.078
293.094
293.11
293.128
293.152
293.185
293.229
293.29
293.37
293.47
293.59
293.727
293.876
293
293
293
293
293
293
293
293
293
293
293
293
293
293
293
293
293
293
293
293
293
293
293
293
293
293
293
293
293
293
293
293
293
293
293
293
293
293
293
293
293
293
293
293
293
293
293
293
293
293
293
293
293
293
293
293
293
293
293
293
293
293
293
293
293
293
293
293.001
293.011
293.041
293.085
293.122
293.14
293.142
293.134
293.101
293.062
293.038
293.027
293.024
293.03
293.04
293.047
293.047
293.038
293.013
292.974
292.93
292.888
292.851
292.822
292.8
292.784
292.771
292.76
292.746
292.73
292.713
292.697
292.686
292.679
292.674
292.67
292.668
292.667
292.668
292.671
292.676
292.684
292.695
292.708
292.724
292.742
292.762
292.783
292.805
292.828
292.852
292.876
292.898
292.921
292.941
292.961
292.979
292.996
293.012
293.026
293.04
293.053
293.066
293.078
293.09
293.101
293.112
293.125
293.144
293.171
293.21
293.266
293.339
293.432
293.542
293.666
293.799
293.936
293
293
293
293
293
293
293
293
293
293
293
293
293
293
293
293
293
293
293
293
293
293
293
293
293
293
293
293
293
293
293
293
293
293
293
293
293
293
293
293
293
293
293
293
293
293
293
293
293
293
293
293
293
293
293
293
293
293
293
293
293
293
293
293
293
293
293
293
293.004
293.022
293.06
293.103
293.132
293.143
293.142
293.125
293.087
293.053
293.034
293.027
293.027
293.034
293.045
293.051
293.051
293.044
293.022
292.989
292.952
292.915
292.882
292.855
292.833
292.818
292.806
292.796
292.787
292.778
292.77
292.766
292.765
292.765
292.766
292.768
292.77
292.774
292.78
292.786
292.794
292.804
292.815
292.828
292.843
292.858
292.874
292.891
292.909
292.926
292.944
292.961
292.978
292.994
293.01
293.025
293.039
293.052
293.064
293.075
293.085
293.094
293.103
293.112
293.123
293.137
293.157
293.187
293.229
293.285
293.356
293.441
293.539
293.645
293.756
293.867
293.979
293
293
293
293
293
293
293
293
293
293
293
293
293
293
293
293
293
293
293
293
293
293
293
293
293
293
293
293
293
293
293
293
293
293
293
293
293
293
293
293
293
293
293
293
293
293
293
293
293
293
293
293
293
293
293
293
293
293
293
293
293
293
293
293
293
293
293
293
293.001
293.009
293.035
293.077
293.116
293.139
293.145
293.141
293.116
293.078
293.049
293.034
293.029
293.03
293.038
293.048
293.054
293.055
293.051
293.037
293.013
292.984
292.954
292.925
292.9
292.88
292.866
292.855
292.847
292.841
292.837
292.837
292.838
292.839
292.842
292.846
292.851
292.857
292.863
292.871
292.881
292.891
292.902
292.914
292.926
292.94
292.954
292.968
292.982
292.996
293.01
293.024
293.038
293.051
293.064
293.076
293.087
293.098
293.107
293.117
293.126
293.136
293.147
293.161
293.18
293.204
293.237
293.28
293.334
293.398
293.471
293.551
293.635
293.721
293.807
293.893
293.977
293
293
293
293
293
293
293
293
293
293
293
293
293
293
293
293
293
293
293
293
293
293
293
293
293
293
293
293
293
293
293
293
293
293
293
293
293
293
293
293
293
293
293
293
293
293
293
293
293
293
293
293
293
293
293
293
293
293
293
293
293
293
293
293
293
293
293
293
293
293.002
293.015
293.047
293.089
293.125
293.143
293.146
293.14
293.111
293.074
293.048
293.036
293.031
293.033
293.04
293.049
293.056
293.059
293.058
293.053
293.041
293.023
293.002
292.981
292.962
292.945
292.933
292.925
292.919
292.918
292.919
292.92
292.923
292.927
292.931
292.937
292.944
292.952
292.96
292.97
292.98
292.99
293.002
293.013
293.025
293.037
293.049
293.061
293.072
293.084
293.095
293.106
293.117
293.128
293.138
293.147
293.157
293.167
293.177
293.189
293.202
293.219
293.24
293.266
293.298
293.336
293.382
293.433
293.49
293.55
293.613
293.677
293.741
293.804
293.865
293.918
293
293
293
293
293
293
293
293
293
293
293
293
293
293
293
293
293
293
293
293
293
293
293
293
293
293
293
293
293
293
293
293
293
293
293
293
293
293
293
293
293
293
293
293
293
293
293
293
293
293
293
293
293
293
293
293
293
293
293
293
293
293
293
293
293
293
293
293
293
293
293.004
293.02
293.055
293.097
293.129
293.145
293.146
293.139
293.11
293.076
293.051
293.039
293.035
293.036
293.041
293.049
293.056
293.061
293.063
293.063
293.061
293.057
293.049
293.039
293.03
293.022
293.016
293.013
293.014
293.016
293.019
293.022
293.026
293.03
293.036
293.042
293.049
293.056
293.064
293.073
293.082
293.091
293.1
293.109
293.119
293.128
293.138
293.147
293.156
293.165
293.173
293.182
293.19
293.198
293.207
293.215
293.225
293.236
293.25
293.265
293.284
293.307
293.334
293.365
293.4
293.439
293.48
293.524
293.569
293.615
293.663
293.71
293.754
293.794
293.829
293
293
293
293
293
293
293
293
293
293
293
293
293
293
293
293
293
293
293
293
293
293
293
293
293
293
293
293
293
293
293
293
293
293
293
293
293
293
293
293
293
293
293
293
293
293
293
293
293
293
293
293
293
293
293
293
293
293
293
293
293
293
293
293
293
293
293
293
293
293
293.001
293.005
293.024
293.059
293.1
293.131
293.145
293.147
293.141
293.115
293.083
293.059
293.045
293.04
293.04
293.043
293.049
293.056
293.061
293.066
293.069
293.071
293.072
293.074
293.076
293.077
293.08
293.083
293.087
293.091
293.095
293.098
293.102
293.106
293.111
293.116
293.121
293.126
293.132
293.137
293.144
293.15
293.156
293.163
293.17
293.177
293.184
293.191
293.198
293.205
293.212
293.22
293.227
293.234
293.242
293.25
293.259
293.269
293.281
293.296
293.313
293.333
293.356
293.382
293.41
293.441
293.475
293.511
293.549
293.588
293.626
293.663
293.699
293.734
293.77
293
293
293
293
293
293
293
293
293
293
293
293
293
293
293
293
293
293
293
293
293
293
293
293
293
293
293
293
293
293
293
293
293
293
293
293
293
293
293
293
293
293
293
293
293
293
293
293
293
293
293
293
293
293
293
293
293
293
293
293
293
293
293
293
293
293
293
293
293
293
293
293.001
293.006
293.024
293.058
293.098
293.128
293.144
293.147
293.143
293.125
293.097
293.072
293.056
293.049
293.047
293.047
293.05
293.054
293.06
293.065
293.07
293.075
293.08
293.085
293.09
293.096
293.102
293.109
293.114
293.118
293.123
293.127
293.132
293.136
293.141
293.146
293.152
293.157
293.162
293.168
293.173
293.179
293.184
293.189
293.194
293.199
293.204
293.209
293.213
293.217
293.222
293.226
293.232
293.238
293.245
293.254
293.265
293.277
293.292
293.308
293.328
293.349
293.374
293.402
293.432
293.465
293.499
293.533
293.566
293.6
293.634
293.667
293.697
293.721
293
293
293
293
293
293
293
293
293
293
293
293
293
293
293
293
293
293
293
293
293
293
293
293
293
293
293
293
293
293
293
293
293
293
293
293
293
293
293
293
293
293
293
293
293
293
293
293
293
293
293
293
293
293
293
293
293
293
293
293
293
293
293
293
293
293
293
293
293
293
293
293
293.001
293.005
293.022
293.052
293.09
293.121
293.14
293.145
293.143
293.135
293.115
293.091
293.073
293.062
293.056
293.055
293.056
293.057
293.059
293.063
293.068
293.074
293.08
293.086
293.092
293.098
293.105
293.111
293.115
293.119
293.123
293.127
293.131
293.135
293.14
293.144
293.148
293.152
293.156
293.16
293.164
293.167
293.171
293.174
293.178
293.182
293.185
293.189
293.193
293.198
293.204
293.21
293.218
293.227
293.239
293.253
293.268
293.287
293.308
293.331
293.357
293.385
293.413
293.442
293.47
293.5
293.529
293.557
293.583
293.606
293.62
293.624
293.615
293
293
293
293
293
293
293
293
293
293
293
293
293
293
293
293
293
293
293
293
293
293
293
293
293
293
293
293
293
293
293
293
293
293
293
293
293
293
293
293
293
293
293
293
293
293
293
293
293
293
293
293
293
293
293
293
293
293
293
293
293
293
293
293
293
293
293
293
293
293
293
293
293
293
293.004
293.016
293.042
293.076
293.109
293.131
293.141
293.143
293.139
293.13
293.115
293.098
293.083
293.073
293.068
293.066
293.066
293.067
293.068
293.07
293.073
293.077
293.081
293.086
293.092
293.096
293.099
293.102
293.106
293.109
293.112
293.115
293.118
293.121
293.124
293.127
293.13
293.133
293.136
293.14
293.143
293.147
293.152
293.157
293.163
293.169
293.177
293.186
293.196
293.208
293.221
293.236
293.253
293.271
293.291
293.313
293.335
293.357
293.381
293.404
293.428
293.451
293.473
293.493
293.51
293.521
293.524
293.519
293.5
293.466
293.417
293
293
293
293
293
293
293
293
293
293
293
293
293
293
293
293
293
293
293
293
293
293
293
293
293
293
293
293
293
293
293
293
293
293
293
293
293
293
293
293
293
293
293
293
293
293
293
293
293
293
293
293
293
293
293
293
293
293
293
293
293
293
293
293
293
293
293
293
293
293
293
293
293
293
293
293.002
293.01
293.029
293.057
293.089
293.115
293.131
293.138
293.139
293.136
293.13
293.122
293.112
293.102
293.093
293.087
293.083
293.081
293.082
293.083
293.085
293.087
293.09
293.093
293.096
293.098
293.101
293.103
293.106
293.108
293.111
293.114
293.118
293.121
293.125
293.129
293.134
293.139
293.144
293.15
293.156
293.164
293.172
293.181
293.191
293.202
293.214
293.227
293.24
293.255
293.271
293.287
293.304
293.322
293.34
293.358
293.375
293.391
293.406
293.419
293.428
293.434
293.434
293.426
293.408
293.38
293.342
293.294
293.239
293.181
293
293
293
293
293
293
293
293
293
293
293
293
293
293
293
293
293
293
293
293
293
293
293
293
293
293
293
293
293
293
293
293
293
293
293
293
293
293
293
293
293
293
293
293
293
293
293
293
293
293
293
293
293
293
293
293
293
293
293
293
293
293
293
293
293
293
293
293
293
293
293
293
293
293
293
293
293.001
293.005
293.016
293.036
293.063
293.089
293.111
293.126
293.133
293.136
293.135
293.133
293.129
293.126
293.122
293.118
293.115
293.112
293.11
293.109
293.109
293.111
293.114
293.116
293.118
293.121
293.123
293.126
293.129
293.133
293.137
293.141
293.146
293.151
293.156
293.162
293.169
293.175
293.182
293.19
293.198
293.206
293.216
293.225
293.236
293.247
293.259
293.271
293.283
293.295
293.307
293.318
293.328
293.337
293.345
293.35
293.353
293.352
293.346
293.333
293.315
293.289
293.257
293.219
293.179
293.137
293.098
293.065
293.039
293
293
293
293
293
293
293
293
293
293
293
293
293
293
293
293
293
293
293
293
293
293
293
293
293
293
293
293
293
293
293
293
293
293
293
293
293
293
293
293
293
293
293
293
293
293
293
293
293
293
293
293
293
293
293
293
293
293
293
293
293
293
293
293
293
293
293
293
293
293
293
293
293
293
293
293
293
293
293.002
293.007
293.018
293.035
293.058
293.08
293.1
293.114
293.124
293.13
293.133
293.135
293.135
293.135
293.135
293.135
293.135
293.136
293.138
293.14
293.143
293.146
293.148
293.15
293.153
293.155
293.159
293.162
293.166
293.17
293.174
293.179
293.184
293.189
293.195
293.201
293.208
293.215
293.222
293.229
293.236
293.243
293.25
293.256
293.262
293.268
293.273
293.277
293.279
293.28
293.278
293.274
293.266
293.254
293.239
293.22
293.197
293.171
293.143
293.114
293.087
293.062
293.041
293.025
293.014
293.007
293.003
293
293
293
293
293
293
293
293
293
293
293
293
293
293
293
293
293
293
293
293
293
293
293
293
293
293
293
293
293
293
293
293
293
293
293
293
293
293
293
293
293
293
293
293
293
293
293
293
293
293
293
293
293
293
293
293
293
293
293
293
293
293
293
293
293
293
293
293
293
293
293
293
293
293
293
293
293
293
293
293
293.002
293.006
293.014
293.028
293.044
293.062
293.08
293.095
293.107
293.116
293.123
293.128
293.133
293.136
293.14
293.143
293.147
293.15
293.154
293.157
293.16
293.162
293.165
293.167
293.17
293.173
293.176
293.179
293.183
293.186
293.189
293.193
293.196
293.199
293.202
293.206
293.208
293.211
293.212
293.214
293.214
293.213
293.211
293.208
293.202
293.195
293.186
293.175
293.161
293.146
293.129
293.112
293.093
293.075
293.058
293.043
293.03
293.02
293.012
293.007
293.004
293.002
293.001
293
293
293
293
293
293
293
293
293
293
293
293
293
293
293
293
293
293
293
293
293
293
293
293
293
293
293
293
293
293
293
293
293
293
293
293
293
293
293
293
293
293
293
293
293
293
293
293
293
293
293
293
293
293
293
293
293
293
293
293
293
293
293
293
293
293
293
293
293
293
293
293
293
293
293
293
293
293
293
293
293
293
293
293
293.001
293.004
293.009
293.016
293.026
293.039
293.052
293.064
293.076
293.087
293.096
293.104
293.111
293.117
293.122
293.127
293.132
293.135
293.137
293.139
293.141
293.143
293.144
293.146
293.147
293.148
293.149
293.15
293.15
293.15
293.15
293.149
293.147
293.145
293.142
293.139
293.134
293.129
293.123
293.115
293.107
293.098
293.089
293.078
293.068
293.058
293.047
293.038
293.029
293.022
293.015
293.01
293.007
293.004
293.002
293.001
293.001
293
293
293
293
293
293
293
293
293
293
293
293
293
293
293
293
293
293
293
293
293
293
293
293
293
293
293
293
293
293
293
293
293
293
293
293
293
293
293
293
293
293
293
293
293
293
293
293
293
293
293
293
293
293
293
293
293
293
293
293
293
293
293
293
293
293
293
293
293
293
293
293
293
293
293
293
293
293
293
293
293
293
293
293
293
293
293
293
293
293
293.001
293.001
293.003
293.006
293.011
293.017
293.023
293.031
293.038
293.045
293.052
293.058
293.064
293.069
293.072
293.075
293.076
293.077
293.078
293.078
293.078
293.078
293.077
293.076
293.075
293.074
293.072
293.069
293.067
293.064
293.06
293.056
293.052
293.048
293.043
293.039
293.034
293.029
293.025
293.02
293.016
293.013
293.01
293.007
293.005
293.004
293.002
293.001
293.001
293
293
293
293
293
293
293
293
293
293
293
293
293
293
293
293
293
293
293
293
293
293
293
293
293
293
293
293
293
293
293
293
293
293
293
293
293
293
293
293
293
293
293
293
293
293
293
293
293
293
293
293
293
293
293
293
293
293
293
293
293
293
293
293
293
293
293
293
293
293
293
293
293
293
293
293
293
293
293
293
293
293
293
293
293
293
293
293
293
293
293
293
293
293
293
293
293
293
293
293
293.001
293.001
293.002
293.004
293.006
293.008
293.01
293.012
293.014
293.016
293.018
293.019
293.019
293.019
293.019
293.019
293.019
293.018
293.018
293.017
293.016
293.015
293.014
293.013
293.012
293.011
293.01
293.008
293.007
293.006
293.005
293.004
293.003
293.002
293.002
293.001
293.001
293.001
293
293
293
293
293
293
293
293
293
293
293
293
293
293
293
293
293
293
293
293
293
293
293
293
293
293
293
293
293
293
293
293
293
293
293
293
293
293
293
293
293
293
293
293
293
293
293
293
293
293
293
293
293
293
293
293
293
293
293
293
293
293
293
293
293
293
293
293
293
293
293
293
293
293
293
293
293
293
293
293
293
293
293
293
293
293
293
293
293
293
293
293
293
293
293
293
293
293
293
293
293
293
293
293
293
293
293
293
293
293
293
293
293
293.001
293.001
293.001
293.001
293.001
293.001
293.001
293.002
293.001
293.001
293.001
293.001
293.001
293.001
293.001
293.001
293.001
293.001
293.001
293.001
293
293
293
293
293
293
293
293
293
293
293
293
293
293
293
293
293
293
293
293
293
293
293
293
293
293
293
293
293
293
293
293
293
293
293
293
293
293
293
293
293
293
293
293
293
293
293
293
293
293
293
293
293
293
293
293
293
293
293
293
293
293
293
293
293
293
293
293
293
293
293
293
293
293
293
293
293
293
293
293
293
293
293
293
293
293
293
293
293
293
293
293
293
293
293
293
293
293
293
293
293
293
293
293
293
293
293
293
293
293
293
293
293
293
293
293
293
293
293
293
293
293
293
293
293
293
293
293
293
293
293
293
293
293
293
293
293
293
293
293
293
293
293
293
293
293
293
293
293
293
293
293
293
293
293
293
293
293
293
293
293
293
293
293
293
293
293
293
293
293
293
293
293
293
293
293
293
293
293
293
293
293
293
293
293
293
293
293
293
293
293
293
293
293
293
293
293
293
293
293
293
293
293
293
293
293
293
293
293
293
293
293
293
293
293
293
293
293
293
293
293
293
293
293
293
293
293
293
293
293
293
293
293
293
293
293
293
293
293
293
293
293
293
293
293
293
293
293
293
293
293
293
293
293
293
293
293
293
293
293
293
293
293
293
293
293
293
293
293
293
293
293
293
293
293
293
293
293
293
293
293
293
293
293
293
293
293
293
293
293
293
293
293
293
293
293
293
293
293
293
293
293
293
293
293
293
293
293
293
293
293
293
293
293
293
293
293
293
293
293
293
293
293
293
293
293
293
293
293
293
293
293
293
293
293
293
293
293
293
293
293
293
293
293
293
293
293
293
293
293
293
293
293
293
293
293
293
293
293
293
293
293
293
293
293
293
293
293
293
293
293
293
293
293
293
293
293
293
293
293
293
293
293
293
293
293
293
293
293
293
293
293
293
293
293
293
293
293
293
293
293
293
293
293
293
293
293
293
293
293
293
293
293
293
293
293
293
293
293
293
293
293
293
293
293
293
293
293
293
293
293
293
293
293
293
293
293
293
293
293
293
293
293
293
293
293
293
293
293
293
293
293
293
293
293
293
293
293
293
293
293
293
293
293
293
293
293
293
293
293
293
293
293
293
293
293
293
293
293
293
293
293
293
293
293
293
293
293
293
293
293
293
293
293
293
293
293
293
293
293
293
293
293
293
293
293
293
293
293
293
293
293
293
293
293
293
293
293
293
293
293
293
293
293
293
293
293
293
293
293
293
293
293
293
293
293
293
293
293
293
293
293
293
293
293
293
293
293
293
293
293
293
293
293
293
293
293
293
293
293
293
293
293
293
293
293
293
293
293
293
293
293
293
293
293
293
293
293
293
293
293
293
293
293
293
293
293
293
293
293
293
293
293
293
293
293
293
293
293
293
293
293
293
293
293
293
293
293
293
293
293
293
293
293
293
293
293
293
293
293
293
293
293
293
293
293
293
293
293
293
293
293
293
293
293
293
293
293
293
293
293
293
293
293
293
293
293
293
293
293
293
293
293
293
293
293
293
293
293
293
293
293
293
293
293
293
293
293
293
293
293
293
293
293
293
293
293
293
293
293
293
293
293
293
293
293
293
293
293
293
293
293
293
293
293
293
293
293
293
293
293
293
293
293
293
293
293
293
293
293
293
293
293
293
293
293
293
293
293
293
293
293
293
293
293
293
293
293
293
293
293
293
293
293
293
293
293
293
293
293
293
293
293
293
293
293
293
293
293
293
293
293
293
293
293
293
293
293
293
293
293
293
293
293
293
293
293
293
293
293
293
293
293
293
293
293
293
293
293
293
293
293
293
293
293
293
293
293
293
293
293
293
293
293
293
293
293
293
293
293
293
293
293
293
293
293
293
293
293
293
293
293
293
293
293
293
293
293
293
293
293
293
293
293
293
293
293
293
293
293
293
293
293
293
293
293
293
293
293
293
293
293
293
293
293
293
293
293
293
293
293
293
293
293
293
293
293
293
293
293
293
293
293
293
293
293
293
293
293
293
293
293
293
293
293
293
293
293
293
293
293
293
293
293
293
293
293
293
293
293
293
293
293
293
293
293
293
293
293
293
293
293
293
293
293
293
293
293
293
293
293
293
293
293
293
293
293
293
293
293
293
293
293
293
293
293
293
293
293
293
293
293
293
293
293
293
293
293
293
293
293
293
293
293
293
293
293
293
293
293
293
293
293
293
293
293
293
293
293
293
293
293
293
293
293
293
293
293
293
293
293
293
293
293
293
293
293
293
293
293
293
293
293
293
293
293
293
293
293
293
293
293
293
293
293
293
293
293
293
293
293
293
293
293
293
293
293
293
293
293
293
293
293
293
293
293
293
293
293
293
293
293
293
293
293
293
293
293
293
293
293
293
293
293
293
293
293
293
293
293
293
293
293
293
293
293
293
293
293
293
293
293
293
293
293
293
293
293
293
293
293
293
293
293
293
293
293
293
293
293
293
293
293
293
293
293
293
293
293
293
293
293
293
293
293
293
293
293
293
293
293
293
293
293
293
293
293
293
293
293
293
293
293
293
293
293
293
293
293
293
293
293
293
293
293
293
293
293
293
293
293
293
293
293
293
293
293
293
293
293
293
293
293
293
293
293
293
293
293
293
293
293
293
293
293
293
293
293
293
293
293
293
293
293
293
293
293
293
293
293
293
293
293
293
293
293
293
293
293
293
293
293
293
293
293
293
293
293
293
293
293
293
293
293
293
293
293
293
293
293
293
293
293
293
293
293
293
293
293
293
293
293
293
293
293
293
293
293
293
293
293
293
293
293
293
293
293
293
293
293
293
293
293
293
293
293
293
293
293
293
293
293
293
293
293
293
293
293
293
293
293
293
293
293
293
293
293
293
293
293
293
293
293
293
293
293
293
293
293
293
293
293
293
293
293
293
293
293
293
293
293
293
293
293
293
293
293
293
293
293
293
293
293
293
293
293
293
293
293
293
293
293
293
293
293
293
293
293
293
293
293
293
293
293
293
293
293
293
293
293
293
293
293
293
293
293
293
293
293
293
293
293
293
293
293
293
293
293
293
293
293
293
293
293
293
293
)
;

boundaryField
{
    FreestreamLeft
    {
        type            totalTemperature;
        gamma           1.4;
        T0              uniform 293;
        value           uniform 293;
    }
    FreestreamTop
    {
        type            totalTemperature;
        gamma           1.4;
        T0              uniform 293;
        value           uniform 293;
    }
    Inlet
    {
        type            totalTemperature;
        gamma           1.4;
        T0              nonuniform List<scalar> 0();
        value           nonuniform List<scalar> 0();
    }
    Outlet
    {
        type            zeroGradient;
    }
    Wall
    {
        type            zeroGradient;
    }
    Wedge1
    {
        type            wedge;
    }
    Wedge2
    {
        type            wedge;
    }
    procBoundary2to1
    {
        type            processor;
        value           nonuniform List<scalar> 
190
(
329.584
329.584
315.898
331.31
320.373
331.513
331.242
330.77
329.879
328.179
325.417
321.306
315.898
329.407
324.799
316.407
290.476
277.927
280.296
287.984
299.087
305.405
310.237
312.743
314.008
314.296
314.018
313.683
313.723
314.283
315.162
315.847
316.192
316.209
316.061
315.544
314.754
313.819
313.241
313.003
313.567
314.575
316.177
317.697
319.028
319.955
320.373
318.855
308.879
324.799
308.879
304.798
302.907
301.176
299.569
298.177
297.055
296.19
295.556
295.123
294.846
294.658
294.5
294.342
294.191
294.077
294.015
294.006
294.034
294.074
294.091
294.055
293.959
293.863
293.804
293.731
293.585
293.348
293.123
293.019
293.001
293
293
293
293
293
293
293
293
293
293
293
293
293
293
329.491
329.491
315.88
315.88
321.265
325.388
328.153
329.899
330.751
331.21
331.513
331.339
320.431
320.431
319.983
319.067
317.73
316.21
314.628
313.614
313.014
313.251
313.849
314.787
315.565
316.089
316.233
316.185
315.892
315.229
314.335
313.694
313.625
313.956
314.166
313.867
312.612
310.138
305.332
299.005
287.886
280.371
277.84
290.359
316.722
329.521
324.979
324.979
318.846
308.765
308.765
304.679
302.804
301.094
299.512
298.144
297.048
296.203
295.576
295.141
294.859
294.668
294.507
294.346
294.194
294.078
294.015
294.006
294.033
294.073
294.09
294.055
293.959
293.863
293.805
293.732
293.588
293.352
293.126
293.02
293.001
293
293
293
293
293
293
293
293
293
293
293
293
293
293
)
;
    }
}


// ************************************************************************* //
