/*--------------------------------*- C++ -*----------------------------------*\
| =========                 |                                                 |
| \\      /  F ield         | OpenFOAM: The Open Source CFD Toolbox           |
|  \\    /   O peration     | Version:  2406                                  |
|   \\  /    A nd           | Website:  www.openfoam.com                      |
|    \\/     M anipulation  |                                                 |
\*---------------------------------------------------------------------------*/
FoamFile
{
    version     2.0;
    format      ascii;
    arch        "LSB;label=32;scalar=64";
    class       volScalarField;
    location    "0.095";
    object      T;
}
// * * * * * * * * * * * * * * * * * * * * * * * * * * * * * * * * * * * * * //

dimensions      [0 0 0 1 0 0 0];

internalField   nonuniform List<scalar> 
13948
(
300.988
295.16
293.353
293.046
293.03
293.005
292.98
292.962
292.956
292.959
292.962
292.956
292.935
292.909
292.892
292.886
292.892
292.913
292.948
292.992
293.031
293.051
293.053
293.048
293.036
293.015
292.989
292.961
292.933
292.904
292.878
292.863
292.857
292.862
292.88
292.917
292.962
292.993
293
293.001
293.001
293.002
293.005
293.014
293.031
293.052
293.065
293.068
293.066
293.057
293.039
293.018
293.004
293
293
293
293
293
293
293
293
293
293
293
293
293
293
293
293
293
293
293
293
293
293
293
293
293
293
293
293
293
293
293
293
293
293
293
293
293
293
293
293
293
293
293
293
293
293
308.664
299.716
294.985
293.392
293.054
293.025
293
292.978
292.96
292.953
292.956
292.959
292.953
292.934
292.91
292.894
292.889
292.895
292.915
292.95
292.992
293.03
293.049
293.051
293.045
293.032
293.012
292.987
292.959
292.932
292.904
292.879
292.864
292.859
292.864
292.882
292.919
292.964
292.993
293.001
293.002
293.002
293.003
293.006
293.015
293.031
293.052
293.065
293.067
293.065
293.056
293.038
293.018
293.004
293
293
293
293
293
293
293
293
293
293
293
293
293
293
293
293
293
293
293
293
293
293
293
293
293
293
293
293
293
293
293
293
293
293
293
293
293
293
293
293
293
293
293
293
293
293
321.555
321.249
320.52
319.363
317.435
314.542
310.609
306.1
301.606
298.745
295.796
294.29
293.321
293.07
293.035
293.008
292.982
292.963
292.955
292.956
292.958
292.951
292.933
292.911
292.896
292.891
292.898
292.918
292.952
292.993
293.03
293.047
293.049
293.042
293.03
293.01
292.984
292.958
292.93
292.903
292.879
292.865
292.86
292.865
292.884
292.92
292.965
292.994
293.001
293.002
293.002
293.003
293.006
293.015
293.032
293.053
293.065
293.067
293.065
293.055
293.038
293.017
293.004
293
293
293
293
293
293
293
293
293
293
293
293
293
293
293
293
293
293
293
293
293
293
293
293
293
293
293
293
293
293
293
293
293
293
293
293
293
293
293
293
293
293
293
293
293
293
318.946
318.558
318.138
317.586
316.796
315.907
315.217
314.931
314.894
315.055
315.352
315.633
315.955
316.216
316.47
316.767
317.006
317.027
316.926
316.374
315.779
315.067
314.161
313.335
312.769
312.372
312.032
311.828
311.675
311.443
311.175
310.932
310.667
310.323
309.763
308.783
307.456
305.608
303.243
300.501
297.837
295.604
294.661
293.857
293.651
293.203
293.055
293.037
293.017
292.988
292.965
292.955
292.954
292.955
292.948
292.931
292.911
292.897
292.894
292.9
292.92
292.954
292.995
293.03
293.046
293.046
293.04
293.027
293.007
292.982
292.956
292.929
292.902
292.879
292.866
292.862
292.867
292.886
292.922
292.966
292.994
293.001
293.002
293.002
293.004
293.007
293.016
293.033
293.053
293.065
293.067
293.064
293.055
293.037
293.017
293.004
293
293
293
293
293
293
293
293
293
293
293
293
293
293
293
293
293
293
293
293
293
293
293
293
293
293
293
293
293
293
293
293
293
293
293
293
293
293
293
293
293
293
293
293
293
293
315.044
313.989
312.874
311.753
310.677
309.6
308.451
307.425
306.632
306.168
305.997
305.987
306.118
306.323
306.596
306.895
307.162
307.413
307.623
307.692
307.561
307.21
306.578
305.879
305.19
304.603
304.228
303.9
303.589
303.351
303.065
302.721
302.41
302.12
301.82
301.45
300.952
300.209
299.28
298.102
296.76
295.369
294.283
293.45
293.175
292.991
293.08
293.024
293.034
293.045
293.03
292.998
292.971
292.958
292.954
292.953
292.945
292.929
292.91
292.899
292.896
292.903
292.923
292.957
292.996
293.03
293.044
293.044
293.038
293.025
293.004
292.98
292.954
292.928
292.901
292.879
292.867
292.863
292.869
292.888
292.924
292.967
292.995
293.002
293.003
293.003
293.004
293.007
293.017
293.033
293.053
293.064
293.066
293.064
293.054
293.036
293.016
293.004
293
293
293
293
293
293
293
293
293
293
293
293
293
293
293
293
293
293
293
293
293
293
293
293
293
293
293
293
293
293
293
293
293
293
293
293
293
293
293
293
293
293
293
293
293
293
312.272
311.201
310.049
308.763
307.395
306.007
304.614
303.228
301.997
300.972
300.215
299.723
299.432
299.329
299.36
299.497
299.742
300.011
300.268
300.489
300.584
300.522
300.329
299.996
299.57
299.19
298.885
298.663
298.437
298.201
297.955
297.674
297.386
297.14
296.901
296.66
296.397
296.076
295.63
295.104
294.509
293.946
293.412
293.062
292.835
292.784
292.743
292.862
292.939
293.011
293.042
293.033
293.003
292.975
292.959
292.953
292.95
292.942
292.927
292.91
292.9
292.898
292.906
292.926
292.96
292.998
293.03
293.043
293.042
293.035
293.022
293.001
292.977
292.951
292.926
292.9
292.879
292.868
292.864
292.87
292.89
292.927
292.969
292.996
293.002
293.003
293.003
293.004
293.008
293.017
293.034
293.054
293.064
293.066
293.063
293.053
293.035
293.016
293.003
293
293
293
293
293
293
293
293
293
293
293
293
293
293
293
293
293
293
293
293
293
293
293
293
293
293
293
293
293
293
293
293
293
293
293
293
293
293
293
293
293
293
293
293
293
293
308.356
307.499
306.57
305.49
304.259
302.943
301.58
300.215
298.959
297.831
296.925
296.243
295.776
295.515
295.425
295.458
295.573
295.731
295.902
296.101
296.26
296.296
296.231
296.074
295.858
295.678
295.527
295.382
295.23
295.096
294.966
294.81
294.641
294.48
294.31
294.144
293.986
293.818
293.605
293.375
293.132
292.939
292.788
292.703
292.657
292.663
292.671
292.787
292.898
292.996
293.038
293.034
293.007
292.977
292.959
292.952
292.947
292.939
292.925
292.91
292.901
292.9
292.909
292.93
292.963
293.001
293.03
293.041
293.04
293.033
293.019
292.998
292.974
292.949
292.924
292.899
292.878
292.868
292.865
292.872
292.893
292.929
292.971
292.996
293.002
293.003
293.003
293.005
293.009
293.018
293.035
293.055
293.064
293.066
293.063
293.053
293.035
293.015
293.003
293
293
293
293
293
293
293
293
293
293
293
293
293
293
293
293
293
293
293
293
293
293
293
293
293
293
293
293
293
293
293
293
293
293
293
293
293
293
293
293
293
293
293
293
293
293
304.224
303.71
303.139
302.428
301.538
300.513
299.399
298.254
297.156
296.15
295.301
294.613
294.09
293.738
293.545
293.493
293.532
293.621
293.747
293.924
294.129
294.287
294.376
294.392
294.355
294.291
294.198
294.061
293.879
293.691
293.538
293.396
293.268
293.161
293.061
292.983
292.924
292.869
292.802
292.727
292.659
292.607
292.578
292.577
292.585
292.614
292.663
292.791
292.906
292.997
293.034
293.03
293.006
292.977
292.959
292.95
292.944
292.936
292.923
292.91
292.902
292.903
292.912
292.934
292.967
293.003
293.031
293.04
293.038
293.03
293.016
292.995
292.97
292.946
292.922
292.897
292.878
292.869
292.867
292.874
292.895
292.932
292.973
292.997
293.003
293.004
293.004
293.005
293.009
293.019
293.036
293.055
293.064
293.066
293.062
293.052
293.034
293.014
293.003
293
293
293
293
293
293
293
293
293
293
293
293
293
293
293
293
293
293
293
293
293
293
293
293
293
293
293
293
293
293
293
293
293
293
293
293
293
293
293
293
293
293
293
293
293
293
300.502
300.352
300.112
299.748
299.212
298.527
297.737
296.891
296.044
295.246
294.535
293.946
293.483
293.156
292.941
292.818
292.772
292.786
292.85
292.972
293.137
293.308
293.459
293.565
293.619
293.63
293.605
293.543
293.446
293.308
293.123
292.957
292.824
292.718
292.638
292.589
292.557
292.539
292.528
292.516
292.508
292.505
292.51
292.532
292.568
292.619
292.699
292.825
292.926
293
293.03
293.026
293.003
292.976
292.957
292.948
292.941
292.933
292.921
292.91
292.904
292.905
292.915
292.938
292.971
293.006
293.031
293.038
293.035
293.027
293.012
292.991
292.967
292.943
292.919
292.896
292.877
292.87
292.868
292.876
292.898
292.936
292.976
292.998
293.003
293.004
293.004
293.006
293.01
293.02
293.038
293.056
293.064
293.065
293.062
293.051
293.032
293.013
293.003
293
293
293
293
293
293
293
293
293
293
293
293
293
293
293
293
293
293
293
293
293
293
293
293
293
293
293
293
293
293
293
293
293
293
293
293
293
293
293
293
293
293
293
293
293
293
297.496
297.574
297.56
297.457
297.224
296.866
296.402
295.864
295.287
294.712
294.179
293.717
293.347
293.058
292.845
292.699
292.617
292.599
292.623
292.669
292.74
292.855
292.986
293.095
293.171
293.217
293.23
293.217
293.178
293.12
293.035
292.924
292.806
292.702
292.624
292.576
292.547
292.527
292.515
292.507
292.508
292.517
292.534
292.567
292.617
292.68
292.773
292.877
292.956
293.008
293.027
293.02
292.997
292.971
292.954
292.945
292.939
292.93
292.92
292.91
292.905
292.908
292.919
292.943
292.976
293.009
293.031
293.037
293.033
293.024
293.008
292.986
292.963
292.94
292.916
292.894
292.877
292.87
292.87
292.878
292.902
292.939
292.978
292.999
293.003
293.004
293.005
293.006
293.011
293.021
293.039
293.057
293.064
293.065
293.061
293.05
293.031
293.012
293.002
293
293
293
293
293
293
293
293
293
293
293
293
293
293
293
293
293
293
293
293
293
293
293
293
293
293
293
293
293
293
293
293
293
293
293
293
293
293
293
293
293
293
293
293
293
293
295.291
295.546
295.689
295.742
295.712
295.579
295.342
295.04
294.694
294.325
293.962
293.636
293.364
293.129
292.939
292.793
292.692
292.636
292.619
292.629
292.665
292.733
292.814
292.888
292.949
292.991
293.01
293.012
293.001
292.991
292.975
292.952
292.913
292.86
292.797
292.739
292.69
292.65
292.623
292.606
292.603
292.617
292.639
292.676
292.724
292.78
292.853
292.929
292.985
293.016
293.023
293.013
292.989
292.966
292.95
292.942
292.936
292.928
292.918
292.91
292.907
292.911
292.923
292.948
292.981
293.013
293.031
293.035
293.03
293.02
293.003
292.982
292.959
292.936
292.914
292.892
292.877
292.871
292.871
292.881
292.906
292.944
292.981
293
293.004
293.005
293.005
293.007
293.012
293.023
293.041
293.058
293.064
293.065
293.06
293.048
293.03
293.011
293.002
293
293
293
293
293
293
293
293
293
293
293
293
293
293
293
293
293
293
293
293
293
293
293
293
293
293
293
293
293
293
293
293
293
293
293
293
293
293
293
293
293
293
293
293
293
293
293.975
294.357
294.603
294.739
294.784
294.745
294.63
294.465
294.27
294.049
293.817
293.596
293.399
293.227
293.08
292.954
292.852
292.775
292.723
292.703
292.706
292.73
292.776
292.83
292.875
292.903
292.918
292.923
292.926
292.936
292.941
292.955
292.964
292.954
292.925
292.884
292.838
292.794
292.76
292.739
292.733
292.744
292.765
292.796
292.833
292.872
292.92
292.974
293.009
293.023
293.022
293.006
292.98
292.959
292.946
292.939
292.933
292.926
292.917
292.911
292.909
292.914
292.928
292.954
292.986
293.016
293.031
293.032
293.027
293.016
292.999
292.977
292.954
292.932
292.91
292.89
292.877
292.871
292.873
292.884
292.91
292.948
292.984
293.001
293.004
293.005
293.006
293.008
293.013
293.024
293.042
293.059
293.064
293.064
293.059
293.047
293.028
293.01
293.002
293
293
293
293
293
293
293
293
293
293
293
293
293
293
293
293
293
293
293
293
293
293
293
293
293
293
293
293
293
293
293
293
293
293
293
293
293
293
293
293
293
293
293
293
293
293
293.2
293.619
293.907
294.092
294.198
294.238
294.216
294.138
294.025
293.89
293.739
293.586
293.443
293.314
293.199
293.096
293.006
292.931
292.871
292.835
292.817
292.816
292.832
292.864
292.896
292.913
292.919
292.92
292.92
292.93
292.944
292.958
292.968
292.967
292.956
292.935
292.905
292.875
292.851
292.836
292.833
292.843
292.862
292.887
292.916
292.945
292.979
293.014
293.026
293.025
293.016
292.995
292.971
292.952
292.941
292.935
292.93
292.923
292.916
292.912
292.911
292.917
292.934
292.96
292.992
293.018
293.03
293.03
293.023
293.011
292.993
292.971
292.95
292.928
292.907
292.888
292.877
292.872
292.875
292.888
292.915
292.953
292.987
293.002
293.005
293.005
293.006
293.008
293.014
293.026
293.044
293.06
293.064
293.064
293.058
293.045
293.026
293.009
293.001
293
293
293
293
293
293
293
293
293
293
293
293
293
293
293
293
293
293
293
293
293
293
293
293
293
293
293
293
293
293
293
293
293
293
293
293
293
293
293
293
293
293
293
293
293
293
292.806
293.226
293.533
293.746
293.882
293.956
293.973
293.938
293.872
293.791
293.694
293.588
293.48
293.378
293.279
293.187
293.103
293.031
292.972
292.932
292.906
292.9
292.904
292.921
292.95
292.967
292.974
292.975
292.974
292.975
292.978
292.981
292.981
292.977
292.97
292.959
292.944
292.928
292.916
292.91
292.912
292.922
292.939
292.961
292.985
293.006
293.028
293.038
293.033
293.022
293.005
292.984
292.962
292.946
292.936
292.931
292.927
292.921
292.916
292.913
292.914
292.922
292.94
292.967
292.997
293.021
293.029
293.027
293.019
293.006
292.987
292.966
292.944
292.924
292.904
292.886
292.877
292.873
292.877
292.891
292.92
292.959
292.99
293.003
293.005
293.006
293.007
293.009
293.015
293.028
293.046
293.06
293.064
293.063
293.057
293.043
293.024
293.008
293.001
293
293
293
293
293
293
293
293
293
293
293
293
293
293
293
293
293
293
293
293
293
293
293
293
293
293
293
293
293
293
293
293
293
293
293
293
293
293
293
293
293
293
293
293
293
293
292.57
292.97
293.269
293.482
293.625
293.714
293.765
293.777
293.753
293.708
293.648
293.577
293.494
293.408
293.319
293.231
293.147
293.073
293.01
292.964
292.932
292.922
292.919
292.926
292.948
292.97
292.988
293.001
293.009
293.014
293.013
293.01
293.006
293.001
292.995
292.989
292.983
292.979
292.976
292.976
292.981
292.991
293.006
293.023
293.037
293.048
293.053
293.044
293.026
293.009
292.991
292.972
292.953
292.94
292.932
292.928
292.924
292.92
292.916
292.915
292.917
292.927
292.947
292.974
293.003
293.022
293.027
293.023
293.015
293
292.981
292.959
292.939
292.92
292.9
292.884
292.877
292.875
292.88
292.896
292.926
292.964
292.993
293.004
293.006
293.006
293.007
293.01
293.017
293.031
293.049
293.061
293.064
293.063
293.056
293.041
293.022
293.007
293.001
293
293
293
293
293
293
293
293
293
293
293
293
293
293
293
293
293
293
293
293
293
293
293
293
293
293
293
293
293
293
293
293
293
293
293
293
293
293
293
293
293
293
293
293
293
293
292.386
292.768
293.06
293.276
293.43
293.532
293.596
293.629
293.632
293.612
293.576
293.531
293.471
293.398
293.318
293.235
293.155
293.08
293.015
292.963
292.925
292.904
292.893
292.893
292.905
292.922
292.944
292.961
292.976
292.99
293.002
293.012
293.016
293.015
293.012
293.008
293.007
293.007
293.009
293.014
293.02
293.03
293.042
293.051
293.057
293.059
293.051
293.027
293.004
292.989
292.976
292.961
292.946
292.934
292.927
292.924
292.922
292.919
292.917
292.917
292.921
292.933
292.954
292.982
293.008
293.022
293.024
293.019
293.01
292.994
292.973
292.953
292.934
292.915
292.897
292.883
292.877
292.876
292.883
292.901
292.933
292.97
292.996
293.005
293.006
293.007
293.008
293.011
293.019
293.033
293.051
293.062
293.064
293.062
293.054
293.039
293.02
293.006
293.001
293
293
293
293
293
293
293
293
293
293
293
293
293
293
293
293
293
293
293
293
293
293
293
293
293
293
293
293
293
293
293
293
293
293
293
293
293
293
293
293
293
293
293
293
293
293
292.184
292.559
292.849
293.066
293.224
293.333
293.404
293.448
293.471
293.474
293.458
293.426
293.385
293.329
293.264
293.195
293.125
293.059
292.999
292.948
292.904
292.872
292.848
292.833
292.828
292.83
292.849
292.874
292.9
292.924
292.945
292.961
292.972
292.98
292.986
292.992
292.997
293.001
293.007
293.014
293.022
293.031
293.039
293.043
293.043
293.038
293.018
292.99
292.977
292.971
292.963
292.952
292.938
292.928
292.923
292.921
292.92
292.919
292.918
292.92
292.926
292.94
292.963
292.99
293.012
293.022
293.021
293.015
293.003
292.986
292.966
292.946
292.928
292.91
292.894
292.882
292.877
292.878
292.887
292.908
292.941
292.977
292.999
293.005
293.007
293.007
293.009
293.012
293.021
293.036
293.053
293.062
293.064
293.061
293.052
293.036
293.017
293.004
293
293
293
293
293
293
293
293
293
293
293
293
293
293
293
293
293
293
293
293
293
293
293
293
293
293
293
293
293
293
293
293
293
293
293
293
293
293
293
293
293
293
293
293
293
293
293
291.943
292.317
292.612
292.837
293.005
293.125
293.206
293.258
293.286
293.297
293.292
293.271
293.242
293.202
293.156
293.106
293.054
293.004
292.957
292.913
292.874
292.839
292.808
292.785
292.769
292.762
292.766
292.784
292.806
292.831
292.856
292.878
292.895
292.909
292.92
292.929
292.939
292.951
292.963
292.974
292.984
292.993
292.997
292.996
292.991
292.983
292.966
292.955
292.957
292.958
292.954
292.943
292.93
292.922
292.919
292.919
292.919
292.92
292.92
292.923
292.932
292.948
292.972
292.997
293.015
293.02
293.017
293.009
292.996
292.977
292.957
292.939
292.922
292.905
292.89
292.882
292.878
292.881
292.892
292.915
292.949
292.983
293.002
293.006
293.007
293.008
293.01
293.014
293.024
293.039
293.056
293.063
293.064
293.06
293.05
293.033
293.014
293.003
293
293
293
293
293
293
293
293
293
293
293
293
293
293
293
293
293
293
293
293
293
293
293
293
293
293
293
293
293
293
293
293
293
293
293
293
293
293
293
293
293
293
293
293
293
293
293
291.684
292.042
292.34
292.578
292.761
292.895
292.991
293.054
293.092
293.11
293.114
293.104
293.084
293.059
293.029
292.997
292.963
292.929
292.897
292.865
292.834
292.803
292.776
292.755
292.741
292.733
292.733
292.742
292.755
292.77
292.786
292.801
292.816
292.831
292.845
292.859
292.874
292.888
292.902
292.915
292.925
292.933
292.937
292.937
292.933
292.929
292.926
292.935
292.946
292.95
292.945
292.933
292.922
292.917
292.916
292.918
292.92
292.921
292.923
292.929
292.939
292.958
292.981
293.004
293.016
293.017
293.012
293.002
292.987
292.968
292.949
292.932
292.916
292.901
292.888
292.881
292.88
292.884
292.898
292.924
292.959
292.989
293.004
293.007
293.008
293.009
293.011
293.016
293.026
293.043
293.058
293.063
293.063
293.059
293.047
293.029
293.012
293.002
293
293
293
293
293
293
293
293
293
293
293
293
293
293
293
293
293
293
293
293
293
293
293
293
293
293
293
293
293
293
293
293
293
293
293
293
293
293
293
293
293
293
293
293
293
293
293
291.475
291.785
292.064
292.302
292.498
292.651
292.767
292.849
292.905
292.939
292.955
292.959
292.954
292.944
292.928
292.909
292.888
292.865
292.84
292.817
292.794
292.774
292.756
292.742
292.732
292.725
292.724
292.726
292.733
292.741
292.751
292.761
292.772
292.784
292.797
292.811
292.826
292.84
292.854
292.866
292.876
292.884
292.89
292.893
292.896
292.899
292.91
292.93
292.942
292.943
292.936
292.923
292.914
292.912
292.914
292.918
292.922
292.924
292.928
292.935
292.948
292.968
292.991
293.008
293.014
293.012
293.006
292.994
292.977
292.958
292.94
292.925
292.91
292.896
292.886
292.882
292.882
292.888
292.905
292.933
292.968
292.995
293.006
293.008
293.008
293.009
293.012
293.018
293.03
293.047
293.06
293.063
293.063
293.057
293.044
293.025
293.009
293.001
293
293
293
293
293
293
293
293
293
293
293
293
293
293
293
293
293
293
293
293
293
293
293
293
293
293
293
293
293
293
293
293
293
293
293
293
293
293
293
293
293
293
293
293
293
293
293
291.376
291.621
291.853
292.067
292.259
292.421
292.552
292.653
292.729
292.783
292.819
292.841
292.852
292.856
292.854
292.847
292.836
292.822
292.805
292.788
292.772
292.757
292.744
292.734
292.729
292.726
292.727
292.729
292.733
292.738
292.744
292.75
292.758
292.768
292.779
292.791
292.804
292.817
292.829
292.84
292.85
292.86
292.868
292.877
292.886
292.895
292.911
292.93
292.938
292.934
292.922
292.911
292.908
292.91
292.915
292.921
292.925
292.929
292.933
292.943
292.958
292.978
292.999
293.01
293.011
293.007
292.998
292.983
292.965
292.947
292.931
292.918
292.905
292.892
292.885
292.882
292.884
292.894
292.914
292.945
292.978
293
293.007
293.008
293.009
293.01
293.013
293.021
293.034
293.051
293.061
293.064
293.062
293.055
293.04
293.021
293.007
293.001
293
293
293
293
293
293
293
293
293
293
293
293
293
293
293
293
293
293
293
293
293
293
293
293
293
293
293
293
293
293
293
293
293
293
293
293
293
293
293
293
293
293
293
293
293
293
293
291.373
291.574
291.763
291.941
292.104
292.253
292.384
292.494
292.583
292.651
292.703
292.74
292.766
292.782
292.79
292.793
292.792
292.786
292.778
292.767
292.755
292.745
292.737
292.732
292.729
292.729
292.73
292.732
292.736
292.74
292.745
292.752
292.76
292.769
292.78
292.791
292.801
292.812
292.823
292.833
292.844
292.856
292.867
292.878
292.89
292.901
292.916
292.928
292.928
292.919
292.908
292.903
292.905
292.911
292.919
292.926
292.93
292.934
292.94
292.952
292.969
292.989
293.003
293.008
293.006
292.999
292.988
292.971
292.953
292.937
292.923
292.911
292.899
292.889
292.885
292.884
292.888
292.901
292.925
292.957
292.988
293.004
293.008
293.009
293.01
293.011
293.015
293.024
293.039
293.055
293.062
293.064
293.061
293.052
293.035
293.017
293.004
293
293
293
293
293
293
293
293
293
293
293
293
293
293
293
293
293
293
293
293
293
293
293
293
293
293
293
293
293
293
293
293
293
293
293
293
293
293
293
293
293
293
293
293
293
293
293
293
291.454
291.615
291.772
291.921
292.057
292.182
292.297
292.398
292.486
292.559
292.618
292.663
292.697
292.722
292.738
292.749
292.755
292.757
292.757
292.754
292.749
292.745
292.741
292.738
292.735
292.734
292.734
292.735
292.737
292.741
292.746
292.753
292.762
292.771
292.781
292.791
292.802
292.813
292.824
292.835
292.847
292.859
292.871
292.883
292.894
292.904
292.913
292.917
292.912
292.903
292.899
292.901
292.908
292.918
292.926
292.932
292.935
292.94
292.949
292.963
292.981
292.996
293.004
293.004
292.999
292.99
292.975
292.957
292.94
292.927
292.915
292.905
292.895
292.888
292.885
292.887
292.894
292.91
292.938
292.97
292.996
293.007
293.009
293.01
293.011
293.013
293.018
293.028
293.044
293.058
293.063
293.064
293.059
293.048
293.03
293.013
293.003
293
293
293
293
293
293
293
293
293
293
293
293
293
293
293
293
293
293
293
293
293
293
293
293
293
293
293
293
293
293
293
293
293
293
293
293
293
293
293
293
293
293
293
293
293
293
293
293
291.625
291.735
291.851
291.967
292.081
292.187
292.284
292.37
292.447
292.515
292.572
292.619
292.656
292.685
292.706
292.722
292.734
292.742
292.748
292.752
292.755
292.755
292.755
292.753
292.752
292.75
292.748
292.747
292.748
292.75
292.754
292.76
292.768
292.776
292.786
292.796
292.807
292.819
292.831
292.843
292.855
292.867
292.878
292.887
292.894
292.901
292.905
292.903
292.899
292.896
292.899
292.907
292.918
292.928
292.934
292.937
292.941
292.948
292.959
292.975
292.99
292.999
293
292.997
292.989
292.976
292.959
292.942
292.928
292.918
292.909
292.9
292.892
292.888
292.887
292.891
292.902
292.923
292.953
292.983
293.002
293.009
293.01
293.011
293.012
293.015
293.021
293.034
293.05
293.061
293.064
293.063
293.057
293.043
293.024
293.008
293.001
293
293
293
293
293
293
293
293
293
293
293
293
293
293
293
293
293
293
293
293
293
293
293
293
293
293
293
293
293
293
293
293
293
293
293
293
293
293
293
293
293
293
293
293
293
293
293
293
291.847
291.911
291.985
292.065
292.148
292.23
292.309
292.382
292.449
292.508
292.559
292.603
292.64
292.671
292.695
292.714
292.729
292.741
292.751
292.759
292.765
292.77
292.773
292.775
292.775
292.775
292.774
292.773
292.774
292.775
292.778
292.783
292.789
292.796
292.805
292.814
292.825
292.836
292.847
292.858
292.868
292.876
292.884
292.89
292.894
292.897
292.898
292.897
292.896
292.9
292.909
292.92
292.93
292.936
292.94
292.943
292.949
292.959
292.972
292.985
292.994
292.996
292.993
292.987
292.976
292.96
292.943
292.928
292.918
292.91
292.903
292.895
292.891
292.889
292.89
292.897
292.913
292.938
292.969
292.995
293.007
293.01
293.011
293.012
293.013
293.017
293.026
293.04
293.055
293.063
293.064
293.061
293.053
293.036
293.018
293.005
293.001
293
293
293
293
293
293
293
293
293
293
293
293
293
293
293
293
293
293
293
293
293
293
293
293
293
293
293
293
293
293
293
293
293
293
293
293
293
293
293
293
293
293
293
293
293
293
293
293
292.077
292.095
292.134
292.183
292.238
292.295
292.354
292.411
292.466
292.517
292.563
292.603
292.638
292.668
292.693
292.713
292.73
292.744
292.755
292.765
292.772
292.779
292.785
292.789
292.793
292.796
292.799
292.802
292.805
292.808
292.812
292.817
292.822
292.829
292.836
292.845
292.853
292.861
292.869
292.876
292.882
292.887
292.891
292.895
292.897
292.898
292.899
292.901
292.905
292.914
292.925
292.934
292.939
292.943
292.946
292.952
292.96
292.971
292.982
292.989
292.99
292.988
292.983
292.973
292.957
292.941
292.926
292.916
292.91
292.904
292.898
292.893
292.891
292.891
292.895
292.907
292.927
292.956
292.985
293.003
293.01
293.011
293.012
293.013
293.015
293.021
293.031
293.047
293.06
293.064
293.064
293.059
293.047
293.029
293.012
293.003
293
293
293
293
293
293
293
293
293
293
293
293
293
293
293
293
293
293
293
293
293
293
293
293
293
293
293
293
293
293
293
293
293
293
293
293
293
293
293
293
293
293
293
293
293
293
293
293
293
292.273
292.266
292.274
292.295
292.328
292.365
292.404
292.446
292.488
292.529
292.568
292.604
292.636
292.665
292.69
292.711
292.728
292.743
292.755
292.766
292.774
292.782
292.789
292.796
292.802
292.808
292.814
292.82
292.827
292.833
292.839
292.846
292.852
292.859
292.866
292.873
292.879
292.885
292.889
292.893
292.897
292.9
292.902
292.904
292.905
292.907
292.909
292.915
292.923
292.932
292.939
292.944
292.947
292.95
292.956
292.963
292.971
292.979
292.983
292.984
292.983
292.977
292.967
292.953
292.936
292.922
292.913
292.908
292.904
292.899
292.895
292.892
292.892
292.895
292.904
292.921
292.946
292.975
292.998
293.009
293.012
293.013
293.013
293.014
293.018
293.026
293.039
293.054
293.063
293.065
293.063
293.055
293.04
293.021
293.007
293.001
293
293
293
293
293
293
293
293
293
293
293
293
293
293
293
293
293
293
293
293
293
293
293
293
293
293
293
293
293
293
293
293
293
293
293
293
293
293
293
293
293
293
293
293
293
293
293
293
293
292.409
292.393
292.386
292.388
292.401
292.423
292.449
292.477
292.508
292.54
292.572
292.602
292.631
292.658
292.683
292.705
292.724
292.741
292.755
292.767
292.778
292.788
292.797
292.805
292.813
292.822
292.83
292.838
292.847
292.855
292.863
292.871
292.878
292.885
292.891
292.896
292.901
292.905
292.908
292.911
292.914
292.916
292.918
292.92
292.922
292.924
292.928
292.934
292.941
292.947
292.95
292.953
292.956
292.96
292.965
292.971
292.975
292.977
292.977
292.975
292.969
292.959
292.945
292.929
292.916
292.908
292.905
292.902
292.9
292.897
292.894
292.894
292.896
292.903
292.918
292.94
292.967
292.992
293.007
293.012
293.013
293.013
293.014
293.016
293.022
293.032
293.048
293.061
293.065
293.065
293.06
293.048
293.031
293.013
293.003
293
293
293
293
293
293
293
293
293
293
293
293
293
293
293
293
293
293
293
293
293
293
293
293
293
293
293
293
293
293
293
293
293
293
293
293
293
293
293
293
293
293
293
293
293
293
293
293
293
293
292.492
292.472
292.459
292.453
292.454
292.462
292.479
292.499
292.522
292.546
292.572
292.598
292.625
292.65
292.675
292.698
292.72
292.739
292.757
292.773
292.788
292.801
292.814
292.825
292.836
292.847
292.857
292.867
292.876
292.885
292.893
292.9
292.907
292.913
292.918
292.922
292.926
292.929
292.931
292.934
292.936
292.938
292.939
292.941
292.943
292.945
292.948
292.952
292.954
292.956
292.957
292.959
292.962
292.965
292.968
292.969
292.969
292.968
292.965
292.958
292.947
292.933
292.919
292.908
292.903
292.901
292.9
292.899
292.897
292.896
292.896
292.898
292.905
292.917
292.937
292.963
292.988
293.005
293.012
293.014
293.014
293.014
293.016
293.02
293.028
293.042
293.056
293.064
293.065
293.063
293.054
293.039
293.021
293.007
293.001
293
293
293
293
293
293
293
293
293
293
293
293
293
293
293
293
293
293
293
293
293
293
293
293
293
293
293
293
293
293
293
293
293
293
293
293
293
293
293
293
293
293
293
293
293
293
293
293
293
293
292.555
292.532
292.515
292.503
292.497
292.497
292.503
292.516
292.532
292.551
292.573
292.596
292.619
292.642
292.665
292.689
292.712
292.734
292.755
292.775
292.794
292.812
292.828
292.842
292.856
292.868
292.879
292.89
292.899
292.907
292.915
292.921
292.927
292.932
292.936
292.939
292.942
292.945
292.947
292.949
292.951
292.952
292.953
292.954
292.955
292.956
292.957
292.958
292.958
292.958
292.958
292.959
292.959
292.959
292.959
292.959
292.956
292.95
292.942
292.931
292.919
292.907
292.9
292.898
292.898
292.898
292.898
292.898
292.898
292.898
292.901
292.907
292.92
292.938
292.962
292.986
293.004
293.013
293.015
293.015
293.015
293.016
293.019
293.025
293.037
293.052
293.063
293.066
293.065
293.059
293.046
293.028
293.011
293.002
293
293
293
293
293
293
293
293
293
293
293
293
293
293
293
293
293
293
293
293
293
293
293
293
293
293
293
293
293
293
293
293
293
293
293
293
293
293
293
293
293
293
293
293
293
293
293
293
293
293
293
292.641
292.613
292.589
292.57
292.556
292.547
292.544
292.546
292.553
292.565
292.58
292.597
292.617
292.637
292.658
292.678
292.699
292.719
292.741
292.762
292.782
292.8
292.818
292.834
292.848
292.861
292.873
292.883
292.893
292.901
292.908
292.915
292.921
292.926
292.93
292.933
292.936
292.939
292.941
292.943
292.944
292.945
292.946
292.947
292.948
292.948
292.948
292.948
292.948
292.947
292.947
292.947
292.947
292.945
292.942
292.937
292.93
292.922
292.912
292.903
292.896
292.894
292.893
292.894
292.895
292.897
292.898
292.899
292.901
292.905
292.912
292.924
292.942
292.965
292.988
293.005
293.014
293.016
293.016
293.016
293.017
293.019
293.024
293.034
293.049
293.062
293.066
293.066
293.061
293.051
293.034
293.016
293.005
293.001
293
293
293
293
293
293
293
293
293
293
293
293
293
293
293
293
293
293
293
293
293
293
293
293
293
293
293
293
293
293
293
293
293
293
293
293
293
293
293
293
293
293
293
293
293
293
293
293
293
293
293
292.772
292.739
292.709
292.681
292.657
292.638
292.623
292.612
292.607
292.607
292.611
292.619
292.63
292.644
292.659
292.674
292.691
292.708
292.726
292.741
292.756
292.771
292.786
292.802
292.816
292.83
292.843
292.854
292.864
292.873
292.881
292.888
292.894
292.9
292.904
292.908
292.912
292.915
292.918
292.92
292.921
292.923
292.924
292.925
292.926
292.926
292.926
292.926
292.926
292.926
292.925
292.923
292.921
292.917
292.912
292.905
292.899
292.893
292.89
292.888
292.888
292.889
292.891
292.894
292.897
292.9
292.902
292.905
292.911
292.919
292.932
292.95
292.972
292.992
293.008
293.015
293.017
293.017
293.017
293.017
293.019
293.024
293.034
293.047
293.061
293.066
293.066
293.063
293.054
293.038
293.02
293.007
293.001
293
293
293
293
293
293
293
293
293
293
293
293
293
293
293
293
293
293
293
293
293
293
293
293
293
293
293
293
293
293
293
293
293
293
293
293
293
293
293
293
293
293
293
293
293
293
293
293
293
293
293
293
292.927
292.897
292.867
292.836
292.807
292.78
292.754
292.732
292.714
292.699
292.689
292.682
292.68
292.681
292.685
292.692
292.7
292.71
292.719
292.73
292.741
292.752
292.762
292.772
292.78
292.789
292.797
292.805
292.813
292.821
292.828
292.835
292.842
292.848
292.853
292.858
292.863
292.867
292.871
292.874
292.877
292.879
292.881
292.883
292.885
292.886
292.888
292.889
292.89
292.891
292.89
292.889
292.887
292.884
292.883
292.882
292.881
292.882
292.882
292.883
292.887
292.891
292.895
292.899
292.903
292.907
292.912
292.92
292.93
292.944
292.962
292.982
292.999
293.012
293.017
293.018
293.018
293.018
293.019
293.021
293.025
293.034
293.047
293.06
293.066
293.067
293.064
293.055
293.04
293.023
293.009
293.002
293
293
293
293
293
293
293
293
293
293
293
293
293
293
293
293
293
293
293
293
293
293
293
293
293
293
293
293
293
293
293
293
293
293
293
293
293
293
293
293
293
293
293
293
293
293
293
293
293
293
293
293
293
293.04
293.021
293
292.978
292.954
292.93
292.905
292.88
292.856
292.834
292.813
292.795
292.779
292.767
292.757
292.75
292.746
292.744
292.744
292.746
292.749
292.753
292.757
292.762
292.767
292.773
292.779
292.784
292.789
292.795
292.8
292.804
292.809
292.813
292.817
292.821
292.825
292.829
292.832
292.835
292.838
292.841
292.844
292.846
292.849
292.851
292.854
292.858
292.861
292.864
292.866
292.868
292.87
292.871
292.872
292.874
292.876
292.879
292.884
292.888
292.894
292.9
292.905
292.911
292.917
292.924
292.933
292.945
292.96
292.977
292.994
293.008
293.016
293.019
293.02
293.02
293.02
293.02
293.022
293.028
293.037
293.049
293.061
293.066
293.066
293.064
293.055
293.041
293.024
293.01
293.002
293
293
293
293
293
293
293
293
293
293
293
293
293
293
293
293
293
293
293
293
293
293
293
293
293
293
293
293
293
293
293
293
293
293
293
293
293
293
293
293
293
293
293
293
293
293
293
293
293
293
293
293
293
293
293.092
293.08
293.067
293.054
293.04
293.024
293.008
292.99
292.972
292.953
292.934
292.914
292.896
292.878
292.861
292.846
292.832
292.821
292.811
292.803
292.797
292.792
292.789
292.788
292.787
292.788
292.788
292.79
292.792
292.794
292.797
292.799
292.802
292.805
292.808
292.811
292.814
292.817
292.82
292.823
292.826
292.829
292.831
292.834
292.837
292.839
292.843
292.847
292.851
292.855
292.859
292.862
292.866
292.87
292.874
292.879
292.884
292.89
292.897
292.904
292.911
292.918
292.925
292.933
292.942
292.953
292.966
292.98
292.994
293.007
293.015
293.02
293.021
293.021
293.021
293.021
293.023
293.026
293.031
293.041
293.053
293.063
293.066
293.066
293.063
293.054
293.04
293.023
293.009
293.002
293
293
293
293
293
293
293
293
293
293
293
293
293
293
293
293
293
293
293
293
293
293
293
293
293
293
293
293
293
293
293
293
293
293
293
293
293
293
293
293
293
293
293
293
293
293
293
293
293
293
293
293
293
293
293
293.117
293.109
293.1
293.091
293.082
293.072
293.062
293.051
293.04
293.027
293.015
293.001
292.987
292.973
292.958
292.944
292.93
292.916
292.903
292.891
292.88
292.87
292.861
292.854
292.847
292.842
292.837
292.834
292.831
292.829
292.828
292.828
292.828
292.828
292.829
292.83
292.831
292.832
292.834
292.836
292.837
292.839
292.841
292.843
292.846
292.848
292.851
292.856
292.86
292.865
292.87
292.875
292.881
292.887
292.893
292.9
292.908
292.916
292.924
292.932
292.94
292.948
292.957
292.967
292.978
292.989
293
293.01
293.017
293.021
293.022
293.023
293.023
293.023
293.024
293.026
293.03
293.038
293.047
293.057
293.064
293.065
293.065
293.06
293.051
293.036
293.02
293.008
293.002
293
293
293
293
293
293
293
293
293
293
293
293
293
293
293
293
293
293
293
293
293
293
293
293
293
293
293
293
293
293
293
293
293
293
293
293
293
293
293
293
293
293
293
293
293
293
293
293
293
293
293
293
293
293
293
293
293.136
293.13
293.123
293.117
293.11
293.104
293.097
293.09
293.083
293.075
293.068
293.059
293.051
293.042
293.033
293.023
293.013
293.003
292.993
292.983
292.973
292.963
292.954
292.945
292.936
292.929
292.921
292.915
292.909
292.904
292.899
292.895
292.891
292.888
292.886
292.884
292.883
292.882
292.881
292.881
292.881
292.882
292.882
292.883
292.884
292.885
292.888
292.892
292.896
292.901
292.906
292.912
292.919
292.926
292.933
292.94
292.948
292.956
292.963
292.971
292.979
292.987
292.995
293.003
293.01
293.016
293.02
293.023
293.024
293.025
293.025
293.026
293.027
293.029
293.032
293.038
293.046
293.054
293.061
293.064
293.064
293.062
293.056
293.045
293.03
293.016
293.006
293.001
293
293
293
293
293
293
293
293
293
293
293
293
293
293
293
293
293
293
293
293
293
293
293
293
293
293
293
293
293
293
293
293
293
293
293
293
293
293
293
293
293
293
293
293
293
293
293
293
293
293
293
293
293
293
293
293
293
293.155
293.149
293.143
293.137
293.132
293.127
293.121
293.116
293.111
293.106
293.101
293.096
293.091
293.086
293.081
293.076
293.071
293.065
293.059
293.053
293.047
293.041
293.035
293.029
293.023
293.016
293.01
293.004
292.999
292.993
292.988
292.983
292.979
292.975
292.971
292.967
292.965
292.962
292.96
292.958
292.956
292.955
292.955
292.954
292.954
292.954
292.955
292.956
292.959
292.962
292.966
292.97
292.975
292.98
292.985
292.99
292.995
292.999
293.004
293.009
293.013
293.017
293.02
293.023
293.025
293.026
293.027
293.028
293.028
293.029
293.031
293.033
293.036
293.041
293.047
293.054
293.059
293.062
293.063
293.062
293.058
293.049
293.037
293.023
293.011
293.004
293.001
293
293
293
293
293
293
293
293
293
293
293
293
293
293
293
293
293
293
293
293
293
293
293
293
293
293
293
293
293
293
293
293
293
293
293
293
293
293
293
293
293
293
293
293
293
293
293
293
293
293
293
293
293
293
293
293
293
293
293.17
293.164
293.158
293.152
293.147
293.142
293.137
293.132
293.128
293.124
293.12
293.116
293.112
293.108
293.104
293.101
293.097
293.094
293.09
293.087
293.083
293.08
293.077
293.073
293.07
293.067
293.064
293.061
293.057
293.054
293.051
293.048
293.045
293.043
293.04
293.038
293.035
293.033
293.031
293.029
293.027
293.026
293.024
293.023
293.022
293.021
293.02
293.019
293.019
293.019
293.019
293.02
293.02
293.021
293.022
293.023
293.024
293.025
293.026
293.027
293.028
293.029
293.03
293.03
293.031
293.032
293.033
293.034
293.036
293.038
293.042
293.046
293.051
293.055
293.058
293.06
293.061
293.06
293.056
293.049
293.039
293.027
293.015
293.006
293.002
293
293
293
293
293
293
293
293
293
293
293
293
293
293
293
293
293
293
293
293
293
293
293
293
293
293
293
293
293
293
293
293
293
293
293
293
293
293
293
293
293
293
293
293
293
293
293
293
293
293
293
293
293
293
293
293
293
293
293
293
293.177
293.171
293.166
293.161
293.156
293.151
293.146
293.142
293.138
293.134
293.13
293.126
293.122
293.119
293.115
293.112
293.109
293.106
293.103
293.1
293.097
293.094
293.091
293.089
293.086
293.084
293.081
293.079
293.077
293.075
293.073
293.071
293.069
293.067
293.065
293.063
293.061
293.06
293.058
293.057
293.055
293.054
293.053
293.051
293.05
293.049
293.047
293.045
293.043
293.042
293.04
293.039
293.038
293.037
293.037
293.036
293.036
293.036
293.036
293.036
293.037
293.037
293.038
293.038
293.039
293.041
293.043
293.046
293.049
293.051
293.054
293.056
293.057
293.058
293.059
293.057
293.053
293.047
293.038
293.027
293.016
293.008
293.003
293.001
293
293
293
293
293
293
293
293
293
293
293
293
293
293
293
293
293
293
293
293
293
293
293
293
293
293
293
293
293
293
293
293
293
293
293
293
293
293
293
293
293
293
293
293
293
293
293
293
293
293
293
293
293
293
293
293
293
293
293
293
293
293.176
293.171
293.167
293.162
293.158
293.154
293.15
293.146
293.142
293.138
293.134
293.131
293.127
293.124
293.121
293.118
293.115
293.112
293.109
293.106
293.104
293.101
293.099
293.096
293.094
293.092
293.09
293.087
293.085
293.083
293.081
293.079
293.078
293.076
293.074
293.072
293.071
293.069
293.068
293.066
293.065
293.063
293.062
293.061
293.06
293.058
293.057
293.055
293.053
293.051
293.05
293.049
293.047
293.047
293.046
293.045
293.045
293.045
293.045
293.046
293.047
293.048
293.049
293.05
293.051
293.052
293.053
293.054
293.056
293.056
293.057
293.056
293.055
293.053
293.048
293.042
293.033
293.024
293.015
293.008
293.003
293.001
293
293
293
293
293
293
293
293
293
293
293
293
293
293
293
293
293
293
293
293
293
293
293
293
293
293
293
293
293
293
293
293
293
293
293
293
293
293
293
293
293
293
293
293
293
293
293
293
293
293
293
293
293
293
293
293
293
293
293
293
293
293
293
293.159
293.157
293.155
293.153
293.151
293.148
293.145
293.142
293.139
293.137
293.134
293.131
293.128
293.125
293.123
293.12
293.117
293.115
293.112
293.11
293.108
293.105
293.103
293.101
293.099
293.097
293.095
293.093
293.091
293.089
293.087
293.086
293.084
293.082
293.081
293.079
293.078
293.076
293.075
293.073
293.072
293.071
293.07
293.069
293.067
293.066
293.065
293.063
293.061
293.06
293.059
293.058
293.057
293.056
293.056
293.055
293.055
293.055
293.055
293.055
293.055
293.055
293.055
293.056
293.056
293.056
293.056
293.055
293.054
293.053
293.05
293.046
293.04
293.034
293.026
293.018
293.011
293.006
293.003
293.001
293
293
293
293
293
293
293
293
293
293
293
293
293
293
293
293
293
293
293
293
293
293
293
293
293
293
293
293
293
293
293
293
293
293
293
293
293
293
293
293
293
293
293
293
293
293
293
293
293
293
293
293
293
293
293
293
293
293
293
293
293
293
293
293
293
293.115
293.118
293.12
293.122
293.123
293.123
293.124
293.123
293.123
293.122
293.121
293.12
293.119
293.117
293.116
293.114
293.113
293.111
293.109
293.108
293.106
293.104
293.102
293.101
293.099
293.097
293.096
293.094
293.093
293.091
293.09
293.088
293.087
293.086
293.084
293.083
293.082
293.081
293.079
293.078
293.077
293.076
293.075
293.074
293.073
293.072
293.071
293.069
293.067
293.066
293.065
293.063
293.062
293.062
293.061
293.06
293.06
293.059
293.059
293.058
293.057
293.056
293.055
293.054
293.052
293.05
293.048
293.045
293.041
293.036
293.03
293.024
293.017
293.012
293.007
293.004
293.002
293.001
293
293
293
293
293
293
293
293
293
293
293
293
293
293
293
293
293
293
293
293
293
293
293
293
293
293
293
293
293
293
293
293
293
293
293
293
293
293
293
293
293
293
293
293
293
293
293
293
293
293
293
293
293
293
293
293
293
293
293
293
293
293
293
293
293
293
293
293.053
293.058
293.062
293.067
293.07
293.074
293.077
293.08
293.082
293.085
293.086
293.088
293.089
293.09
293.091
293.091
293.092
293.092
293.092
293.091
293.091
293.091
293.09
293.089
293.089
293.088
293.087
293.086
293.086
293.085
293.084
293.083
293.082
293.081
293.08
293.079
293.078
293.077
293.076
293.075
293.075
293.074
293.073
293.072
293.071
293.07
293.069
293.068
293.066
293.065
293.064
293.062
293.061
293.06
293.058
293.057
293.056
293.054
293.052
293.05
293.048
293.046
293.043
293.04
293.036
293.032
293.027
293.023
293.018
293.013
293.009
293.006
293.003
293.002
293.001
293
293
293
293
293
293
293
293
293
293
293
293
293
293
293
293
293
293
293
293
293
293
293
293
293
293
293
293
293
293
293
293
293
293
293
293
293
293
293
293
293
293
293
293
293
293
293
293
293
293
293
293
293
293
293
293
293
293
293
293
293
293
293
293
293
293
293
293
293
293
293.012
293.014
293.016
293.019
293.021
293.024
293.027
293.029
293.032
293.035
293.037
293.04
293.042
293.045
293.047
293.049
293.051
293.052
293.054
293.055
293.056
293.057
293.058
293.059
293.06
293.06
293.061
293.061
293.061
293.061
293.061
293.061
293.061
293.061
293.061
293.061
293.061
293.06
293.06
293.059
293.059
293.059
293.058
293.058
293.057
293.056
293.056
293.054
293.053
293.051
293.05
293.048
293.047
293.045
293.043
293.041
293.038
293.036
293.033
293.03
293.027
293.023
293.02
293.017
293.013
293.01
293.008
293.005
293.003
293.002
293.001
293
293
293
293
293
293
293
293
293
293
293
293
293
293
293
293
293
293
293
293
293
293
293
293
293
293
293
293
293
293
293
293
293
293
293
293
293
293
293
293
293
293
293
293
293
293
293
293
293
293
293
293
293
293
293
293
293
293
293
293
293
293
293
293
293
293
293
293
293
293
293
293
293
293
293.001
293.001
293.002
293.002
293.002
293.003
293.004
293.004
293.005
293.006
293.007
293.008
293.009
293.01
293.011
293.013
293.014
293.015
293.016
293.017
293.018
293.019
293.02
293.021
293.022
293.023
293.024
293.025
293.026
293.026
293.027
293.027
293.028
293.028
293.029
293.029
293.029
293.029
293.029
293.029
293.029
293.029
293.029
293.029
293.029
293.029
293.028
293.027
293.026
293.025
293.024
293.023
293.021
293.02
293.018
293.016
293.014
293.012
293.01
293.009
293.007
293.005
293.004
293.003
293.002
293.001
293.001
293
293
293
293
293
293
293
293
293
293
293
293
293
293
293
293
293
293
293
293
293
293
293
293
293
293
293
293
293
293
293
293
293
293
293
293
293
293
293
293
293
293
293
293
293
293
293
293
293
293
293
293
293
293
293
293
293
293
293
293
293
293
293
293
293
293
293
293
293
293
293
293
293
293
293
293
293
293
293
293
293
293
293
293
293
293
293
293
293
293.001
293.001
293.001
293.001
293.001
293.001
293.002
293.002
293.002
293.002
293.002
293.003
293.003
293.003
293.004
293.004
293.004
293.004
293.005
293.005
293.005
293.005
293.006
293.006
293.006
293.006
293.006
293.006
293.006
293.006
293.006
293.006
293.006
293.006
293.006
293.006
293.006
293.006
293.005
293.005
293.004
293.004
293.003
293.003
293.002
293.002
293.002
293.001
293.001
293.001
293
293
293
293
293
293
293
293
293
293
293
293
293
293
293
293
293
293
293
293
293
293
293
293
293
293
293
293
293
293
293
293
293
293
293
293
293
293
293
293
293
293
293
293
293
293
293
293
293
293
293
293
293
293
293
293
293
293
293
293
293
293
293
293
293
293
293
293
293
293
293
293
293
293
293
293
293
293
293
293
293
293
293
293
293
293
293
293
293
293
293
293
293
293
293
293
293
293
293
293
293
293
293
293
293
293
293
293
293
293
293
293
293
293
293
293
293
293
293
293
293
293
293
293
293
293
293
293
293
293
293
293
293
293
293
293
293
293
293
293
293
293
293
293
293
293
293
293
293
293
293
293
293
293
293
293
293
293
293
293
293
293
293
293
293
293
293
293
293
293
293
293
293
293
293
293
293
293
293
293
293
293
293
293
293
293
293
293
293
293
293
293
293
293
293
293
293
293
293
293
293
293
293
293
293
293
293
293
293
293
293
293
293
293
293
293
293
293
293
293
293
293
293
293
293
293
293
293
293
293
293
293
293
293
293
293
293
293
293
293
293
293
293
293
293
293
293
293
293
293
293
293
293
293
293
293
293
293
293
293
293
293
293
293
293
293
293
293
293
293
293
293
293
293
293
293
293
293
293
293
293
293
293
293
293
293
293
293
293
293
293
293
293
293
293
293
293
293
293
293
293
293
293
293
293
293
293
293
293
293
293
293
293
293
293
293
293
293
293
293
293
293
293
293
293
293
293
293
293
293
293
293
293
293
293
293
293
293
293
293
293
293
293
293
293
293
293
293
293
293
293
293
293
293
293
293
293
293
293
293
293
293
293
293
293
293
293
293
293
293
293
293
293
293
293
293
293
293
293
293
293
293
293
293
293
293
293
293
293
293
293
293
293
293
293
293
293
293
293
293
293
293
293
293
293
293
293
293
293
293
293
293
293
293
293
293
293
293
293
293
293.004
293.018
293.039
293.057
293.066
293.068
293.065
293.052
293.031
293.014
293.005
293.002
293.001
293.001
293
292.993
292.962
292.917
292.88
292.862
292.857
292.863
292.878
292.904
292.933
292.961
292.989
293.015
293.036
293.048
293.053
293.051
293.031
292.992
292.948
292.912
292.892
292.886
292.892
292.909
292.935
292.956
292.962
292.959
292.956
292.962
292.98
293.005
293.03
293.046
293.354
295.16
300.992
293
293
293
293
293
293
293
293
293
293
293
293
293
293
293
293
293
293
293
293
293
293
293
293
293
293
293
293
293
293
293
293
293
293
293
293
293
293
293
293
293
293
293
293
293
293
293.004
293.018
293.038
293.056
293.065
293.068
293.065
293.052
293.031
293.015
293.006
293.003
293.002
293.002
293.001
292.993
292.964
292.919
292.882
292.864
292.859
292.864
292.879
292.904
292.932
292.959
292.987
293.012
293.032
293.045
293.051
293.049
293.03
292.992
292.95
292.915
292.895
292.889
292.894
292.91
292.934
292.953
292.959
292.956
292.953
292.96
292.978
293
293.025
293.054
293.393
294.989
299.71
308.669
293
293
293
293
293
293
293
293
293
293
293
293
293
293
293
293
293
293
293
293
293
293
293
293
293
293
293
293
293
293
293
293
293
293
293
293
293
293
293
293
293
293
293
293
293
293
293.004
293.017
293.038
293.055
293.065
293.067
293.065
293.053
293.032
293.015
293.006
293.003
293.002
293.002
293.001
292.994
292.965
292.92
292.884
292.865
292.86
292.865
292.879
292.903
292.93
292.958
292.984
293.01
293.03
293.042
293.049
293.047
293.03
292.993
292.952
292.918
292.897
292.891
292.896
292.911
292.933
292.951
292.958
292.956
292.955
292.963
292.982
293.008
293.035
293.07
293.321
294.292
295.794
298.756
301.619
306.093
310.574
314.519
317.445
319.416
320.554
321.246
321.517
293
293
293
293
293
293
293
293
293
293
293
293
293
293
293
293
293
293
293
293
293
293
293
293
293
293
293
293
293
293
293
293
293
293
293
293
293
293
293
293
293
293
293
293
293
293
293.004
293.017
293.037
293.055
293.064
293.067
293.065
293.053
293.033
293.016
293.007
293.004
293.002
293.002
293.001
292.994
292.966
292.922
292.886
292.867
292.862
292.866
292.879
292.902
292.929
292.956
292.982
293.007
293.027
293.04
293.046
293.045
293.03
292.995
292.954
292.92
292.9
292.894
292.897
292.911
292.931
292.948
292.955
292.954
292.955
292.966
292.988
293.017
293.037
293.055
293.203
293.653
293.858
294.67
295.616
297.844
300.479
303.213
305.598
307.492
308.826
309.778
310.291
310.617
310.92
311.262
311.454
311.62
311.84
312.062
312.398
312.797
313.364
314.184
315.056
315.801
316.399
316.928
317.023
317.019
316.79
316.481
316.207
315.952
315.637
315.364
315.071
314.915
314.943
315.226
315.954
316.856
317.65
318.204
318.624
318.971
293
293
293
293
293
293
293
293
293
293
293
293
293
293
293
293
293
293
293
293
293
293
293
293
293
293
293
293
293
293
293
293
293
293
293
293
293
293
293
293
293
293
293
293
293
293
293.004
293.016
293.036
293.054
293.064
293.066
293.064
293.053
293.033
293.017
293.007
293.004
293.003
293.003
293.002
292.995
292.967
292.924
292.888
292.869
292.863
292.867
292.879
292.901
292.928
292.954
292.98
293.004
293.025
293.038
293.044
293.044
293.03
292.996
292.957
292.923
292.903
292.896
292.899
292.91
292.929
292.945
292.953
292.954
292.958
292.971
292.998
293.03
293.045
293.034
293.024
293.081
292.992
293.178
293.456
294.289
295.365
296.741
298.077
299.276
300.234
300.981
301.449
301.786
302.091
302.445
302.757
303.044
303.338
303.625
303.925
304.234
304.609
305.197
305.858
306.569
307.23
307.57
307.683
307.626
307.416
307.163
306.897
306.601
306.335
306.135
306.012
305.993
306.156
306.615
307.425
308.501
309.67
310.751
311.814
312.907
314.022
315.076
293
293
293
293
293
293
293
293
293
293
293
293
293
293
293
293
293
293
293
293
293
293
293
293
293
293
293
293
293
293
293
293
293
293
293
293
293
293
293
293
293
293
293
293
293
293
293.003
293.016
293.035
293.053
293.063
293.066
293.064
293.054
293.034
293.017
293.008
293.004
293.003
293.003
293.002
292.996
292.969
292.927
292.89
292.87
292.864
292.868
292.879
292.9
292.926
292.951
292.977
293.001
293.022
293.035
293.042
293.043
293.03
292.998
292.96
292.926
292.906
292.898
292.9
292.91
292.927
292.942
292.95
292.953
292.959
292.975
293.003
293.033
293.042
293.011
292.939
292.862
292.744
292.784
292.835
293.065
293.417
293.946
294.496
295.09
295.63
296.093
296.413
296.653
296.876
297.137
297.412
297.682
297.946
298.212
298.451
298.663
298.88
299.196
299.562
299.973
300.33
300.528
300.577
300.484
300.264
300.021
299.764
299.521
299.387
299.354
299.457
299.724
300.207
300.966
301.994
303.276
304.669
306.043
307.429
308.797
310.085
311.238
312.313
293
293
293
293
293
293
293
293
293
293
293
293
293
293
293
293
293
293
293
293
293
293
293
293
293
293
293
293
293
293
293
293
293
293
293
293
293
293
293
293
293
293
293
293
293
293
293.003
293.015
293.035
293.053
293.063
293.066
293.064
293.055
293.035
293.018
293.009
293.005
293.003
293.003
293.002
292.996
292.971
292.929
292.893
292.872
292.865
292.869
292.878
292.899
292.924
292.949
292.974
292.998
293.019
293.033
293.04
293.041
293.03
293.001
292.963
292.93
292.909
292.9
292.901
292.91
292.925
292.938
292.947
292.952
292.959
292.977
293.007
293.034
293.038
292.996
292.898
292.787
292.671
292.663
292.656
292.705
292.794
292.946
293.13
293.366
293.598
293.821
293.997
294.151
294.304
294.469
294.646
294.82
294.969
295.1
295.24
295.389
295.529
295.682
295.864
296.062
296.224
296.295
296.257
296.092
295.903
295.742
295.589
295.475
295.442
295.531
295.79
296.244
296.922
297.832
298.954
300.24
301.602
302.964
304.284
305.519
306.605
307.539
308.403
293
293
293
293
293
293
293
293
293
293
293
293
293
293
293
293
293
293
293
293
293
293
293
293
293
293
293
293
293
293
293
293
293
293
293
293
293
293
293
293
293
293
293
293
293
293
293.003
293.014
293.034
293.052
293.062
293.066
293.064
293.055
293.036
293.019
293.009
293.005
293.004
293.004
293.003
292.997
292.973
292.932
292.895
292.874
292.867
292.869
292.878
292.897
292.922
292.946
292.97
292.994
293.015
293.03
293.038
293.04
293.031
293.003
292.967
292.934
292.912
292.902
292.902
292.91
292.923
292.936
292.944
292.95
292.959
292.977
293.006
293.03
293.034
292.997
292.906
292.791
292.663
292.614
292.585
292.577
292.581
292.612
292.662
292.726
292.796
292.866
292.927
292.989
293.064
293.156
293.266
293.399
293.541
293.694
293.886
294.07
294.204
294.297
294.364
294.398
294.378
294.29
294.133
293.928
293.755
293.632
293.545
293.508
293.559
293.751
294.1
294.615
295.298
296.152
297.156
298.265
299.412
300.53
301.559
302.455
303.172
303.75
304.27
293
293
293
293
293
293
293
293
293
293
293
293
293
293
293
293
293
293
293
293
293
293
293
293
293
293
293
293
293
293
293
293
293
293
293
293
293
293
293
293
293
293
293
293
293
293
293.003
293.013
293.032
293.051
293.062
293.065
293.064
293.056
293.038
293.02
293.01
293.006
293.004
293.004
293.003
292.998
292.976
292.936
292.898
292.876
292.868
292.87
292.877
292.896
292.919
292.943
292.967
292.991
293.012
293.027
293.035
293.038
293.031
293.006
292.971
292.938
292.915
292.905
292.904
292.91
292.921
292.933
292.941
292.948
292.957
292.976
293.003
293.026
293.03
293
292.926
292.824
292.699
292.619
292.568
292.532
292.511
292.506
292.511
292.517
292.526
292.535
292.555
292.592
292.641
292.717
292.821
292.957
293.123
293.308
293.447
293.546
293.609
293.635
293.627
293.574
293.466
293.314
293.142
292.979
292.858
292.794
292.78
292.825
292.948
293.164
293.489
293.947
294.533
295.246
296.045
296.896
297.746
298.541
299.23
299.771
300.141
300.388
300.546
293
293
293
293
293
293
293
293
293
293
293
293
293
293
293
293
293
293
293
293
293
293
293
293
293
293
293
293
293
293
293
293
293
293
293
293
293
293
293
293
293
293
293
293
293
293
293.002
293.012
293.031
293.05
293.061
293.065
293.064
293.057
293.039
293.021
293.011
293.006
293.005
293.004
293.003
292.999
292.978
292.939
292.902
292.879
292.87
292.87
292.877
292.894
292.916
292.94
292.963
292.986
293.008
293.024
293.033
293.037
293.031
293.009
292.976
292.943
292.919
292.908
292.905
292.91
292.919
292.93
292.939
292.945
292.954
292.971
292.997
293.02
293.027
293.008
292.956
292.877
292.772
292.68
292.617
292.567
292.534
292.517
292.509
292.509
292.516
292.525
292.545
292.575
292.625
292.703
292.806
292.923
293.034
293.118
293.177
293.217
293.232
293.22
293.175
293.1
292.991
292.859
292.742
292.672
292.626
292.603
292.621
292.703
292.849
293.063
293.353
293.721
294.179
294.711
295.287
295.867
296.408
296.874
297.236
297.473
297.582
297.601
297.53
293
293
293
293
293
293
293
293
293
293
293
293
293
293
293
293
293
293
293
293
293
293
293
293
293
293
293
293
293
293
293
293
293
293
293
293
293
293
293
293
293
293
293
293
293
293
293.002
293.011
293.03
293.048
293.06
293.065
293.064
293.058
293.041
293.023
293.012
293.007
293.005
293.005
293.004
293
292.981
292.944
292.906
292.881
292.871
292.871
292.877
292.892
292.914
292.936
292.959
292.982
293.003
293.02
293.03
293.035
293.031
293.013
292.981
292.948
292.923
292.91
292.907
292.91
292.918
292.928
292.936
292.942
292.95
292.966
292.989
293.013
293.023
293.016
292.985
292.929
292.853
292.78
292.725
292.676
292.639
292.616
292.603
292.607
292.624
292.651
292.69
292.738
292.797
292.86
292.913
292.952
292.974
292.99
293
293.012
293.011
292.992
292.95
292.89
292.816
292.734
292.666
292.63
292.621
292.639
292.696
292.798
292.944
293.134
293.367
293.637
293.964
294.323
294.693
295.04
295.345
295.582
295.718
295.751
295.7
295.562
295.313
293
293
293
293
293
293
293
293
293
293
293
293
293
293
293
293
293
293
293
293
293
293
293
293
293
293
293
293
293
293
293
293
293
293
293
293
293
293
293
293
293
293
293
293
293
293
293.002
293.01
293.028
293.047
293.059
293.064
293.064
293.059
293.042
293.024
293.013
293.008
293.006
293.005
293.004
293.001
292.984
292.948
292.91
292.884
292.873
292.872
292.877
292.89
292.91
292.932
292.954
292.977
292.999
293.016
293.027
293.032
293.031
293.016
292.986
292.953
292.928
292.914
292.909
292.911
292.917
292.926
292.933
292.939
292.946
292.959
292.98
293.006
293.022
293.023
293.009
292.974
292.921
292.872
292.833
292.796
292.765
292.745
292.734
292.74
292.762
292.795
292.839
292.885
292.926
292.955
292.964
292.956
292.941
292.935
292.925
292.923
292.917
292.904
292.875
292.831
292.776
292.731
292.707
292.704
292.724
292.777
292.855
292.958
293.083
293.229
293.4
293.595
293.816
294.047
294.268
294.463
294.629
294.746
294.786
294.742
294.607
294.365
293.987
293
293
293
293
293
293
293
293
293
293
293
293
293
293
293
293
293
293
293
293
293
293
293
293
293
293
293
293
293
293
293
293
293
293
293
293
293
293
293
293
293
293
293
293
293
293
293.001
293.009
293.026
293.045
293.058
293.064
293.064
293.06
293.044
293.026
293.014
293.008
293.006
293.005
293.005
293.002
292.987
292.953
292.915
292.888
292.875
292.872
292.877
292.888
292.907
292.928
292.95
292.971
292.993
293.011
293.023
293.03
293.03
293.018
292.992
292.96
292.933
292.917
292.911
292.912
292.916
292.923
292.93
292.935
292.941
292.952
292.971
292.995
293.016
293.025
293.026
293.014
292.979
292.945
292.917
292.888
292.862
292.844
292.834
292.837
292.852
292.876
292.907
292.936
292.957
292.968
292.969
292.959
292.944
292.93
292.92
292.92
292.919
292.913
292.896
292.864
292.833
292.816
292.818
292.836
292.873
292.932
293.007
293.097
293.199
293.313
293.442
293.585
293.737
293.888
294.022
294.135
294.213
294.236
294.197
294.092
293.91
293.624
293.208
293
293
293
293
293
293
293
293
293
293
293
293
293
293
293
293
293
293
293
293
293
293
293
293
293
293
293
293
293
293
293
293
293
293
293
293
293
293
293
293
293
293
293
293
293
293
293.001
293.008
293.024
293.043
293.057
293.063
293.064
293.06
293.046
293.028
293.015
293.009
293.007
293.006
293.005
293.003
292.99
292.959
292.92
292.892
292.877
292.873
292.877
292.886
292.904
292.924
292.944
292.966
292.987
293.006
293.019
293.027
293.029
293.021
292.997
292.967
292.94
292.922
292.914
292.913
292.916
292.921
292.927
292.931
292.936
292.946
292.962
292.984
293.005
293.022
293.033
293.038
293.028
293.007
292.986
292.962
292.94
292.922
292.913
292.911
292.917
292.929
292.945
292.959
292.971
292.978
292.981
292.982
292.979
292.976
292.974
292.975
292.974
292.968
292.951
292.922
292.905
292.901
292.907
292.933
292.972
293.031
293.103
293.186
293.278
293.377
293.479
293.586
293.692
293.788
293.87
293.935
293.97
293.954
293.88
293.745
293.533
293.227
292.808
293
293
293
293
293
293
293
293
293
293
293
293
293
293
293
293
293
293
293
293
293
293
293
293
293
293
293
293
293
293
293
293
293
293
293
293
293
293
293
293
293
293
293
293
293
293
293.001
293.007
293.022
293.041
293.056
293.063
293.064
293.061
293.049
293.031
293.017
293.01
293.007
293.006
293.006
293.004
292.993
292.964
292.926
292.896
292.88
292.875
292.877
292.884
292.9
292.92
292.939
292.959
292.981
293
293.015
293.023
293.027
293.022
293.003
292.974
292.946
292.927
292.917
292.915
292.916
292.92
292.924
292.927
292.932
292.94
292.953
292.972
292.991
293.009
293.026
293.044
293.053
293.048
293.038
293.023
293.007
292.992
292.981
292.977
292.977
292.98
292.984
292.989
292.996
293.001
293.006
293.011
293.014
293.014
293.01
293.002
292.989
292.971
292.949
292.927
292.92
292.923
292.933
292.965
293.011
293.073
293.146
293.23
293.318
293.407
293.493
293.575
293.646
293.706
293.751
293.774
293.762
293.712
293.623
293.481
293.268
292.97
292.571
293
293
293
293
293
293
293
293
293
293
293
293
293
293
293
293
293
293
293
293
293
293
293
293
293
293
293
293
293
293
293
293
293
293
293
293
293
293
293
293
293
293
293
293
293
293
293.001
293.006
293.02
293.039
293.054
293.062
293.064
293.062
293.051
293.033
293.019
293.011
293.008
293.007
293.006
293.005
292.996
292.971
292.933
292.902
292.883
292.876
292.877
292.883
292.897
292.915
292.934
292.953
292.973
292.993
293.009
293.019
293.024
293.022
293.008
292.982
292.954
292.933
292.921
292.917
292.917
292.919
292.922
292.924
292.927
292.934
292.946
292.961
292.976
292.989
293.004
293.027
293.051
293.059
293.057
293.051
293.042
293.03
293.02
293.014
293.01
293.007
293.007
293.009
293.012
293.016
293.017
293.013
293.003
292.991
292.977
292.962
292.946
292.924
292.906
292.895
292.894
292.905
292.925
292.964
293.015
293.08
293.154
293.234
293.316
293.396
293.469
293.529
293.574
293.61
293.63
293.626
293.593
293.529
293.427
293.274
293.058
292.766
292.385
293
293
293
293
293
293
293
293
293
293
293
293
293
293
293
293
293
293
293
293
293
293
293
293
293
293
293
293
293
293
293
293
293
293
293
293
293
293
293
293
293
293
293
293
293
293
293
293.004
293.017
293.036
293.052
293.061
293.064
293.062
293.053
293.036
293.021
293.012
293.009
293.007
293.007
293.005
292.999
292.977
292.941
292.908
292.887
292.878
292.877
292.882
292.894
292.91
292.928
292.946
292.966
292.986
293.003
293.015
293.021
293.022
293.012
292.99
292.963
292.94
292.926
292.919
292.918
292.919
292.92
292.921
292.923
292.928
292.938
292.951
292.963
292.971
292.977
292.99
293.018
293.038
293.043
293.043
293.04
293.032
293.022
293.014
293.007
293.001
292.997
292.993
292.987
292.981
292.973
292.962
292.947
292.926
292.901
292.876
292.851
292.832
292.83
292.835
292.849
292.873
292.905
292.948
292.999
293.059
293.124
293.194
293.263
293.327
293.383
293.425
293.456
293.472
293.468
293.446
293.401
293.33
293.221
293.064
292.846
292.557
292.182
293
293
293
293
293
293
293
293
293
293
293
293
293
293
293
293
293
293
293
293
293
293
293
293
293
293
293
293
293
293
293
293
293
293
293
293
293
293
293
293
293
293
293
293
293
293
293
293.003
293.014
293.033
293.05
293.06
293.064
293.063
293.056
293.039
293.024
293.014
293.01
293.008
293.007
293.006
293.002
292.983
292.95
292.915
292.892
292.881
292.878
292.882
292.89
292.905
292.922
292.939
292.957
292.977
292.996
293.009
293.017
293.02
293.015
292.997
292.972
292.948
292.932
292.923
292.92
292.919
292.919
292.919
292.919
292.922
292.93
292.943
292.954
292.958
292.957
292.955
292.966
292.983
292.992
292.996
292.997
292.993
292.985
292.975
292.964
292.952
292.94
292.93
292.92
292.91
292.896
292.879
292.857
292.832
292.807
292.785
292.767
292.763
292.77
292.786
292.809
292.84
292.874
292.914
292.957
293.004
293.054
293.105
293.155
293.201
293.24
293.27
293.29
293.295
293.284
293.255
293.203
293.122
293.002
292.834
292.609
292.314
291.94
293
293
293
293
293
293
293
293
293
293
293
293
293
293
293
293
293
293
293
293
293
293
293
293
293
293
293
293
293
293
293
293
293
293
293
293
293
293
293
293
293
293
293
293
293
293
293
293.002
293.012
293.029
293.047
293.059
293.064
293.063
293.058
293.043
293.026
293.016
293.011
293.009
293.008
293.007
293.004
292.989
292.959
292.924
292.898
292.884
292.88
292.882
292.888
292.901
292.916
292.932
292.949
292.968
292.987
293.002
293.012
293.017
293.015
293.004
292.981
292.958
292.939
292.928
292.923
292.921
292.92
292.918
292.916
292.917
292.922
292.933
292.945
292.95
292.946
292.934
292.926
292.929
292.933
292.937
292.937
292.933
292.926
292.915
292.903
292.889
292.874
292.86
292.845
292.831
292.817
292.802
292.786
292.771
292.756
292.742
292.734
292.734
292.742
292.756
292.777
292.804
292.834
292.866
292.897
292.93
292.963
292.996
293.028
293.058
293.083
293.102
293.112
293.108
293.09
293.052
292.988
292.892
292.758
292.575
292.337
292.039
291.681
293
293
293
293
293
293
293
293
293
293
293
293
293
293
293
293
293
293
293
293
293
293
293
293
293
293
293
293
293
293
293
293
293
293
293
293
293
293
293
293
293
293
293
293
293
293
293
293.001
293.009
293.026
293.044
293.057
293.063
293.063
293.06
293.047
293.03
293.018
293.012
293.009
293.008
293.008
293.006
292.995
292.968
292.934
292.905
292.888
292.882
292.882
292.886
292.896
292.91
292.925
292.94
292.957
292.976
292.994
293.006
293.012
293.014
293.008
292.991
292.968
292.948
292.935
292.928
292.924
292.922
292.918
292.914
292.912
292.914
292.922
292.936
292.943
292.942
292.929
292.91
292.899
292.896
292.893
292.89
292.884
292.876
292.866
292.854
292.84
292.826
292.812
292.798
292.785
292.773
292.762
292.751
292.742
292.733
292.727
292.724
292.726
292.732
292.743
292.757
292.775
292.795
292.817
292.841
292.865
292.888
292.909
292.928
292.943
292.953
292.958
292.954
292.937
292.903
292.847
292.764
292.649
292.495
292.299
292.061
291.783
291.474
293
293
293
293
293
293
293
293
293
293
293
293
293
293
293
293
293
293
293
293
293
293
293
293
293
293
293
293
293
293
293
293
293
293
293
293
293
293
293
293
293
293
293
293
293
293
293
293.001
293.007
293.021
293.04
293.055
293.062
293.064
293.061
293.051
293.034
293.021
293.013
293.01
293.009
293.008
293.007
293
292.978
292.945
292.914
292.894
292.885
292.883
292.885
292.892
292.905
292.918
292.931
292.947
292.965
292.983
292.998
293.007
293.011
293.01
292.999
292.978
292.958
292.942
292.933
292.928
292.925
292.921
292.915
292.91
292.908
292.911
292.922
292.934
292.938
292.93
292.911
292.895
292.886
292.877
292.868
292.86
292.85
292.84
292.829
292.817
292.804
292.791
292.779
292.768
292.758
292.751
292.744
292.739
292.734
292.73
292.727
292.727
292.729
292.735
292.744
292.757
292.772
292.789
292.806
292.822
292.836
292.847
292.854
292.855
292.851
292.84
292.817
292.781
292.728
292.652
292.55
292.419
292.257
292.066
291.852
291.621
291.376
293
293
293
293
293
293
293
293
293
293
293
293
293
293
293
293
293
293
293
293
293
293
293
293
293
293
293
293
293
293
293
293
293
293
293
293
293
293
293
293
293
293
293
293
293
293
293
293
293.004
293.017
293.036
293.052
293.061
293.064
293.062
293.055
293.039
293.024
293.015
293.011
293.01
293.009
293.008
293.004
292.988
292.957
292.925
292.901
292.888
292.884
292.885
292.889
292.899
292.911
292.923
292.936
292.953
292.971
292.988
292.999
293.006
293.008
293.003
292.989
292.969
292.952
292.94
292.934
292.93
292.926
292.919
292.911
292.905
292.903
292.908
292.919
292.928
292.928
292.916
292.901
292.89
292.878
292.867
292.856
292.844
292.834
292.823
292.812
292.801
292.791
292.78
292.77
292.76
292.752
292.745
292.74
292.736
292.733
292.731
292.729
292.73
292.733
292.738
292.746
292.756
292.767
292.778
292.787
292.792
292.794
292.791
292.782
292.766
292.74
292.703
292.651
292.583
292.494
292.383
292.253
292.104
291.941
291.764
291.575
291.374
293
293
293
293
293
293
293
293
293
293
293
293
293
293
293
293
293
293
293
293
293
293
293
293
293
293
293
293
293
293
293
293
293
293
293
293
293
293
293
293
293
293
293
293
293
293
293
293
293.003
293.013
293.03
293.048
293.059
293.064
293.063
293.058
293.044
293.028
293.018
293.013
293.011
293.01
293.009
293.007
292.996
292.97
292.938
292.911
292.894
292.887
292.885
292.888
292.895
292.905
292.915
292.927
292.94
292.957
292.975
292.989
292.999
293.003
293.004
292.996
292.98
292.962
292.948
292.94
292.935
292.932
292.926
292.918
292.908
292.901
292.899
292.903
292.912
292.917
292.913
292.904
292.894
292.883
292.871
292.859
292.847
292.835
292.824
292.813
292.802
292.791
292.781
292.771
292.762
292.753
292.747
292.741
292.737
292.735
292.735
292.735
292.736
292.738
292.742
292.746
292.75
292.755
292.757
292.758
292.756
292.75
292.739
292.722
292.698
292.664
292.619
292.56
292.487
292.399
292.297
292.183
292.058
291.922
291.773
291.616
291.456
293
293
293
293
293
293
293
293
293
293
293
293
293
293
293
293
293
293
293
293
293
293
293
293
293
293
293
293
293
293
293
293
293
293
293
293
293
293
293
293
293
293
293
293
293
293
293
293
293.001
293.009
293.024
293.043
293.057
293.063
293.064
293.061
293.05
293.034
293.021
293.015
293.012
293.011
293.01
293.009
293.002
292.983
292.953
292.923
292.902
292.891
292.887
292.888
292.892
292.9
292.908
292.918
292.928
292.942
292.959
292.976
292.989
292.997
293
292.999
292.99
292.975
292.959
292.948
292.941
292.937
292.934
292.927
292.918
292.907
292.899
292.896
292.899
292.903
292.905
292.901
292.894
292.887
292.878
292.867
292.855
292.843
292.831
292.819
292.807
292.796
292.786
292.777
292.768
292.761
292.755
292.751
292.748
292.747
292.748
292.75
292.752
292.754
292.755
292.756
292.755
292.753
292.748
292.743
292.734
292.723
292.707
292.685
292.657
292.62
292.573
292.515
292.448
292.371
292.285
292.188
292.082
291.969
291.853
291.738
291.629
293
293
293
293
293
293
293
293
293
293
293
293
293
293
293
293
293
293
293
293
293
293
293
293
293
293
293
293
293
293
293
293
293
293
293
293
293
293
293
293
293
293
293
293
293
293
293
293
293.001
293.005
293.018
293.037
293.053
293.062
293.064
293.063
293.055
293.04
293.026
293.017
293.013
293.012
293.011
293.01
293.007
292.995
292.969
292.938
292.913
292.897
292.89
292.889
292.891
292.895
292.903
292.91
292.918
292.928
292.942
292.959
292.975
292.987
292.993
292.996
292.994
292.985
292.972
292.959
292.949
292.943
292.94
292.936
292.93
292.92
292.909
292.9
292.896
292.896
292.898
292.897
292.894
292.89
292.884
292.876
292.868
292.858
292.847
292.836
292.825
292.814
292.805
292.796
292.789
292.783
292.779
292.776
292.774
292.774
292.774
292.775
292.776
292.775
292.773
292.77
292.766
292.759
292.752
292.742
292.73
292.714
292.695
292.671
292.641
292.604
292.56
292.508
292.45
292.383
292.309
292.231
292.149
292.067
291.988
291.914
291.853
293
293
293
293
293
293
293
293
293
293
293
293
293
293
293
293
293
293
293
293
293
293
293
293
293
293
293
293
293
293
293
293
293
293
293
293
293
293
293
293
293
293
293
293
293
293
293
293
293
293.003
293.012
293.029
293.047
293.059
293.064
293.064
293.06
293.047
293.031
293.021
293.015
293.013
293.012
293.011
293.01
293.003
292.985
292.956
292.928
292.907
292.895
292.891
292.891
292.893
292.898
292.904
292.91
292.916
292.926
292.94
292.957
292.972
292.983
292.988
292.99
292.989
292.982
292.971
292.96
292.951
292.946
292.943
292.939
292.934
292.925
292.914
292.905
292.9
292.899
292.898
292.897
292.895
292.891
292.887
292.882
292.876
292.869
292.861
292.853
292.845
292.836
292.829
292.822
292.817
292.812
292.808
292.805
292.802
292.799
292.796
292.793
292.789
292.785
292.779
292.773
292.765
292.756
292.744
292.73
292.714
292.693
292.668
292.639
292.604
292.563
292.517
292.467
292.412
292.354
292.296
292.239
292.185
292.137
292.099
292.082
293
293
293
293
293
293
293
293
293
293
293
293
293
293
293
293
293
293
293
293
293
293
293
293
293
293
293
293
293
293
293
293
293
293
293
293
293
293
293
293
293
293
293
293
293
293
293
293
293
293.001
293.007
293.021
293.04
293.055
293.063
293.065
293.063
293.054
293.039
293.026
293.018
293.014
293.013
293.013
293.012
293.009
292.998
292.975
292.946
292.921
292.904
292.895
292.892
292.892
292.895
292.899
292.904
292.908
292.913
292.922
292.936
292.952
292.967
292.977
292.982
292.984
292.983
292.979
292.971
292.963
292.956
292.95
292.947
292.944
292.939
292.932
292.923
292.915
292.909
292.907
292.905
292.904
292.902
292.9
292.897
292.893
292.889
292.885
292.879
292.873
292.866
292.859
292.853
292.846
292.839
292.833
292.827
292.821
292.814
292.808
292.802
292.796
292.79
292.783
292.775
292.766
292.755
292.743
292.728
292.711
292.69
292.665
292.637
292.604
292.569
292.53
292.489
292.447
292.405
292.366
292.329
292.298
292.276
292.269
292.274
293
293
293
293
293
293
293
293
293
293
293
293
293
293
293
293
293
293
293
293
293
293
293
293
293
293
293
293
293
293
293
293
293
293
293
293
293
293
293
293
293
293
293
293
293
293
293
293
293
293
293.003
293.013
293.031
293.048
293.06
293.065
293.065
293.061
293.048
293.032
293.022
293.016
293.014
293.013
293.013
293.012
293.007
292.992
292.968
292.94
292.918
292.904
292.896
292.894
292.894
292.897
292.899
292.902
292.905
292.908
292.916
292.929
292.944
292.959
292.969
292.975
292.977
292.977
292.975
292.971
292.965
292.96
292.956
292.953
292.95
292.947
292.941
292.934
292.928
292.923
292.921
292.919
292.918
292.916
292.913
292.911
292.908
292.905
292.901
292.896
292.891
292.885
292.878
292.871
292.863
292.855
292.847
292.838
292.83
292.822
292.814
292.805
292.797
292.788
292.778
292.768
292.755
292.741
292.724
292.705
292.683
292.659
292.632
292.603
292.572
292.54
292.508
292.478
292.45
292.424
292.402
292.39
292.388
292.394
292.409
293
293
293
293
293
293
293
293
293
293
293
293
293
293
293
293
293
293
293
293
293
293
293
293
293
293
293
293
293
293
293
293
293
293
293
293
293
293
293
293
293
293
293
293
293
293
293
293
293
293
293.001
293.007
293.021
293.039
293.055
293.063
293.065
293.064
293.056
293.042
293.028
293.02
293.016
293.014
293.014
293.014
293.012
293.005
292.988
292.963
292.938
292.918
292.905
292.898
292.896
292.896
292.897
292.899
292.9
292.901
292.903
292.908
292.919
292.933
292.947
292.957
292.964
292.968
292.969
292.969
292.968
292.965
292.962
292.959
292.957
292.956
292.954
292.951
292.948
292.945
292.943
292.941
292.939
292.938
292.936
292.934
292.931
292.929
292.926
292.922
292.918
292.913
292.907
292.9
292.893
292.885
292.876
292.867
292.857
292.847
292.837
292.825
292.814
292.801
292.788
292.773
292.757
292.74
292.72
292.699
292.675
292.651
292.625
292.599
292.572
292.547
292.522
292.5
292.48
292.464
292.455
292.454
292.459
292.472
292.492
293
293
293
293
293
293
293
293
293
293
293
293
293
293
293
293
293
293
293
293
293
293
293
293
293
293
293
293
293
293
293
293
293
293
293
293
293
293
293
293
293
293
293
293
293
293
293
293
293
293
293
293.003
293.011
293.028
293.046
293.059
293.065
293.066
293.063
293.052
293.037
293.025
293.019
293.016
293.015
293.015
293.015
293.013
293.004
292.986
292.962
292.939
292.92
292.908
292.901
292.898
292.898
292.898
292.898
292.898
292.897
292.898
292.9
292.907
292.919
292.931
292.942
292.95
292.956
292.958
292.959
292.959
292.959
292.958
292.958
292.958
292.958
292.958
292.957
292.956
292.955
292.954
292.953
292.952
292.951
292.949
292.947
292.945
292.942
292.939
292.936
292.932
292.927
292.921
292.915
292.907
292.899
292.89
292.879
292.868
292.856
292.842
292.828
292.812
292.794
292.775
292.755
292.735
292.712
292.689
292.665
292.642
292.619
292.596
292.573
292.552
292.533
292.517
292.504
292.498
292.498
292.503
292.514
292.532
292.555
293
293
293
293
293
293
293
293
293
293
293
293
293
293
293
293
293
293
293
293
293
293
293
293
293
293
293
293
293
293
293
293
293
293
293
293
293
293
293
293
293
293
293
293
293
293
293
293
293
293
293
293.001
293.005
293.016
293.034
293.051
293.062
293.066
293.066
293.062
293.049
293.034
293.024
293.019
293.017
293.016
293.016
293.016
293.014
293.005
292.988
292.965
292.943
292.925
292.912
292.905
292.901
292.899
292.898
292.897
292.895
292.894
292.893
292.893
292.896
292.903
292.912
292.921
292.93
292.937
292.942
292.945
292.946
292.947
292.947
292.947
292.947
292.948
292.948
292.948
292.947
292.947
292.946
292.945
292.944
292.943
292.941
292.939
292.936
292.933
292.93
292.925
292.921
292.915
292.908
292.901
292.893
292.883
292.873
292.861
292.848
292.834
292.818
292.8
292.782
292.762
292.741
292.72
292.699
292.678
292.658
292.637
292.617
292.598
292.58
292.565
292.554
292.547
292.545
292.547
292.556
292.57
292.589
292.613
292.641
293
293
293
293
293
293
293
293
293
293
293
293
293
293
293
293
293
293
293
293
293
293
293
293
293
293
293
293
293
293
293
293
293
293
293
293
293
293
293
293
293
293
293
293
293
293
293
293
293
293
293
293
293.001
293.007
293.02
293.038
293.054
293.063
293.066
293.066
293.061
293.047
293.033
293.024
293.019
293.017
293.017
293.017
293.017
293.015
293.008
292.992
292.972
292.951
292.933
292.92
292.911
292.905
292.902
292.9
292.897
292.894
292.891
292.889
292.888
292.888
292.889
292.893
292.899
292.905
292.911
292.917
292.921
292.923
292.925
292.926
292.926
292.926
292.926
292.926
292.925
292.925
292.924
292.923
292.921
292.919
292.917
292.915
292.912
292.908
292.904
292.899
292.894
292.888
292.881
292.873
292.864
292.854
292.842
292.83
292.816
292.802
292.786
292.771
292.756
292.741
292.726
292.709
292.691
292.675
292.659
292.644
292.63
292.619
292.611
292.607
292.607
292.612
292.622
292.637
292.657
292.68
292.708
292.739
292.771
293
293
293
293
293
293
293
293
293
293
293
293
293
293
293
293
293
293
293
293
293
293
293
293
293
293
293
293
293
293
293
293
293
293
293
293
293
293
293
293
293
293
293
293
293
293
293
293
293
293
293
293
293
293.002
293.009
293.023
293.041
293.055
293.064
293.067
293.066
293.06
293.047
293.034
293.025
293.021
293.019
293.018
293.018
293.018
293.017
293.012
292.999
292.982
292.962
292.944
292.93
292.92
292.913
292.908
292.903
292.899
292.895
292.891
292.886
292.883
292.882
292.881
292.881
292.882
292.882
292.884
292.886
292.889
292.89
292.891
292.89
292.889
292.887
292.886
292.884
292.883
292.881
292.879
292.876
292.874
292.87
292.867
292.863
292.858
292.853
292.848
292.842
292.835
292.828
292.821
292.813
292.805
292.797
292.789
292.78
292.771
292.762
292.752
292.741
292.73
292.719
292.71
292.7
292.692
292.685
292.681
292.68
292.682
292.688
292.699
292.713
292.731
292.754
292.779
292.806
292.836
292.866
292.897
292.927
293
293
293
293
293
293
293
293
293
293
293
293
293
293
293
293
293
293
293
293
293
293
293
293
293
293
293
293
293
293
293
293
293
293
293
293
293
293
293
293
293
293
293
293
293
293
293
293
293
293
293
293
293
293
293.002
293.01
293.024
293.041
293.056
293.064
293.066
293.066
293.061
293.049
293.037
293.028
293.022
293.02
293.02
293.02
293.02
293.019
293.016
293.008
292.994
292.977
292.961
292.946
292.934
292.924
292.917
292.911
292.905
292.9
292.894
292.888
292.883
292.879
292.876
292.874
292.872
292.871
292.869
292.868
292.866
292.864
292.861
292.858
292.854
292.851
292.849
292.846
292.844
292.841
292.838
292.835
292.832
292.828
292.825
292.821
292.817
292.813
292.809
292.804
292.799
292.794
292.789
292.784
292.778
292.773
292.767
292.762
292.757
292.753
292.749
292.746
292.744
292.744
292.745
292.75
292.756
292.766
292.779
292.794
292.813
292.833
292.856
292.88
292.904
292.929
292.954
292.977
293
293.02
293.04
293
293
293
293
293
293
293
293
293
293
293
293
293
293
293
293
293
293
293
293
293
293
293
293
293
293
293
293
293
293
293
293
293
293
293
293
293
293
293
293
293
293
293
293
293
293
293
293
293
293
293
293
293
293
293
293.002
293.01
293.023
293.04
293.054
293.063
293.066
293.066
293.063
293.053
293.041
293.031
293.025
293.023
293.021
293.021
293.021
293.021
293.02
293.015
293.007
292.994
292.98
292.966
292.953
292.942
292.933
292.925
292.918
292.911
292.904
292.897
292.89
292.884
292.879
292.874
292.87
292.866
292.862
292.859
292.855
292.851
292.847
292.843
292.839
292.837
292.834
292.831
292.829
292.826
292.823
292.82
292.817
292.814
292.811
292.808
292.805
292.802
292.799
292.797
292.794
292.792
292.79
292.788
292.787
292.787
292.787
292.789
292.792
292.796
292.803
292.81
292.82
292.832
292.845
292.86
292.877
292.895
292.914
292.933
292.952
292.971
292.99
293.007
293.024
293.039
293.054
293.067
293.08
293.092
293
293
293
293
293
293
293
293
293
293
293
293
293
293
293
293
293
293
293
293
293
293
293
293
293
293
293
293
293
293
293
293
293
293
293
293
293
293
293
293
293
293
293
293
293
293
293
293
293
293
293
293
293
293
293
293
293.002
293.008
293.021
293.036
293.051
293.061
293.065
293.065
293.064
293.057
293.047
293.037
293.03
293.026
293.024
293.023
293.023
293.023
293.022
293.021
293.017
293.01
293
292.989
292.978
292.967
292.957
292.948
292.94
292.932
292.924
292.916
292.908
292.9
292.893
292.887
292.881
292.875
292.87
292.865
292.86
292.856
292.851
292.848
292.845
292.843
292.841
292.839
292.837
292.835
292.834
292.832
292.831
292.829
292.828
292.828
292.827
292.827
292.828
292.829
292.831
292.834
292.837
292.841
292.847
292.853
292.861
292.87
292.88
292.891
292.903
292.916
292.929
292.943
292.958
292.972
292.987
293.001
293.014
293.027
293.039
293.051
293.062
293.072
293.082
293.091
293.1
293.109
293.117
293
293
293
293
293
293
293
293
293
293
293
293
293
293
293
293
293
293
293
293
293
293
293
293
293
293
293
293
293
293
293
293
293
293
293
293
293
293
293
293
293
293
293
293
293
293
293
293
293
293
293
293
293
293
293
293
293
293.001
293.006
293.016
293.031
293.045
293.056
293.062
293.064
293.064
293.061
293.054
293.046
293.038
293.032
293.029
293.027
293.026
293.025
293.025
293.024
293.023
293.02
293.016
293.01
293.003
292.995
292.987
292.979
292.971
292.963
292.956
292.948
292.94
292.933
292.926
292.919
292.912
292.906
292.901
292.896
292.891
292.888
292.885
292.884
292.883
292.882
292.881
292.881
292.881
292.881
292.882
292.883
292.884
292.886
292.888
292.891
292.894
292.898
292.903
292.908
292.914
292.921
292.928
292.936
292.944
292.953
292.963
292.972
292.982
292.993
293.003
293.013
293.023
293.032
293.042
293.051
293.059
293.067
293.075
293.083
293.09
293.097
293.104
293.11
293.117
293.123
293.13
293.136
293
293
293
293
293
293
293
293
293
293
293
293
293
293
293
293
293
293
293
293
293
293
293
293
293
293
293
293
293
293
293
293
293
293
293
293
293
293
293
293
293
293
293
293
293
293
293
293
293
293
293
293
293
293
293
293
293
293
293.001
293.004
293.011
293.023
293.037
293.049
293.058
293.062
293.063
293.062
293.059
293.054
293.047
293.041
293.036
293.032
293.03
293.029
293.028
293.028
293.027
293.026
293.025
293.023
293.02
293.017
293.013
293.008
293.004
292.999
292.994
292.989
292.984
292.979
292.974
292.97
292.965
292.962
292.958
292.956
292.954
292.954
292.954
292.954
292.954
292.955
292.956
292.958
292.959
292.962
292.964
292.967
292.97
292.974
292.978
292.983
292.988
292.993
292.998
293.004
293.01
293.016
293.022
293.029
293.035
293.041
293.047
293.053
293.059
293.065
293.07
293.076
293.081
293.086
293.091
293.096
293.101
293.106
293.111
293.116
293.121
293.126
293.132
293.137
293.143
293.149
293.155
293
293
293
293
293
293
293
293
293
293
293
293
293
293
293
293
293
293
293
293
293
293
293
293
293
293
293
293
293
293
293
293
293
293
293
293
293
293
293
293
293
293
293
293
293
293
293
293
293
293
293
293
293
293
293
293
293
293
293
293
293.002
293.007
293.015
293.027
293.039
293.05
293.057
293.06
293.061
293.06
293.058
293.055
293.051
293.046
293.041
293.038
293.036
293.034
293.033
293.032
293.031
293.03
293.03
293.029
293.028
293.027
293.026
293.025
293.024
293.023
293.022
293.021
293.02
293.019
293.019
293.018
293.018
293.019
293.02
293.021
293.022
293.023
293.024
293.025
293.027
293.029
293.031
293.033
293.035
293.037
293.04
293.042
293.045
293.048
293.051
293.054
293.057
293.06
293.064
293.067
293.07
293.073
293.077
293.08
293.083
293.087
293.09
293.094
293.097
293.101
293.104
293.108
293.112
293.116
293.119
293.124
293.128
293.132
293.137
293.142
293.147
293.152
293.158
293.164
293.17
293
293
293
293
293
293
293
293
293
293
293
293
293
293
293
293
293
293
293
293
293
293
293
293
293
293
293
293
293
293
293
293
293
293
293
293
293
293
293
293
293
293
293
293
293
293
293
293
293
293
293
293
293
293
293
293
293
293
293
293
293
293.001
293.003
293.008
293.017
293.027
293.038
293.047
293.054
293.057
293.059
293.059
293.058
293.056
293.054
293.051
293.049
293.046
293.043
293.041
293.039
293.038
293.037
293.037
293.037
293.036
293.036
293.036
293.036
293.036
293.037
293.037
293.038
293.039
293.04
293.042
293.043
293.045
293.047
293.049
293.05
293.051
293.053
293.054
293.055
293.057
293.058
293.06
293.061
293.063
293.065
293.067
293.069
293.071
293.073
293.075
293.077
293.079
293.081
293.084
293.086
293.089
293.091
293.094
293.097
293.1
293.103
293.106
293.109
293.112
293.115
293.119
293.122
293.126
293.13
293.134
293.138
293.142
293.146
293.151
293.156
293.161
293.166
293.171
293.177
293
293
293
293
293
293
293
293
293
293
293
293
293
293
293
293
293
293
293
293
293
293
293
293
293
293
293
293
293
293
293
293
293
293
293
293
293
293
293
293
293
293
293
293
293
293
293
293
293
293
293
293
293
293
293
293
293
293
293
293
293
293
293
293.001
293.003
293.008
293.015
293.024
293.034
293.042
293.049
293.053
293.055
293.057
293.057
293.056
293.056
293.055
293.053
293.052
293.051
293.05
293.049
293.048
293.047
293.046
293.045
293.045
293.045
293.045
293.046
293.046
293.047
293.048
293.05
293.051
293.053
293.055
293.057
293.058
293.06
293.061
293.062
293.063
293.065
293.066
293.068
293.069
293.071
293.072
293.074
293.076
293.078
293.079
293.081
293.083
293.085
293.087
293.09
293.092
293.094
293.096
293.099
293.101
293.104
293.107
293.109
293.112
293.115
293.118
293.121
293.124
293.127
293.131
293.134
293.138
293.142
293.146
293.15
293.154
293.158
293.162
293.167
293.171
293.176
293
293
293
293
293
293
293
293
293
293
293
293
293
293
293
293
293
293
293
293
293
293
293
293
293
293
293
293
293
293
293
293
293
293
293
293
293
293
293
293
293
293
293
293
293
293
293
293
293
293
293
293
293
293
293
293
293
293
293
293
293
293
293
293
293
293.001
293.003
293.006
293.012
293.019
293.026
293.034
293.041
293.046
293.05
293.053
293.054
293.055
293.056
293.056
293.056
293.056
293.056
293.055
293.055
293.055
293.055
293.055
293.055
293.055
293.056
293.056
293.057
293.058
293.059
293.06
293.061
293.063
293.065
293.066
293.068
293.069
293.07
293.071
293.072
293.074
293.075
293.076
293.078
293.079
293.081
293.082
293.084
293.086
293.087
293.089
293.091
293.093
293.095
293.097
293.099
293.101
293.103
293.105
293.108
293.11
293.112
293.115
293.117
293.12
293.123
293.125
293.128
293.131
293.134
293.137
293.14
293.143
293.145
293.148
293.151
293.153
293.156
293.158
293.159
293
293
293
293
293
293
293
293
293
293
293
293
293
293
293
293
293
293
293
293
293
293
293
293
293
293
293
293
293
293
293
293
293
293
293
293
293
293
293
293
293
293
293
293
293
293
293
293
293
293
293
293
293
293
293
293
293
293
293
293
293
293
293
293
293
293
293
293.001
293.002
293.004
293.007
293.012
293.018
293.024
293.03
293.036
293.041
293.045
293.048
293.051
293.053
293.054
293.055
293.056
293.057
293.058
293.059
293.059
293.06
293.06
293.061
293.062
293.063
293.064
293.065
293.066
293.067
293.069
293.071
293.072
293.073
293.074
293.075
293.076
293.077
293.078
293.079
293.081
293.082
293.083
293.084
293.086
293.087
293.089
293.09
293.091
293.093
293.094
293.096
293.098
293.099
293.101
293.103
293.104
293.106
293.108
293.109
293.111
293.113
293.115
293.116
293.118
293.119
293.121
293.122
293.123
293.123
293.124
293.124
293.124
293.123
293.122
293.121
293.119
293.116
293
293
293
293
293
293
293
293
293
293
293
293
293
293
293
293
293
293
293
293
293
293
293
293
293
293
293
293
293
293
293
293
293
293
293
293
293
293
293
293
293
293
293
293
293
293
293
293
293
293
293
293
293
293
293
293
293
293
293
293
293
293
293
293
293
293
293
293
293
293
293.001
293.002
293.003
293.006
293.009
293.014
293.018
293.023
293.028
293.032
293.036
293.04
293.043
293.046
293.049
293.051
293.053
293.054
293.056
293.057
293.059
293.06
293.061
293.062
293.064
293.065
293.066
293.068
293.069
293.071
293.071
293.072
293.073
293.074
293.075
293.076
293.077
293.077
293.078
293.079
293.08
293.081
293.082
293.083
293.084
293.085
293.086
293.087
293.088
293.088
293.089
293.09
293.09
293.091
293.091
293.092
293.092
293.092
293.092
293.092
293.091
293.091
293.09
293.089
293.087
293.085
293.083
293.081
293.078
293.075
293.071
293.067
293.063
293.059
293.054
293
293
293
293
293
293
293
293
293
293
293
293
293
293
293
293
293
293
293
293
293
293
293
293
293
293
293
293
293
293
293
293
293
293
293
293
293
293
293
293
293
293
293
293
293
293
293
293
293
293
293
293
293
293
293
293
293
293
293
293
293
293
293
293
293
293
293
293
293
293
293
293
293
293.001
293.001
293.002
293.003
293.005
293.008
293.011
293.014
293.017
293.02
293.024
293.027
293.03
293.033
293.036
293.039
293.041
293.043
293.045
293.047
293.049
293.05
293.052
293.053
293.055
293.056
293.057
293.057
293.058
293.058
293.059
293.059
293.06
293.06
293.061
293.061
293.061
293.062
293.062
293.062
293.062
293.062
293.062
293.062
293.062
293.061
293.061
293.06
293.06
293.059
293.058
293.057
293.056
293.054
293.053
293.051
293.049
293.047
293.045
293.043
293.041
293.038
293.036
293.033
293.03
293.027
293.025
293.022
293.019
293.017
293.014
293.012
293
293
293
293
293
293
293
293
293
293
293
293
293
293
293
293
293
293
293
293
293
293
293
293
293
293
293
293
293
293
293
293
293
293
293
293
293
293
293
293
293
293
293
293
293
293
293
293
293
293
293
293
293
293
293
293
293
293
293
293
293
293
293
293
293
293
293
293
293
293
293
293
293
293
293
293
293
293
293.001
293.001
293.002
293.003
293.004
293.006
293.007
293.009
293.011
293.013
293.014
293.016
293.018
293.02
293.022
293.023
293.024
293.026
293.027
293.028
293.029
293.029
293.029
293.03
293.03
293.03
293.03
293.03
293.03
293.03
293.03
293.029
293.029
293.029
293.028
293.028
293.027
293.027
293.026
293.025
293.025
293.024
293.023
293.022
293.021
293.02
293.019
293.018
293.017
293.015
293.014
293.013
293.012
293.011
293.01
293.008
293.007
293.006
293.005
293.005
293.004
293.003
293.003
293.002
293.002
293.001
293.001
293
293
293
293
293
293
293
293
293
293
293
293
293
293
293
293
293
293
293
293
293
293
293
293
293
293
293
293
293
293
293
293
293
293
293
293
293
293
293
293
293
293
293
293
293
293
293
293
293
293
293
293
293
293
293
293
293
293
293
293
293
293
293
293
293
293
293
293
293
293
293
293
293
293
293
293
293
293
293
293
293
293
293
293
293.001
293.001
293.001
293.002
293.002
293.003
293.003
293.004
293.004
293.005
293.005
293.006
293.006
293.006
293.007
293.007
293.007
293.007
293.007
293.007
293.007
293.007
293.007
293.006
293.006
293.006
293.006
293.006
293.006
293.005
293.005
293.005
293.005
293.004
293.004
293.004
293.003
293.003
293.003
293.003
293.002
293.002
293.002
293.002
293.001
293.001
293.001
293.001
293.001
293.001
293
293
293
293
293
293
293
293
293
293
293
293
293
293
293
293
293
293
293
293
293
293
293
293
293
293
293
293
293
293
293
293
293
293
293
293
293
293
293
293
293
293
293
293
293
293
293
293
293
293
293
293
293
293
293
293
293
293
293
293
293
293
293
293
293
293
293
293
293
293
293
293
293
293
293
293
293
293
293
293
293
293
293
293
293
293
293
293
293
293
293
293
293
293
293
293
293
293
293
293
293
293
293
293
293
293
293
293
293
293
293
293
293
293
293
293
293
293
293
293
293
293
293
293
293
293
293
293
293
293
293
293
293
293
293
293
293
293
293
293
293
293
293
293
293
293
293
293
293
293
293
293
293
293
293
293
293
293
293
293
293
293
293
293
293
293
293
293
293
293
293
293
293
293
293
293
293
293
293
293
293
293
293
293
293
293
293
293
293
293
293
293
293
293
293
293
293
293
293
293
293
293
293
293
293
293
293
293
293
293
293
293
293
293
293
293
293
293
293
293
293
293
293
293
293
293
293
293
293
293
293
293
293
293
293
293
293
293
293
293
293
293
293
293
293
293
293
293
293
293
293
293
293
293
293
293
293
293
293
293
293
293
293
293
293
293
293
293
293
293
293
293
293
293
293
293
293
293
293
293
293
293
293
293
293
293
293
293
293
293
293
293
293
293
293
293
293
293
293
293
293
)
;

boundaryField
{
    FreestreamLeft
    {
        type            totalTemperature;
        gamma           1.4;
        T0              uniform 293;
        value           uniform 293;
    }
    FreestreamTop
    {
        type            totalTemperature;
        gamma           1.4;
        T0              uniform 293;
        value           uniform 293;
    }
    Inlet
    {
        type            totalTemperature;
        gamma           1.4;
        T0              nonuniform List<scalar> 0();
        value           nonuniform List<scalar> 0();
    }
    Outlet
    {
        type            zeroGradient;
    }
    Wall
    {
        type            zeroGradient;
    }
    Wedge1
    {
        type            wedge;
    }
    Wedge2
    {
        type            wedge;
    }
    procBoundary2to1
    {
        type            processor;
        value           nonuniform List<scalar> 
190
(
327.197
327.197
314.697
331.288
321.747
331.306
331.133
330.639
329.524
327.579
324.314
320.038
314.697
327.729
319.339
327.968
328.005
327.778
327.075
325.968
325.008
324.589
324.488
324.725
325.163
325.493
325.749
325.792
325.867
326.089
326.247
326.23
326.231
325.943
325.763
325.195
324.43
323.623
322.95
322.459
322.062
321.91
321.979
322.077
322.057
321.857
321.747
319.789
315.961
319.339
315.961
313.261
309.155
304.695
300.54
297.265
294.882
293.423
292.622
292.249
292.049
291.897
291.712
291.487
291.276
291.148
291.115
291.159
291.299
291.529
291.81
292.08
292.293
292.435
292.519
292.583
292.673
292.806
292.956
293.058
293.103
293.125
293.143
293.161
293.176
293.183
293.18
293.16
293.112
293.048
293.01
293.001
293
293
293
327.206
327.206
314.696
314.696
320.013
324.315
327.563
329.499
330.681
331.128
331.307
331.282
321.699
321.699
321.848
322.133
322.073
321.924
321.936
322.077
322.485
323.013
323.682
324.47
325.213
325.773
325.97
326.239
326.233
326.259
326.112
325.887
325.782
325.744
325.498
325.177
324.749
324.513
324.634
325.073
326.098
327.207
327.832
328.028
327.979
327.73
319.372
319.372
319.812
315.995
315.995
313.307
309.206
304.745
300.59
297.308
294.912
293.443
292.634
292.254
292.051
291.896
291.711
291.484
291.274
291.148
291.116
291.162
291.303
291.535
291.817
292.083
292.293
292.434
292.518
292.583
292.672
292.806
292.956
293.058
293.103
293.125
293.143
293.161
293.176
293.183
293.18
293.161
293.113
293.049
293.01
293.001
293
293
293
)
;
    }
}


// ************************************************************************* //
