/*--------------------------------*- C++ -*----------------------------------*\
| =========                 |                                                 |
| \\      /  F ield         | OpenFOAM: The Open Source CFD Toolbox           |
|  \\    /   O peration     | Version:  2406                                  |
|   \\  /    A nd           | Website:  www.openfoam.com                      |
|    \\/     M anipulation  |                                                 |
\*---------------------------------------------------------------------------*/
FoamFile
{
    version     2.0;
    format      ascii;
    arch        "LSB;label=32;scalar=64";
    class       volScalarField;
    location    "0.075";
    object      T;
}
// * * * * * * * * * * * * * * * * * * * * * * * * * * * * * * * * * * * * * //

dimensions      [0 0 0 1 0 0 0];

internalField   nonuniform List<scalar> 
14020
(
242.037
242.037
242.037
242.038
242.038
242.038
242.039
242.039
242.04
242.04
242.04
242.041
242.041
242.042
242.043
242.044
242.045
242.046
242.047
242.049
242.05
242.05
242.05
242.051
242.052
242.053
242.053
242.052
242.051
242.05
242.049
242.049
242.05
242.051
242.051
242.051
242.051
242.05
242.05
242.05
242.051
242.052
242.052
242.052
242.052
242.051
242.05
242.05
242.049
242.048
242.047
242.047
242.048
242.047
242.046
242.046
242.047
242.048
242.048
242.049
242.049
242.051
242.052
242.053
242.055
242.059
242.066
242.077
242.094
242.119
242.157
242.213
242.296
242.417
242.591
242.838
243.186
243.668
244.331
245.232
246.445
248.057
250.178
252.934
256.483
261.004
266.705
273.817
282.584
293.258
306.057
321.112
338.376
357.47
377.449
396.583
412.436
422.635
427.073
428.249
428.378
428.372
428.319
428.238
428.148
428.03
427.893
427.754
427.638
427.571
427.543
427.523
427.512
427.507
427.506
427.507
427.516
427.542
427.575
427.607
427.637
427.661
427.672
427.673
427.67
427.656
427.635
427.62
427.613
427.608
427.608
427.613
427.622
427.626
427.628
427.629
427.629
427.626
427.625
427.627
427.632
427.638
427.645
427.652
427.655
427.654
427.651
427.645
427.637
427.631
427.627
427.626
427.627
427.63
427.635
427.64
427.643
427.645
427.646
427.646
427.644
427.644
427.644
427.644
427.645
427.645
427.644
427.642
427.635
427.624
427.612
427.596
427.577
427.552
427.515
427.463
427.375
427.143
426.759
426.257
425.701
425.126
424.545
423.959
423.37
422.777
422.182
421.587
420.992
420.4
419.808
419.218
418.626
418.034
417.438
416.838
416.233
415.625
415.013
414.398
413.78
413.162
412.543
411.924
411.304
410.686
410.066
409.448
408.83
408.214
407.597
406.98
406.363
405.745
405.128
404.509
403.89
403.273
402.656
402.041
401.426
400.816
400.205
399.601
398.996
398.397
397.803
397.217
396.626
395.982
394.768
242.037
242.037
242.037
242.038
242.038
242.038
242.039
242.039
242.04
242.04
242.04
242.041
242.041
242.042
242.043
242.044
242.045
242.046
242.047
242.049
242.05
242.05
242.05
242.051
242.052
242.053
242.053
242.052
242.051
242.05
242.049
242.049
242.05
242.051
242.051
242.051
242.051
242.05
242.05
242.05
242.051
242.052
242.052
242.052
242.052
242.051
242.05
242.05
242.049
242.048
242.047
242.048
242.048
242.047
242.046
242.046
242.047
242.048
242.048
242.049
242.049
242.051
242.052
242.053
242.055
242.059
242.066
242.077
242.094
242.119
242.157
242.213
242.296
242.417
242.591
242.838
243.186
243.668
244.331
245.231
246.443
248.054
250.171
252.924
256.468
260.982
266.675
273.776
282.533
293.196
305.985
321.034
338.298
357.4
377.395
396.55
412.422
422.636
427.077
428.249
428.378
428.371
428.32
428.238
428.148
428.03
427.893
427.754
427.639
427.571
427.543
427.523
427.512
427.507
427.506
427.507
427.516
427.542
427.575
427.607
427.638
427.661
427.671
427.673
427.67
427.656
427.635
427.62
427.613
427.608
427.608
427.613
427.622
427.626
427.628
427.629
427.629
427.626
427.625
427.627
427.632
427.638
427.645
427.652
427.655
427.654
427.651
427.645
427.638
427.631
427.627
427.626
427.627
427.63
427.635
427.64
427.643
427.645
427.646
427.646
427.644
427.644
427.644
427.644
427.645
427.645
427.644
427.642
427.635
427.624
427.612
427.596
427.577
427.552
427.515
427.463
427.375
427.143
426.759
426.257
425.701
425.126
424.545
423.959
423.37
422.777
422.182
421.587
420.992
420.399
419.808
419.218
418.626
418.034
417.438
416.838
416.233
415.625
415.013
414.398
413.78
413.162
412.543
411.924
411.304
410.686
410.066
409.448
408.83
408.214
407.597
406.98
406.363
405.745
405.128
404.509
403.89
403.273
402.656
402.041
401.426
400.816
400.205
399.601
398.996
398.397
397.803
397.217
396.626
395.98
394.77
242.037
242.037
242.037
242.038
242.038
242.038
242.039
242.039
242.04
242.04
242.04
242.041
242.041
242.042
242.043
242.044
242.045
242.046
242.047
242.049
242.05
242.05
242.05
242.051
242.052
242.053
242.053
242.052
242.051
242.05
242.049
242.049
242.05
242.051
242.051
242.051
242.051
242.05
242.05
242.05
242.051
242.052
242.052
242.052
242.052
242.051
242.05
242.05
242.049
242.048
242.048
242.048
242.048
242.047
242.046
242.046
242.047
242.048
242.048
242.049
242.049
242.051
242.052
242.053
242.055
242.06
242.066
242.077
242.093
242.119
242.157
242.213
242.296
242.417
242.591
242.837
243.185
243.666
244.328
245.227
246.436
248.042
250.152
252.895
256.426
260.923
266.595
273.672
282.403
293.042
305.814
320.856
338.128
357.252
377.282
396.479
412.388
422.626
427.076
428.248
428.376
428.371
428.319
428.238
428.148
428.03
427.893
427.754
427.639
427.571
427.543
427.522
427.511
427.506
427.506
427.507
427.516
427.543
427.575
427.607
427.638
427.661
427.671
427.673
427.67
427.656
427.635
427.62
427.613
427.608
427.608
427.613
427.622
427.626
427.628
427.629
427.629
427.626
427.625
427.627
427.632
427.638
427.645
427.652
427.655
427.654
427.651
427.645
427.638
427.631
427.627
427.626
427.627
427.63
427.635
427.64
427.643
427.645
427.646
427.646
427.644
427.644
427.644
427.644
427.645
427.645
427.644
427.642
427.635
427.624
427.612
427.596
427.577
427.552
427.515
427.463
427.375
427.143
426.759
426.257
425.701
425.126
424.545
423.959
423.37
422.777
422.182
421.587
420.992
420.399
419.808
419.218
418.626
418.034
417.438
416.838
416.233
415.625
415.012
414.398
413.78
413.162
412.543
411.924
411.304
410.686
410.066
409.448
408.83
408.214
407.597
406.98
406.363
405.745
405.128
404.509
403.89
403.273
402.656
402.041
401.426
400.816
400.205
399.601
398.996
398.397
397.803
397.217
396.625
395.979
394.773
242.037
242.037
242.037
242.038
242.038
242.038
242.039
242.039
242.04
242.04
242.04
242.041
242.041
242.042
242.043
242.044
242.045
242.046
242.047
242.049
242.05
242.05
242.05
242.051
242.052
242.053
242.053
242.052
242.051
242.05
242.049
242.049
242.05
242.051
242.051
242.051
242.051
242.05
242.05
242.05
242.051
242.052
242.052
242.052
242.052
242.051
242.05
242.049
242.049
242.048
242.048
242.048
242.048
242.047
242.046
242.046
242.047
242.048
242.048
242.049
242.05
242.051
242.051
242.053
242.055
242.06
242.066
242.077
242.093
242.119
242.157
242.213
242.296
242.417
242.591
242.836
243.183
243.662
244.323
245.219
246.423
248.021
250.12
252.847
256.357
260.828
266.47
273.514
282.215
292.831
305.591
320.639
337.935
357.098
377.172
396.41
412.355
422.619
427.078
428.247
428.376
428.37
428.319
428.238
428.148
428.03
427.893
427.755
427.639
427.571
427.542
427.522
427.511
427.506
427.506
427.507
427.516
427.543
427.576
427.607
427.638
427.661
427.671
427.673
427.67
427.656
427.635
427.62
427.613
427.608
427.608
427.613
427.622
427.626
427.628
427.629
427.629
427.626
427.625
427.627
427.632
427.638
427.645
427.652
427.655
427.654
427.651
427.645
427.638
427.631
427.627
427.626
427.627
427.63
427.635
427.64
427.643
427.645
427.646
427.646
427.644
427.644
427.644
427.644
427.644
427.645
427.644
427.642
427.635
427.624
427.612
427.596
427.577
427.552
427.515
427.463
427.375
427.143
426.759
426.257
425.701
425.126
424.545
423.959
423.37
422.777
422.182
421.587
420.992
420.399
419.808
419.218
418.627
418.034
417.438
416.838
416.233
415.625
415.012
414.398
413.78
413.162
412.543
411.924
411.304
410.686
410.066
409.448
408.83
408.214
407.597
406.98
406.363
405.745
405.128
404.509
403.89
403.273
402.656
402.041
401.426
400.816
400.205
399.601
398.995
398.397
397.802
397.217
396.625
395.978
394.777
242.037
242.037
242.037
242.038
242.038
242.038
242.039
242.039
242.04
242.04
242.04
242.041
242.041
242.042
242.043
242.044
242.045
242.046
242.047
242.049
242.05
242.05
242.05
242.051
242.052
242.053
242.053
242.052
242.051
242.05
242.049
242.049
242.05
242.051
242.051
242.051
242.051
242.05
242.05
242.05
242.051
242.052
242.052
242.052
242.052
242.051
242.05
242.049
242.049
242.048
242.048
242.048
242.048
242.047
242.046
242.046
242.047
242.048
242.048
242.049
242.05
242.051
242.051
242.053
242.055
242.06
242.066
242.076
242.093
242.119
242.157
242.212
242.295
242.416
242.59
242.835
243.181
243.658
244.316
245.209
246.406
247.994
250.079
252.789
256.276
260.72
266.331
273.347
282.026
292.63
305.392
320.46
337.789
356.989
377.097
396.362
412.327
422.61
427.075
428.245
428.374
428.368
428.319
428.237
428.148
428.03
427.894
427.755
427.64
427.572
427.542
427.521
427.51
427.506
427.505
427.507
427.516
427.543
427.576
427.608
427.638
427.661
427.671
427.673
427.67
427.656
427.635
427.62
427.613
427.608
427.608
427.613
427.622
427.626
427.628
427.629
427.629
427.626
427.625
427.627
427.632
427.638
427.645
427.652
427.655
427.654
427.651
427.645
427.638
427.631
427.627
427.626
427.627
427.63
427.635
427.64
427.643
427.645
427.646
427.646
427.644
427.644
427.644
427.644
427.644
427.644
427.644
427.642
427.635
427.624
427.612
427.596
427.577
427.552
427.515
427.463
427.374
427.143
426.759
426.257
425.7
425.126
424.544
423.959
423.369
422.777
422.182
421.586
420.992
420.399
419.808
419.218
418.627
418.034
417.438
416.838
416.234
415.625
415.012
414.397
413.78
413.162
412.543
411.924
411.304
410.686
410.066
409.448
408.83
408.214
407.597
406.98
406.363
405.745
405.128
404.509
403.89
403.272
402.656
402.041
401.426
400.816
400.205
399.601
398.995
398.398
397.802
397.217
396.624
395.976
394.78
242.037
242.037
242.037
242.037
242.038
242.038
242.039
242.039
242.04
242.04
242.04
242.041
242.041
242.042
242.042
242.044
242.045
242.046
242.047
242.049
242.05
242.05
242.05
242.051
242.052
242.053
242.053
242.052
242.051
242.05
242.049
242.049
242.05
242.05
242.051
242.051
242.051
242.051
242.05
242.05
242.051
242.052
242.052
242.052
242.052
242.051
242.05
242.049
242.049
242.048
242.048
242.048
242.048
242.047
242.046
242.046
242.046
242.048
242.048
242.05
242.05
242.051
242.051
242.053
242.056
242.06
242.066
242.076
242.093
242.118
242.157
242.212
242.295
242.416
242.589
242.833
243.178
243.653
244.309
245.198
246.389
247.967
250.04
252.733
256.2
260.622
266.212
273.21
281.879
292.485
305.262
320.356
337.715
356.942
377.071
396.346
412.319
422.606
427.074
428.245
428.373
428.368
428.318
428.237
428.148
428.03
427.894
427.756
427.64
427.572
427.542
427.521
427.51
427.505
427.505
427.507
427.516
427.543
427.576
427.608
427.638
427.661
427.672
427.673
427.67
427.656
427.635
427.62
427.613
427.608
427.608
427.613
427.622
427.626
427.628
427.629
427.629
427.627
427.625
427.627
427.632
427.638
427.645
427.652
427.655
427.654
427.651
427.645
427.638
427.631
427.627
427.626
427.627
427.63
427.635
427.64
427.643
427.645
427.646
427.645
427.644
427.644
427.644
427.644
427.644
427.644
427.644
427.641
427.635
427.624
427.612
427.596
427.577
427.552
427.515
427.463
427.374
427.142
426.758
426.256
425.7
425.125
424.544
423.959
423.369
422.777
422.182
421.586
420.992
420.399
419.808
419.218
418.627
418.034
417.438
416.838
416.234
415.625
415.012
414.397
413.78
413.162
412.542
411.923
411.304
410.685
410.066
409.448
408.83
408.214
407.597
406.98
406.362
405.745
405.128
404.509
403.89
403.272
402.656
402.041
401.426
400.816
400.205
399.601
398.995
398.398
397.802
397.217
396.623
395.975
394.783
242.037
242.037
242.037
242.037
242.038
242.038
242.039
242.039
242.04
242.04
242.04
242.041
242.041
242.042
242.042
242.044
242.045
242.046
242.047
242.049
242.05
242.05
242.05
242.051
242.052
242.053
242.053
242.052
242.051
242.05
242.049
242.049
242.05
242.05
242.05
242.051
242.051
242.051
242.05
242.05
242.051
242.052
242.052
242.052
242.052
242.051
242.05
242.049
242.049
242.048
242.048
242.048
242.048
242.047
242.046
242.046
242.046
242.048
242.049
242.05
242.05
242.05
242.051
242.053
242.056
242.06
242.066
242.076
242.092
242.118
242.156
242.212
242.295
242.415
242.588
242.832
243.175
243.648
244.303
245.189
246.373
247.944
250.008
252.691
256.145
260.553
266.13
273.121
281.789
292.398
305.191
320.308
337.685
356.926
377.062
396.338
412.312
422.603
427.075
428.244
428.371
428.365
428.315
428.236
428.147
428.03
427.895
427.757
427.641
427.572
427.541
427.52
427.509
427.505
427.505
427.506
427.516
427.543
427.576
427.608
427.639
427.662
427.672
427.673
427.67
427.656
427.635
427.62
427.613
427.608
427.608
427.613
427.622
427.626
427.628
427.629
427.629
427.627
427.625
427.627
427.632
427.638
427.645
427.652
427.655
427.654
427.651
427.645
427.638
427.631
427.627
427.626
427.627
427.63
427.635
427.64
427.643
427.645
427.646
427.645
427.644
427.644
427.644
427.644
427.644
427.644
427.644
427.641
427.635
427.624
427.612
427.596
427.577
427.552
427.515
427.463
427.374
427.142
426.758
426.256
425.699
425.125
424.544
423.958
423.369
422.776
422.181
421.586
420.992
420.399
419.808
419.218
418.627
418.034
417.438
416.838
416.234
415.625
415.012
414.397
413.78
413.162
412.542
411.923
411.304
410.685
410.066
409.448
408.83
408.214
407.597
406.98
406.362
405.745
405.128
404.509
403.89
403.272
402.656
402.041
401.426
400.815
400.205
399.601
398.995
398.398
397.802
397.217
396.622
395.974
394.785
242.037
242.037
242.037
242.037
242.038
242.038
242.039
242.039
242.04
242.04
242.04
242.041
242.041
242.042
242.042
242.044
242.045
242.046
242.047
242.049
242.05
242.05
242.05
242.051
242.052
242.053
242.053
242.052
242.051
242.05
242.049
242.049
242.05
242.05
242.05
242.051
242.051
242.051
242.05
242.05
242.051
242.052
242.052
242.052
242.052
242.051
242.05
242.049
242.049
242.048
242.048
242.048
242.048
242.047
242.046
242.046
242.046
242.048
242.049
242.05
242.05
242.05
242.051
242.053
242.056
242.061
242.066
242.075
242.092
242.118
242.156
242.212
242.294
242.414
242.587
242.831
243.172
243.646
244.3
245.183
246.364
247.93
249.989
252.665
256.111
260.514
266.082
273.073
281.747
292.357
305.158
320.292
337.678
356.924
377.062
396.336
412.311
422.604
427.076
428.243
428.369
428.362
428.312
428.234
428.146
428.03
427.895
427.757
427.641
427.572
427.541
427.52
427.509
427.504
427.505
427.506
427.517
427.543
427.576
427.608
427.639
427.662
427.672
427.673
427.67
427.656
427.635
427.62
427.613
427.608
427.608
427.613
427.622
427.626
427.628
427.629
427.629
427.627
427.625
427.627
427.632
427.638
427.645
427.652
427.655
427.654
427.651
427.645
427.638
427.631
427.627
427.626
427.627
427.63
427.635
427.64
427.643
427.645
427.646
427.645
427.645
427.645
427.644
427.644
427.644
427.644
427.644
427.641
427.635
427.624
427.612
427.596
427.577
427.552
427.515
427.463
427.374
427.142
426.758
426.256
425.699
425.125
424.543
423.958
423.368
422.776
422.181
421.586
420.992
420.399
419.808
419.218
418.627
418.035
417.438
416.838
416.234
415.625
415.012
414.397
413.78
413.161
412.542
411.923
411.304
410.685
410.066
409.448
408.83
408.214
407.597
406.98
406.362
405.745
405.128
404.509
403.89
403.272
402.656
402.041
401.427
400.815
400.205
399.601
398.995
398.398
397.801
397.217
396.622
395.974
394.786
242.037
242.037
242.037
242.037
242.038
242.038
242.039
242.039
242.04
242.04
242.04
242.041
242.041
242.042
242.042
242.044
242.045
242.046
242.047
242.049
242.05
242.05
242.05
242.051
242.052
242.053
242.053
242.052
242.051
242.05
242.05
242.049
242.05
242.05
242.05
242.051
242.051
242.051
242.05
242.05
242.051
242.052
242.052
242.052
242.052
242.051
242.05
242.049
242.049
242.048
242.048
242.048
242.048
242.047
242.046
242.046
242.046
242.048
242.049
242.05
242.05
242.05
242.051
242.053
242.056
242.061
242.066
242.075
242.092
242.118
242.156
242.212
242.295
242.414
242.588
242.83
243.171
243.645
244.301
245.182
246.358
247.922
249.98
252.661
256.107
260.507
266.065
273.056
281.728
292.34
305.141
320.276
337.668
356.921
377.058
396.332
412.31
422.604
427.075
428.241
428.366
428.36
428.31
428.233
428.145
428.029
427.895
427.757
427.642
427.572
427.541
427.52
427.509
427.504
427.505
427.506
427.517
427.544
427.576
427.608
427.639
427.662
427.672
427.673
427.67
427.656
427.635
427.62
427.613
427.608
427.608
427.613
427.622
427.626
427.628
427.629
427.629
427.627
427.625
427.627
427.632
427.638
427.645
427.652
427.655
427.654
427.651
427.645
427.638
427.631
427.627
427.627
427.627
427.63
427.635
427.64
427.643
427.645
427.646
427.645
427.645
427.645
427.644
427.644
427.644
427.644
427.644
427.641
427.635
427.624
427.611
427.596
427.577
427.551
427.514
427.462
427.374
427.142
426.757
426.256
425.699
425.125
424.543
423.958
423.368
422.776
422.181
421.586
420.992
420.399
419.808
419.218
418.627
418.035
417.438
416.838
416.234
415.625
415.012
414.397
413.78
413.161
412.542
411.923
411.304
410.685
410.067
409.448
408.83
408.214
407.597
406.98
406.362
405.745
405.127
404.51
403.89
403.272
402.656
402.041
401.427
400.815
400.206
399.601
398.996
398.398
397.801
397.217
396.622
395.973
394.787
293
293
293
293
293
293
293
293
293
293
293
293
293
293
293
293
293
293
293
293
293
293
293
293
293
293
293
293
293
293
293
293
293
293
293
293
293
293
293.005
293.081
293.439
294.193
295.169
296.151
297.049
297.865
298.629
299.366
300.08
300.762
301.398
301.998
302.611
303.32
304.195
305.25
306.381
307.351
308.086
309.551
314.448
326.267
336.959
337.647
319.417
288.46
270.214
279.307
289.527
300.89
309.007
314.785
319.328
322.98
326.241
328.913
331.061
332.714
333.171
332.661
331.561
330.054
327.834
325.95
325.232
325.246
326.591
327.923
328.826
329.725
330.497
331.298
332.246
332.802
333.249
333.311
333.206
332.112
329.827
325.515
293
293
293
293
293
293
293
293
293
293
293
293
293
293
293
293
293
293
293
293
293
293
293
293
293
293
293
293
293
293
293
293
293
293
293
293
293
293
293
293.004
293.067
293.388
294.101
295.051
296.021
296.91
297.715
298.463
299.18
299.873
300.537
301.161
301.747
302.334
302.996
303.806
304.799
305.906
306.904
307.68
309.054
313.458
324.352
334.909
335.948
317.842
284.573
269.214
282.146
293.453
303.609
309.317
312.449
314.492
315.694
316.776
318.238
319.946
321.524
322.409
322.734
322.586
321.862
320.033
318.178
317.331
317.007
318.542
320.319
321.917
323.37
324.476
325.249
325.776
325.496
324.621
322.526
319.95
316.516
312.125
293
293
293
293
293
293
293
293
293
293
293
293
293
293
293
293
293
293
293
293
293
293
293
293
293
293
293
293
293
293
293
293
293
293
293
293
293
293
293
293.003
293.053
293.335
294.001
294.922
295.877
296.756
297.549
298.282
298.977
299.647
300.29
300.896
301.464
302.024
302.635
303.369
304.275
305.317
306.314
307.117
308.247
311.523
319.819
330.017
333.275
318.446
283.07
265.752
282.107
295.904
305.112
309.521
310.559
310.652
310.201
309.563
309.418
309.5
309.707
310.023
310.029
309.663
308.941
307.673
306.486
306.132
306.287
307.638
309.347
310.939
312.363
293
293
293
293
293
293
293
293
293
293
293
293
293
293
293
293
293
293
293
293
293
293
293
293
293
293
293
293
293
293
293
293
293
293
293
293
293
293
293
293
293.002
293.041
293.282
293.896
294.781
295.719
296.588
297.369
298.085
298.759
299.404
300.021
300.604
301.15
301.68
302.239
302.89
303.686
304.622
293
293
293
293
293
293
293
293
293
293
293
293
293
293
293
293
293
293
293
293
293
293
293
293
293
293
293
293
293
293
293
293
293
293
293
293
293
293
293
293
293.001
293.03
293.23
293.786
294.63
295.547
296.404
297.173
297.872
298.524
299.142
299.73
300.286
300.805
301.302
301.807
302.371
293
293
293
293
293
293
293
293
293
293
293
293
293
293
293
293
293
293
293
293
293
293
293
293
293
293
293
293
293
293
293
293
293
293
293
293
293
293
293
293
293.001
293.02
293.18
293.673
294.469
295.362
296.205
296.961
297.643
298.273
298.865
299.422
299.945
300.432
300.891
301.341
293
293
293
293
293
293
293
293
293
293
293
293
293
293
293
293
293
293
293
293
293
293
293
293
293
293
293
293
293
293
293
293
293
293
293
293
293
293
293
293
293
293.013
293.135
293.559
294.299
295.162
295.99
296.733
297.398
298.007
298.572
299.097
299.585
300.035
300.452
300.846
293
293
293
293
293
293
293
293
293
293
293
293
293
293
293
293
293
293
293
293
293
293
293
293
293
293
293
293
293
293
293
293
293
293
293
293
293
293
293
293
293
293.008
293.095
293.446
294.121
294.95
295.761
296.489
297.138
297.726
298.265
298.759
299.21
299.621
299.993
300.331
293
293
293
293
293
293
293
293
293
293
293
293
293
293
293
293
293
293
293
293
293
293
293
293
293
293
293
293
293
293
293
293
293
293
293
293
293
293
293
293
293
293.004
293.062
293.34
293.94
294.726
295.517
296.23
296.862
297.43
297.945
298.41
298.826
299.195
299.522
299.805
293
293
293
293
293
293
293
293
293
293
293
293
293
293
293
293
293
293
293
293
293
293
293
293
293
293
293
293
293
293
293
293
293
293
293
293
293
293
293
293
293
293.002
293.036
293.242
293.758
294.492
295.26
295.958
296.573
297.12
297.612
298.051
298.436
298.766
299.047
299.279
293
293
293
293
293
293
293
293
293
293
293
293
293
293
293
293
293
293
293
293
293
293
293
293
293
293
293
293
293
293
293
293
293
293
293
293
293
293
293
293
293
293.001
293.019
293.159
293.58
294.251
294.99
295.674
296.272
296.799
297.27
297.685
298.042
298.339
298.578
298.763
293
293
293
293
293
293
293
293
293
293
293
293
293
293
293
293
293
293
293
293
293
293
293
293
293
293
293
293
293
293
293
293
293
293
293
293
293
293
293
293
293
293
293.008
293.093
293.415
294.006
294.71
295.379
295.962
296.469
296.918
297.313
297.648
297.918
298.123
298.266
293
293
293
293
293
293
293
293
293
293
293
293
293
293
293
293
293
293
293
293
293
293
293
293
293
293
293
293
293
293
293
293
293
293
293
293
293
293
293
293
293
293
293.003
293.047
293.269
293.765
294.421
295.074
295.645
296.133
296.56
296.934
297.253
297.504
297.685
297.797
293
293
293
293
293
293
293
293
293
293
293
293
293
293
293
293
293
293
293
293
293
293
293
293
293
293
293
293
293
293
293
293
293
293
293
293
293
293
293
293
293
293
293.001
293.019
293.153
293.535
294.126
294.759
295.323
295.797
296.201
296.553
296.856
297.097
297.265
297.359
293
293
293
293
293
293
293
293
293
293
293
293
293
293
293
293
293
293
293
293
293
293
293
293
293
293
293
293
293
293
293
293
293
293
293
293
293
293
293
293
293
293
293
293.006
293.071
293.332
293.832
294.434
294.995
295.462
295.847
296.175
296.459
296.692
296.858
296.95
293
293
293
293
293
293
293
293
293
293
293
293
293
293
293
293
293
293
293
293
293
293
293
293
293
293
293
293
293
293
293
293
293
293
293
293
293
293
293
293
293
293
293
293.001
293.025
293.173
293.551
294.098
294.656
295.129
295.506
295.811
296.07
296.289
296.456
296.557
293
293
293
293
293
293
293
293
293
293
293
293
293
293
293
293
293
293
293
293
293
293
293
293
293
293
293
293
293
293
293
293
293
293
293
293
293
293
293
293
293
293
293
293
293.006
293.069
293.309
293.761
294.3
294.788
295.174
295.469
295.704
295.899
296.057
296.168
293
293
293
293
293
293
293
293
293
293
293
293
293
293
293
293
293
293
293
293
293
293
293
293
293
293
293
293
293
293
293
293
293
293
293
293
293
293
293
293
293
293
293
293
293.001
293.019
293.134
293.449
293.927
294.425
294.839
295.147
295.371
295.542
295.678
295.783
293
293
293
293
293
293
293
293
293
293
293
293
293
293
293
293
293
293
293
293
293
293
293
293
293
293
293
293
293
293
293
293
293
293
293
293
293
293
293
293
293
293
293
293
293
293.003
293.04
293.205
293.563
294.032
294.478
294.825
295.067
295.23
295.344
295.426
293
293
293
293
293
293
293
293
293
293
293
293
293
293
293
293
293
293
293
293
293
293
293
293
293
293
293
293
293
293
293
293
293
293
293
293
293
293
293
293
293
293
293
293
293
293
293.007
293.063
293.262
293.631
294.073
294.469
294.761
294.95
295.063
295.128
293
293
293
293
293
293
293
293
293
293
293
293
293
293
293
293
293
293
293
293
293
293
293
293
293
293
293
293
293
293
293
293
293
293
293
293
293
293
293
293
293
293
293
293
293
293
293
293.011
293.08
293.291
293.648
294.055
294.409
294.66
294.811
294.887
293
293
293
293
293
293
293
293
293
293
293
293
293
293
293
293
293
293
293
293
293
293
293
293
293
293
293
293
293
293
293
293
293
293
293
293
293
293
293
293
293
293
293
293
293
293
293
293.001
293.013
293.085
293.285
293.614
293.986
294.308
294.533
294.66
293
293
293
293
293
293
293
293
293
293
293
293
293
293
293
293
293
293
293
293
293
293
293
293
293
293
293
293
293
293
293
293
293
293
293
293
293
293
293
293
293
293
293
293
293
293
293
293
293.001
293.012
293.075
293.249
293.537
293.872
294.171
294.384
293
293
293
293
293
293
293
293
293
293
293
293
293
293
293
293
293
293
293
293
293
293
293
293
293
293
293
293
293
293
293
293
293
293
293
293
293
293
293
293
293
293
293
293
293
293
293
293
293
293.001
293.009
293.056
293.191
293.428
293.722
294.002
293
293
293
293
293
293
293
293
293
293
293
293
293
293
293
293
293
293
293
293
293
293
293
293
293
293
293
293
293
293
293
293
293
293
293
293
293
293
293
293
293
293
293
293
293
293
293
293
293
293
293
293.005
293.035
293.126
293.304
293.549
293
293
293
293
293
293
293
293
293
293
293
293
293
293
293
293
293
293
293
293
293
293
293
293
293
293
293
293
293
293
293
293
293
293
293
293
293
293
293
293
293
293
293
293
293
293
293
293
293
293
293
293
293.002
293.017
293.069
293.187
293
293
293
293
293
293
293
293
293
293
293
293
293
293
293
293
293
293
293
293
293
293
293
293
293
293
293
293
293
293
293
293
293
293
293
293
293
293
293
293
293
293
293
293
293
293
293
293
293
293
293
293
293
293.001
293.006
293.03
293
293
293
293
293
293
293
293
293
293
293
293
293
293
293
293
293
293
293
293
293
293
293
293
293
293
293
293
293
293
293
293
293
293
293
293
293
293
293
293
293
293
293
293
293
293
293
293
293
293
293
293
293
293
293
293.002
293
293
293
293
293
293
293
293
293
293
293
293
293
293
293
293
293
293
293
293
293
293
293
293
293
293
293
293
293
293
293
293
293
293
293
293
293
293
293
293
293
293
293
293
293
293
293
293
293
293
293
293
293
293
293
293
293
293
293
293
293
293
293
293
293
293
293
293
293
293
293
293
293
293
293
293
293
293
293
293
293
293
293
293
293
293
293
293
293
293
293
293
293
293
293
293
293
293
293
293
293
293
293
293
293
293
293
293
293
293
293
293
293
293
293
293
293
293
293
293
293
293
293
293
293
293
293
293
293
293
293
293
293
293
293
293
293
293
293
293
293
293
293
293
293
293
293
293
293
293
293
293
293
293
293
293
293
293
293
293
293
293
293
293
293
293
293
293
293
293
293
293
293
293
293
293
293
293
293
293
293
293
293
293
293
293
293
293
293
293
293
293
293
293
293
293
293
293
293
293
293
293
293
293
293
293
293
293
293
293
293
293
293
293
293
293
293
293
293
293
293
293
293
293
293
293
293
293
293
293
293
293
293
293
293
293
293
293
293
293
293
293
293
293
293
293
293
293
293
293
293
293
293
293
293
293
293
293
293
293
293
293
293
293
293
293
293
293
293
293
293
293
293
293
293
293
293
293
293
293
293
293
293
293
293
293
293
293
293
293
293
293
293
293
293
293
293
293
293
293
293
293
293
293
293
293
293
293
293
293
293
293
293
293
293
293
293
293
293
293
293
293
293
293
293
293
293
293
293
293
293
293
293
293
293
293
293
293
293
293
293
293
293
293
293
293
293
293
293
293
293
293
293
293
293
293
293
293
293
293
293
293
293
293
293
293
293
293
293
293
293
293
293
293
293
293
293
293
293
293
293
293
293
293
293
293
293
293
293
293
293
293
293
293
293
293
293
293
293
293
293
293
293
293
293
293
293
293
293
293
293
293
293
293
293
293
293
293
293
293
293
293
293
293
293
293
293
293
293
293
293
293
293
293
293
293
293
293
293
293
293
293
293
293
293
293
293
293
293
293
293
293
293
293
293
293
293
293
293
293
293
293
293
293
293
293
293
293
293
293
293
293
293
293
293
293
293
293
293
293
293
293
293
293
293
293
293
293
293
293
293
293
293
293
293
293
293
293
293
293
293
293
293
293
293
293
293
293
293
293
293
293
293
293
293
293
293
293
293
293
293
293
293
293
293
293
293
293
293
293
293
293
293
293
293
293
293
293
293
293
293
293
293
293
293
293
293
293
293
293
293
293
293
293
293
293
293
293
293
293
293
293
293
293
293
293
293
293
293
293
293
293
293
293
293
293
293
293
293
293
293
293
293
293
293
293
293
293
293
293
293
293
293
293
293
293
293
293
293
293
293
293
293
293
293
293
293
293
293
293
293
293
293
293
293
293
293
293
293
293
293
293
293
293
293
293
293
293
293
293
293
293
293
293
293
293
293
293
293
293
293
293
293
293
293
293
293
293
293
293
293
293
293
293
293
293
293
293
293
293
293
293
293
293
293
293
293
293
293
293
293
293
293
293
293
293
293
293
293
293
293
293
293
293
293
293
293
293
293
293
293
293
293
293
293
293
293
293
293
293
293
293
293
293
293
293
293
293
293
293
293
293
293
293
293
293
293
293
293
293
293
293
293
293
293
293
293
293
293
293
293
293
293
293
293
293
293
293
293
293
293
293
293
293
293
293
293
293
293
293
293
293
293
293
293
293
293
293
293
293
293
293
293
293
293
293
293
293
293
293
293
293
293
293
293
293
293
293
293
293
293
293
293
293
293
293
293
293
293
293
293
293
293
293
293
293
293
293
293
293
293
293
293
293
293
293
293
293
293
293
293
293
293
293
293
293
293
293
293
293
293
293
293
293
293
293
293
293
293
293
293
293
293
293
293
293
293
293
293
293
293
293
293
293
293
293
293
293
293
293
293
293
293
293
293
293
293
293
293
293
293
293
293
293
293
293
293
293
293
293
293
293
293
293
293
293
293
293
293
293
293
293
293
293
293
293
293
293
293
293
293
293
293
293
293
293
293
293
293
293
293
293
293
293
293
293
293
293
293
293
293
293
293
293
293
293
293
293
293
293
293
293
293
293
293
293
293
293
293
293
293
293
293
293
293
293
293
293
293
293
293
293
293
293
293
293
293
293
293
293
293
293
293
293
293
293
293
293
293
293
293
293
293
293
293
293
293
293
293
293
293
293
293
293
293
293
293
293
293
293
293
293
293
293
293
293
293
293
293
293
293
293
293
293
293
293
293
293
293
293
293
293
293
293
293
293
293
293
293
293
293
293
293
293
293
293
293
293
293
293
293
293
293
293
293
293
293
293
293
293
293
293
293
293
293
293
293
293
293
293
293
293
293
293
293
293
293
293
293
293
293
293
293
293
293
293
293
293
293
293
293
293
293
293
293
293
293
293
293
293
293
293
293
293
293
293
293
293
293
293
293
293
293
293
293
293
293
293
293
293
293
293
293
293
293
293
293
293
293
293
293
293
293
293
293
293
293
293
293
293
293
293
293
293
293
293
293
293
293
293
293
293
293
293
293
293
293
293
293
293
293
293
293
293
293
293
293
293
293
293
293
293
293
293
293
293
293
293
293
293
293
293
293
293
293
293
293
293
293
293
293
293
293
293
293
293
293
293
293
293
293
293
293
293
293
293
293
293
293
293
293
293
293
293
293
293
293
293
293
293
293
293
293
293
293
293
293
293
293
293
293
293
293
293
293
293
293
293
293
293
293
293.001
293.024
293.22
293.83
294.818
295.926
296.979
297.944
298.847
299.718
300.566
301.379
302.139
302.831
303.468
304.117
304.888
305.875
307.058
308.335
309.611
310.821
311.895
312.722
313.706
315.101
316.842
322.135
336.68
357.869
366.418
337.018
331.522
336.446
347.213
357.139
367.308
373.655
374.753
316.714
295.87
295.169
307.724
335.064
351.779
366.966
383.638
398.292
409.98
399.013
338.038
332.806
343.684
366.772
382.829
385.345
185.461
177.374
203.172
255.453
295.166
335.017
375.126
293
293
293
293
293
293
293
293
293
293
293
293
293
293
293
293
293
293
293
293
293
293
293
293
293
293
293
293
293
293
293
293
293
293
293
293.001
293.024
293.22
293.83
294.818
295.926
296.981
297.946
298.85
299.723
300.573
301.388
302.151
302.846
303.488
304.141
304.918
305.911
307.103
308.385
309.669
310.891
311.962
312.846
313.824
315.151
316.91
322.61
337.264
358.067
365.422
334.814
329.186
333.757
344.254
353.64
363.212
369.822
371.407
314.007
293.734
292.764
304.088
330.265
346.749
361.555
377.952
393.202
403.554
390.789
331.453
326.436
336.734
356.791
370.004
337.996
197.473
182.211
208.83
257.491
294.407
335.135
374.496
293
293
293
293
293
293
293
293
293
293
293
293
293
293
293
293
293
293
293
293
293
293
293
293
293
293
293
293
293
293
293
293
293
293
293
293.001
293.024
293.219
293.827
294.813
295.92
296.974
297.938
298.841
299.712
300.56
301.374
302.135
302.828
303.469
304.121
304.896
305.886
307.072
308.345
309.606
310.791
311.851
312.8
313.882
315.181
316.974
323.447
338.046
357.542
362.607
330.773
325.444
329.382
339.337
348.205
357.333
363.592
364.887
309.865
289.742
288.617
299.29
322.585
338.478
353.035
368.853
383.604
392.906
376.812
320.275
315.057
323.602
338.998
347.872
297.737
214.323
189.534
202.658
250.615
291.21
332.412
373.194
293
293
293
293
293
293
293
293
293
293
293
293
293
293
293
293
293
293
293
293
293
293
293
293
293
293
293
293
293
293
293
293
293
293
293
293.001
293.024
293.217
293.823
294.807
295.914
296.967
297.93
298.832
299.703
300.55
301.363
302.123
302.817
303.458
304.112
304.889
305.879
307.065
308.332
309.584
310.767
311.844
312.823
313.896
315.15
317.099
324.543
339.648
356.88
358.58
326.347
321.374
324.795
333.883
342.26
351.185
357.03
357.503
305.984
285.47
283.691
292.819
314.56
329.94
344.084
359.34
373.624
381.987
363.974
311.114
305.378
312.731
323.256
324.947
276.005
229.297
203.379
202.281
243.762
286.1
328.369
371.144
293
293
293
293
293
293
293
293
293
293
293
293
293
293
293
293
293
293
293
293
293
293
293
293
293
293
293
293
293
293
293
293
293
293
293
293.001
293.023
293.215
293.818
294.8
295.904
296.956
297.919
298.82
299.689
300.535
301.347
302.106
302.799
303.442
304.099
304.878
305.868
307.047
308.296
309.511
310.664
311.761
312.809
313.883
315.083
317.447
325.707
341.63
355.931
353.364
322.21
317.806
321.39
329.325
337.436
345.99
351.009
350.551
303.769
282.525
279.867
286.89
307.146
322.321
336.197
351.3
365.367
373.324
355.162
306.405
299.995
306.118
312.523
303.608
263.793
242.437
222.531
215.735
237.352
279.403
322.425
367.942
293
293
293
293
293
293
293
293
293
293
293
293
293
293
293
293
293
293
293
293
293
293
293
293
293
293
293
293
293
293
293
293
293
293
293
293.001
293.023
293.212
293.811
294.79
295.893
296.944
297.905
298.805
299.673
300.517
301.327
302.085
302.778
303.423
304.083
304.865
305.855
307.028
308.26
309.45
310.588
311.7
312.776
313.805
314.977
318.159
327.162
343.588
355.525
347.098
318.902
315.274
319.093
326.081
334.024
342.298
347.046
344.209
303.008
281.38
278.011
282.759
301.84
317.238
331.164
346.081
359.974
367.612
350.756
306.011
298.762
302.449
305.015
284.311
261.567
253.493
240.36
230.371
235.558
271.182
314.056
363.028
293
293
293
293
293
293
293
293
293
293
293
293
293
293
293
293
293
293
293
293
293
293
293
293
293
293
293
293
293
293
293
293
293
293
293
293.001
293.022
293.209
293.803
294.778
295.879
296.929
297.889
298.787
299.653
300.495
301.304
302.06
302.753
303.4
304.064
304.849
305.838
307.001
308.214
309.386
310.522
311.641
312.71
313.684
314.907
319.197
329.142
345.387
354.516
340.665
316.441
313.104
318.171
324.599
332.186
339.882
344.297
339.488
303.447
281.874
277.675
279.976
296.726
312.744
326.764
341.913
356.306
363.714
349.491
308.638
299.771
300.836
295.908
272.664
263.46
259.96
253.169
247.922
245.966
265.577
304.081
355.633
293
293
293
293
293
293
293
293
293
293
293
293
293
293
293
293
293
293
293
293
293
293
293
293
293
293
293
293
293
293
293
293
293
293
293
293.001
293.022
293.205
293.794
294.764
295.863
296.911
297.87
298.765
299.629
300.47
301.276
302.03
302.723
303.372
304.041
304.83
305.818
306.972
308.168
309.323
310.449
311.561
312.604
313.547
315.045
320.323
331.736
347.028
352.85
334.864
314.348
312.024
317.67
323.905
331.05
338.135
342.667
337.058
305.165
284.471
279.416
280.539
294.224
310.478
324.77
339.672
353.61
361.368
350.869
313.136
301.504
299.447
284.378
270.243
268.066
265.661
262.97
263.345
259.077
266.073
295.418
344.91
293
293
293
293
293
293
293
293
293
293
293
293
293
293
293
293
293
293
293
293
293
293
293
293
293
293
293
293
293
293
293
293
293
293
293
293.001
293.021
293.201
293.783
294.749
295.844
296.891
297.848
298.741
299.603
300.441
301.245
301.997
302.689
303.34
304.013
304.807
305.793
306.936
308.113
309.253
310.371
311.466
312.474
313.456
315.544
321.855
334.594
347.807
350.199
329.659
312.596
311.436
317.583
324.063
330.914
337.25
341.314
335.565
307.832
288.512
282.15
281.968
293.141
309.202
323.985
338.771
352.132
359.424
352.134
317.379
303.356
295.839
277.91
269.773
268.348
270.448
270.881
273.186
273.085
277.775
293.739
331.291
293
293
293
293
293
293
293
293
293
293
293
293
293
293
293
293
293
293
293
293
293
293
293
293
293
293
293
293
293
293
293
293
293
293
293
293.001
293.02
293.196
293.769
294.728
295.819
296.863
297.818
298.708
299.566
300.401
301.202
301.952
302.642
303.296
303.975
304.774
305.759
306.891
308.053
309.173
310.261
311.312
312.295
313.454
316.725
324.515
337.986
347.674
345.978
324.119
310.46
310.938
317.334
324.221
330.941
336.601
339.985
334.39
311.472
294.172
286.214
284.872
293.032
308.129
323.374
337.905
350.61
357.491
353.004
320.799
304.607
290.592
276.052
271.633
270.968
275.007
278.611
281.959
285.98
290.877
298.492
308.403
293
293
293
293
293
293
293
293
293
293
293
293
293
293
293
293
293
293
293
293
293
293
293
293
293
293
293
293
293
293
293
293
293
293
293
293.001
293.019
293.189
293.751
294.7
295.787
296.828
297.779
298.666
299.52
300.351
301.148
301.893
302.582
303.238
303.923
304.729
305.711
306.83
307.971
309.066
310.114
311.116
312.101
313.719
318.458
328.087
341.035
347.279
339.705
318.549
307.848
310.175
316.749
324.119
330.751
335.574
337.548
332.415
314.686
300.24
291.266
288.906
293.418
306.748
322.498
336.897
349.024
355.375
353.077
322.409
304.973
288.345
278.286
274.952
274.262
278.863
283.947
290.003
295.976
303.026
310.867
315.667
293
293
293
293
293
293
293
293
293
293
293
293
293
293
293
293
293
293
293
293
293
293
293
293
293
293
293
293
293
293
293
293
293
293
293
293
293.018
293.181
293.731
294.67
295.751
296.788
297.736
298.618
299.467
300.293
301.086
301.828
302.514
303.171
303.862
304.672
305.654
306.765
307.895
308.967
309.962
310.897
311.925
314.371
320.566
331.73
343.095
345.777
333.037
313.393
305.318
309.144
315.994
323.564
329.932
333.855
334.487
329.773
316.764
305.291
296.073
292.897
293.924
305.036
320.862
335.448
347.463
353.39
351.343
321.242
304.021
288.63
281.726
278.315
277.46
282.112
287.988
295.33
302.648
310.387
316.517
319.255
293
293
293
293
293
293
293
293
293
293
293
293
293
293
293
293
293
293
293
293
293
293
293
293
293
293
293
293
293
293
293
293
293
293
293
293
293.017
293.172
293.709
294.636
295.71
296.744
297.688
298.565
299.408
300.229
301.018
301.755
302.439
303.096
303.791
304.605
305.587
306.69
307.805
308.846
309.792
310.68
311.822
315.316
323.169
335.223
343.858
342.954
326.42
308.448
303.049
308.308
315.516
322.953
328.72
331.557
331.454
327.081
317.786
309.127
300.406
296.01
294.84
303.254
318.059
333.022
345.362
351.498
346.449
317.229
302.158
291.417
285.587
282.135
280.991
285.306
291.25
299.681
307.971
315.42
319.984
321.373
293
293
293
293
293
293
293
293
293
293
293
293
293
293
293
293
293
293
293
293
293
293
293
293
293
293
293
293
293
293
293
293
293
293
293
293
293.015
293.163
293.685
294.599
295.666
296.696
297.636
298.508
299.344
300.159
300.942
301.676
302.355
303.011
303.708
304.525
305.507
306.606
307.718
308.739
309.633
310.485
311.895
316.34
325.955
338.033
344.332
338.381
319.932
303.875
301.596
307.952
315.496
322.819
328.006
329.917
328.912
325.077
318.384
311.843
304.148
298.73
296.779
302.097
314.493
329.775
342.582
348.689
338.945
312.429
301.356
293.54
288.944
285.893
284.986
288.79
294.198
302.899
311.696
318.431
321.411
322.117
293
293
293
293
293
293
293
293
293
293
293
293
293
293
293
293
293
293
293
293
293
293
293
293
293
293
293
293
293
293
293
293
293
293
293
293
293.014
293.154
293.659
294.559
295.618
296.644
297.579
298.445
299.275
300.083
300.861
301.59
302.265
302.918
303.614
304.432
305.415
306.513
307.617
308.606
309.433
310.247
312.071
317.501
328.693
340.146
343.816
333.176
314.034
299.94
301.391
308.282
316.136
323.176
327.981
329.38
327.773
324.224
319.14
314.237
307.484
301.955
299.597
301.955
311.849
326.481
339.214
345.286
330.604
309.462
301.74
296.009
291.943
289.355
288.953
292.567
297.256
305.152
313.543
319.776
321.993
322.345
293
293
293
293
293
293
293
293
293
293
293
293
293
293
293
293
293
293
293
293
293
293
293
293
293
293
293
293
293
293
293
293
293
293
293
293
293.013
293.144
293.632
294.516
295.567
296.588
297.518
298.378
299.2
300.001
300.773
301.497
302.168
302.816
303.507
304.325
305.307
306.407
307.509
308.478
309.253
310.056
312.445
318.907
331.217
341.263
342.396
327.745
308.448
296.866
301.451
309.105
317.657
324.601
329.057
330.352
328.646
325.12
320.854
316.57
311.471
306.325
303.386
303.672
311.477
324.508
336.401
341.979
324.523
308.756
303.23
298.745
295.178
293.076
292.802
296.365
300.663
307.278
314.818
320.212
322.424
322.755
293
293
293
293
293
293
293
293
293
293
293
293
293
293
293
293
293
293
293
293
293
293
293
293
293
293
293
293
293
293
293
293
293
293
293
293
293.011
293.134
293.604
294.47
295.512
296.528
297.454
298.307
299.121
299.913
300.678
301.397
302.064
302.706
303.39
304.202
305.181
306.285
307.391
308.335
309.058
309.902
312.846
320.536
333.385
341.393
339.621
322.376
302.649
293.976
300.707
309.751
319.079
326.196
330.812
332.498
331.445
328.34
324.528
320.837
316.195
311.624
308.207
307.617
313.551
324.378
335.1
338.613
322.62
311.982
308.161
303.5
299.747
297.584
297.227
300.579
304.468
309.672
315.363
320.141
322.818
323.348
293
293
293
293
293
293
293
293
293
293
293
293
293
293
293
293
293
293
293
293
293
293
293
293
293
293
293
293
293
293
293
293
293
293
293
293
293.01
293.124
293.574
294.422
295.454
296.464
297.385
298.231
299.036
299.82
300.577
301.291
301.953
302.588
303.262
304.063
305.037
306.144
307.255
308.182
308.878
309.835
313.272
322.171
334.92
341.314
336.376
316.952
295.936
290.375
298.818
309.593
319.701
327.114
332.156
334.725
334.59
332.854
329.911
326.535
322.499
318.839
315.458
313.927
317.893
326.056
334.934
335.784
324.677
318.045
314.188
310.047
306.277
305.12
304.436
306.954
309.659
312.988
317.265
321.139
324.588
325.605
293
293
293
293
293
293
293
293
293
293
293
293
293
293
293
293
293
293
293
293
293
293
293
293
293
293
293
293
293
293
293
293
293
293
293
293
293.009
293.114
293.543
294.372
295.392
296.397
297.312
298.152
298.948
299.721
300.47
301.178
301.835
302.462
303.125
303.911
304.873
305.98
307.099
308.018
308.705
309.808
313.717
323.691
336.104
340.949
332.363
310.714
287.951
285.671
294.959
306.884
317.809
325.772
331.89
335.615
336.295
336.264
334.746
331.946
329.386
326.33
323.69
321.829
322.619
328.423
334.001
333.964
328.177
324.669
321.92
318.992
315.941
314.556
313.836
315.383
317.779
320.052
322.225
324.864
328.709
331.528
293
293
293
293
293
293
293
293
293
293
293
293
293
293
293
293
293
293
293
293
293
293
293
293
293
293
293
293
293
293
293
293
293
293
293
293
293.008
293.104
293.512
294.32
295.327
296.326
297.236
298.068
298.855
299.618
300.358
301.059
301.71
302.329
302.978
303.744
304.688
305.79
306.917
307.843
308.528
309.783
314.088
324.922
336.786
340.244
328.163
303.416
280.148
281.025
290.772
303.07
314.109
322.382
329.805
334.14
336.743
337.38
337.371
336.168
334.376
332.145
330.52
328.508
327.243
330.66
332.805
332.703
330.01
328.3
327.317
326.12
325.184
324.37
324.529
325.185
326.935
329.309
331.435
333.133
335.563
340.491
293
293
293
293
293
293
293
293
293
293
293
293
293
293
293
293
293
293
293
293
293
293
293
293
293
293
293
293
293
293
293
293
293
293
293
293
293
293
293.007
293.094
293.48
294.265
295.26
296.251
297.156
297.982
298.758
299.51
300.239
300.933
301.578
302.189
302.822
303.565
304.484
305.572
306.705
307.644
308.335
309.71
314.305
325.768
337.209
339.495
323.837
296.007
273.87
278.53
288.57
300.635
310.636
318.282
325.139
330.328
334.056
336.271
337.33
337.362
336.409
334.898
333.401
331.58
329.801
330.151
330.004
329.846
329.757
329.772
330.003
330.108
329.988
330.298
331.093
331.913
333.412
335.349
336.971
337.904
338.909
345.364
394.768
395.982
396.626
397.217
397.803
398.397
398.996
399.601
400.205
400.816
401.426
402.041
402.656
403.273
403.89
404.509
405.128
405.745
406.363
406.98
407.597
408.214
408.83
409.448
410.066
410.686
411.304
411.924
412.543
413.162
413.78
414.398
415.013
415.625
416.233
416.838
417.438
418.034
418.626
419.218
419.808
420.4
420.992
421.587
422.182
422.777
423.37
423.959
424.545
425.126
425.701
426.257
426.759
427.143
427.375
427.463
427.515
427.552
427.577
427.596
427.612
427.624
427.635
427.642
427.644
427.645
427.645
427.644
427.644
427.644
427.644
427.646
427.646
427.645
427.643
427.64
427.635
427.63
427.627
427.626
427.627
427.631
427.637
427.645
427.651
427.654
427.655
427.652
427.645
427.638
427.632
427.627
427.625
427.626
427.629
427.629
427.628
427.626
427.622
427.613
427.608
427.608
427.613
427.62
427.635
427.656
427.67
427.673
427.672
427.661
427.637
427.607
427.575
427.542
427.516
427.507
427.506
427.507
427.512
427.523
427.543
427.571
427.638
427.754
427.893
428.03
428.148
428.238
428.319
428.372
428.378
428.249
427.073
422.636
412.437
396.583
377.448
357.469
338.375
321.112
306.057
293.258
282.584
273.817
266.705
261.004
256.483
252.934
250.178
248.057
246.445
245.232
244.331
243.668
243.186
242.838
242.591
242.417
242.296
242.213
242.157
242.119
242.094
242.077
242.066
242.059
242.055
242.053
242.052
242.051
242.049
242.049
242.048
242.048
242.047
242.046
242.046
242.047
242.048
242.047
242.047
242.048
242.049
242.05
242.05
242.051
242.052
242.052
242.052
242.052
242.051
242.05
242.05
242.05
242.051
242.051
242.051
242.051
242.05
242.049
242.049
242.05
242.051
242.052
242.053
242.053
242.052
242.051
242.05
242.05
242.05
242.049
242.047
242.046
242.045
242.044
242.043
242.042
242.041
242.041
242.04
242.04
242.04
242.039
242.039
242.038
242.038
242.038
242.037
242.037
242.037
394.77
395.98
396.626
397.217
397.803
398.397
398.996
399.601
400.205
400.816
401.426
402.041
402.656
403.273
403.89
404.509
405.128
405.745
406.363
406.98
407.597
408.214
408.83
409.448
410.066
410.686
411.304
411.924
412.543
413.162
413.78
414.398
415.013
415.625
416.233
416.838
417.438
418.034
418.626
419.218
419.808
420.399
420.992
421.587
422.182
422.777
423.37
423.959
424.545
425.126
425.701
426.257
426.759
427.143
427.375
427.463
427.515
427.552
427.577
427.596
427.612
427.624
427.635
427.642
427.644
427.645
427.645
427.644
427.644
427.644
427.644
427.646
427.646
427.645
427.643
427.64
427.635
427.63
427.627
427.626
427.627
427.631
427.638
427.645
427.651
427.654
427.655
427.652
427.645
427.638
427.632
427.627
427.625
427.626
427.629
427.629
427.628
427.626
427.622
427.613
427.608
427.608
427.613
427.62
427.635
427.656
427.67
427.673
427.671
427.661
427.638
427.607
427.575
427.542
427.516
427.507
427.506
427.507
427.512
427.523
427.543
427.571
427.639
427.754
427.893
428.03
428.148
428.238
428.32
428.371
428.378
428.249
427.077
422.636
412.423
396.549
377.394
357.4
338.298
321.034
305.985
293.196
282.533
273.776
266.675
260.982
256.468
252.924
250.171
248.054
246.443
245.231
244.331
243.668
243.186
242.838
242.591
242.417
242.296
242.213
242.157
242.119
242.094
242.077
242.066
242.059
242.055
242.053
242.052
242.051
242.049
242.049
242.048
242.048
242.047
242.046
242.046
242.047
242.048
242.048
242.047
242.048
242.049
242.05
242.05
242.051
242.052
242.052
242.052
242.052
242.051
242.05
242.05
242.05
242.051
242.051
242.051
242.051
242.05
242.049
242.049
242.05
242.051
242.052
242.053
242.053
242.052
242.051
242.05
242.05
242.05
242.049
242.047
242.046
242.045
242.044
242.043
242.042
242.041
242.041
242.04
242.04
242.04
242.039
242.039
242.038
242.038
242.038
242.037
242.037
242.037
394.773
395.979
396.625
397.217
397.803
398.397
398.996
399.601
400.205
400.816
401.426
402.041
402.656
403.273
403.89
404.509
405.128
405.745
406.363
406.98
407.597
408.214
408.83
409.448
410.066
410.686
411.304
411.924
412.543
413.162
413.78
414.398
415.012
415.625
416.233
416.838
417.438
418.034
418.626
419.218
419.808
420.399
420.992
421.587
422.182
422.777
423.37
423.959
424.545
425.126
425.701
426.257
426.759
427.143
427.375
427.463
427.515
427.552
427.577
427.596
427.612
427.624
427.635
427.642
427.644
427.645
427.645
427.644
427.644
427.644
427.644
427.646
427.646
427.645
427.643
427.64
427.635
427.63
427.627
427.626
427.627
427.631
427.638
427.645
427.651
427.654
427.655
427.652
427.645
427.638
427.632
427.627
427.625
427.626
427.629
427.629
427.628
427.626
427.622
427.613
427.608
427.608
427.613
427.62
427.635
427.656
427.67
427.673
427.671
427.661
427.638
427.607
427.575
427.543
427.516
427.507
427.506
427.506
427.511
427.522
427.543
427.571
427.639
427.754
427.893
428.03
428.148
428.238
428.319
428.371
428.377
428.248
427.076
422.626
412.388
396.479
377.282
357.252
338.128
320.857
305.814
293.042
282.403
273.672
266.595
260.923
256.426
252.895
250.152
248.042
246.436
245.227
244.328
243.666
243.185
242.837
242.591
242.417
242.296
242.213
242.157
242.119
242.093
242.077
242.066
242.06
242.055
242.053
242.052
242.051
242.049
242.049
242.048
242.048
242.047
242.046
242.046
242.047
242.048
242.048
242.048
242.048
242.049
242.05
242.05
242.051
242.052
242.052
242.052
242.052
242.051
242.05
242.05
242.05
242.051
242.051
242.051
242.051
242.05
242.049
242.049
242.05
242.051
242.052
242.053
242.053
242.052
242.051
242.05
242.05
242.05
242.049
242.047
242.046
242.045
242.044
242.043
242.042
242.041
242.041
242.04
242.04
242.04
242.039
242.039
242.038
242.038
242.038
242.037
242.037
242.037
394.777
395.978
396.625
397.217
397.802
398.397
398.995
399.601
400.205
400.816
401.426
402.041
402.656
403.273
403.89
404.509
405.128
405.745
406.363
406.98
407.597
408.214
408.83
409.448
410.066
410.686
411.304
411.924
412.543
413.162
413.78
414.398
415.012
415.625
416.233
416.838
417.438
418.034
418.627
419.218
419.808
420.399
420.992
421.587
422.182
422.777
423.37
423.959
424.545
425.126
425.701
426.257
426.759
427.143
427.375
427.463
427.515
427.552
427.577
427.596
427.612
427.624
427.635
427.642
427.644
427.645
427.644
427.644
427.644
427.644
427.644
427.646
427.646
427.645
427.643
427.64
427.635
427.63
427.627
427.626
427.627
427.631
427.638
427.645
427.651
427.654
427.655
427.652
427.645
427.638
427.632
427.627
427.625
427.626
427.629
427.629
427.628
427.626
427.622
427.613
427.608
427.608
427.613
427.62
427.635
427.656
427.67
427.673
427.671
427.661
427.638
427.607
427.576
427.543
427.516
427.507
427.506
427.506
427.511
427.522
427.542
427.572
427.639
427.755
427.893
428.03
428.148
428.238
428.319
428.37
428.376
428.248
427.078
422.619
412.355
396.41
377.173
357.098
337.935
320.639
305.591
292.832
282.215
273.514
266.47
260.828
256.357
252.847
250.12
248.021
246.423
245.219
244.323
243.662
243.183
242.836
242.591
242.417
242.296
242.213
242.157
242.119
242.093
242.077
242.066
242.06
242.055
242.053
242.051
242.051
242.05
242.049
242.048
242.048
242.047
242.046
242.046
242.047
242.048
242.048
242.048
242.048
242.049
242.049
242.05
242.051
242.052
242.052
242.052
242.052
242.051
242.05
242.05
242.05
242.051
242.051
242.051
242.051
242.05
242.049
242.049
242.05
242.051
242.052
242.053
242.053
242.052
242.051
242.05
242.05
242.05
242.049
242.047
242.046
242.045
242.044
242.043
242.042
242.041
242.041
242.04
242.04
242.04
242.039
242.039
242.038
242.038
242.038
242.037
242.037
242.037
394.78
395.976
396.624
397.217
397.802
398.398
398.995
399.601
400.205
400.816
401.426
402.041
402.656
403.272
403.89
404.509
405.128
405.745
406.363
406.98
407.597
408.214
408.83
409.448
410.066
410.686
411.304
411.924
412.543
413.162
413.78
414.397
415.012
415.625
416.234
416.838
417.438
418.034
418.627
419.218
419.808
420.399
420.992
421.586
422.182
422.777
423.37
423.959
424.544
425.126
425.7
426.257
426.759
427.143
427.374
427.463
427.515
427.552
427.577
427.596
427.612
427.624
427.635
427.642
427.644
427.644
427.644
427.644
427.644
427.644
427.644
427.646
427.646
427.645
427.643
427.64
427.635
427.63
427.627
427.626
427.627
427.631
427.638
427.645
427.651
427.654
427.655
427.652
427.645
427.638
427.632
427.627
427.625
427.626
427.629
427.629
427.628
427.626
427.622
427.613
427.608
427.608
427.613
427.62
427.635
427.656
427.67
427.673
427.671
427.661
427.638
427.608
427.576
427.543
427.516
427.507
427.505
427.506
427.51
427.521
427.542
427.572
427.64
427.755
427.894
428.03
428.148
428.237
428.318
428.368
428.374
428.245
427.075
422.61
412.327
396.362
377.097
356.989
337.79
320.461
305.392
292.63
282.026
273.347
266.331
260.72
256.276
252.789
250.079
247.994
246.406
245.209
244.316
243.658
243.181
242.835
242.59
242.416
242.295
242.212
242.157
242.119
242.093
242.076
242.066
242.06
242.055
242.053
242.051
242.051
242.05
242.049
242.048
242.048
242.047
242.046
242.046
242.047
242.048
242.048
242.048
242.048
242.049
242.049
242.05
242.051
242.052
242.052
242.052
242.052
242.051
242.05
242.05
242.05
242.051
242.051
242.051
242.051
242.05
242.049
242.049
242.05
242.051
242.052
242.053
242.053
242.052
242.051
242.05
242.05
242.05
242.049
242.047
242.046
242.045
242.044
242.043
242.042
242.041
242.041
242.04
242.04
242.04
242.039
242.039
242.038
242.038
242.038
242.037
242.037
242.037
394.783
395.975
396.623
397.217
397.802
398.398
398.995
399.601
400.205
400.816
401.426
402.041
402.656
403.272
403.89
404.509
405.128
405.745
406.362
406.98
407.597
408.214
408.83
409.448
410.066
410.685
411.304
411.923
412.542
413.162
413.78
414.397
415.012
415.625
416.234
416.838
417.438
418.034
418.627
419.218
419.808
420.399
420.992
421.586
422.182
422.777
423.369
423.959
424.544
425.125
425.7
426.256
426.758
427.142
427.374
427.463
427.515
427.552
427.577
427.596
427.612
427.624
427.635
427.641
427.644
427.644
427.644
427.644
427.644
427.644
427.644
427.645
427.646
427.645
427.643
427.64
427.635
427.63
427.627
427.626
427.627
427.631
427.638
427.645
427.651
427.654
427.655
427.652
427.645
427.638
427.632
427.627
427.625
427.627
427.629
427.629
427.628
427.626
427.622
427.613
427.608
427.608
427.613
427.62
427.635
427.656
427.67
427.673
427.672
427.661
427.638
427.608
427.576
427.543
427.516
427.507
427.505
427.505
427.51
427.521
427.542
427.572
427.64
427.756
427.894
428.03
428.148
428.237
428.318
428.368
428.373
428.245
427.074
422.606
412.319
396.346
377.07
356.942
337.715
320.356
305.262
292.485
281.879
273.21
266.212
260.622
256.2
252.733
250.039
247.967
246.389
245.198
244.309
243.653
243.178
242.833
242.589
242.416
242.295
242.212
242.157
242.118
242.093
242.076
242.066
242.06
242.056
242.053
242.051
242.051
242.05
242.05
242.048
242.048
242.046
242.046
242.046
242.047
242.048
242.048
242.048
242.048
242.049
242.049
242.05
242.051
242.052
242.052
242.052
242.052
242.051
242.05
242.05
242.051
242.051
242.051
242.051
242.05
242.05
242.049
242.049
242.05
242.051
242.052
242.053
242.053
242.052
242.051
242.05
242.05
242.05
242.049
242.047
242.046
242.045
242.044
242.042
242.042
242.041
242.041
242.04
242.04
242.04
242.039
242.039
242.038
242.038
242.037
242.037
242.037
242.037
394.785
395.974
396.622
397.217
397.802
398.398
398.995
399.601
400.205
400.815
401.426
402.041
402.656
403.272
403.89
404.509
405.128
405.745
406.362
406.98
407.597
408.214
408.83
409.448
410.066
410.685
411.304
411.923
412.542
413.162
413.78
414.397
415.012
415.625
416.234
416.838
417.438
418.034
418.627
419.218
419.808
420.399
420.992
421.586
422.181
422.776
423.369
423.958
424.544
425.125
425.699
426.256
426.758
427.142
427.374
427.463
427.515
427.552
427.577
427.596
427.612
427.624
427.635
427.641
427.644
427.644
427.644
427.644
427.644
427.644
427.644
427.645
427.646
427.645
427.643
427.64
427.635
427.63
427.627
427.626
427.627
427.631
427.638
427.645
427.651
427.654
427.655
427.652
427.645
427.638
427.632
427.627
427.625
427.627
427.629
427.629
427.628
427.626
427.622
427.613
427.608
427.608
427.613
427.62
427.635
427.656
427.67
427.673
427.672
427.662
427.639
427.608
427.576
427.543
427.516
427.506
427.505
427.505
427.509
427.52
427.541
427.572
427.641
427.757
427.895
428.03
428.147
428.236
428.315
428.365
428.371
428.244
427.075
422.603
412.312
396.338
377.062
356.926
337.685
320.308
305.191
292.398
281.789
273.121
266.13
260.553
256.145
252.691
250.008
247.944
246.373
245.189
244.303
243.648
243.175
242.832
242.588
242.415
242.295
242.212
242.156
242.118
242.092
242.076
242.066
242.06
242.056
242.053
242.051
242.05
242.05
242.05
242.049
242.048
242.046
242.046
242.046
242.047
242.048
242.048
242.048
242.048
242.049
242.049
242.05
242.051
242.052
242.052
242.052
242.052
242.051
242.05
242.05
242.051
242.051
242.051
242.05
242.05
242.05
242.049
242.049
242.05
242.051
242.052
242.053
242.053
242.052
242.051
242.05
242.05
242.05
242.049
242.047
242.046
242.045
242.044
242.042
242.042
242.041
242.041
242.04
242.04
242.04
242.039
242.039
242.038
242.038
242.037
242.037
242.037
242.037
394.786
395.974
396.622
397.217
397.801
398.398
398.995
399.601
400.205
400.815
401.427
402.041
402.656
403.272
403.89
404.509
405.128
405.745
406.362
406.98
407.597
408.214
408.83
409.448
410.066
410.685
411.304
411.923
412.542
413.162
413.78
414.397
415.012
415.625
416.234
416.838
417.438
418.035
418.627
419.218
419.808
420.399
420.992
421.586
422.181
422.776
423.368
423.958
424.543
425.125
425.699
426.256
426.758
427.142
427.374
427.463
427.515
427.552
427.577
427.596
427.612
427.624
427.635
427.641
427.644
427.644
427.644
427.644
427.644
427.645
427.645
427.645
427.646
427.645
427.643
427.64
427.635
427.63
427.627
427.626
427.627
427.631
427.638
427.645
427.651
427.654
427.655
427.652
427.645
427.638
427.632
427.627
427.625
427.627
427.629
427.629
427.628
427.626
427.622
427.613
427.608
427.608
427.613
427.62
427.635
427.656
427.67
427.673
427.672
427.662
427.639
427.608
427.576
427.543
427.517
427.506
427.505
427.504
427.509
427.52
427.541
427.572
427.642
427.757
427.895
428.03
428.146
428.234
428.312
428.362
428.369
428.243
427.076
422.604
412.311
396.336
377.063
356.924
337.678
320.292
305.158
292.357
281.747
273.073
266.082
260.514
256.111
252.665
249.989
247.93
246.364
245.183
244.3
243.646
243.172
242.831
242.587
242.414
242.294
242.212
242.156
242.118
242.092
242.075
242.066
242.061
242.056
242.053
242.051
242.05
242.05
242.05
242.049
242.048
242.046
242.046
242.046
242.047
242.048
242.048
242.048
242.048
242.049
242.049
242.05
242.051
242.052
242.052
242.052
242.052
242.051
242.05
242.05
242.051
242.051
242.051
242.05
242.05
242.05
242.049
242.049
242.05
242.051
242.052
242.053
242.053
242.052
242.051
242.05
242.05
242.05
242.049
242.047
242.046
242.045
242.044
242.042
242.042
242.041
242.041
242.04
242.04
242.04
242.039
242.039
242.038
242.038
242.037
242.037
242.037
242.037
394.787
395.973
396.622
397.217
397.801
398.398
398.996
399.601
400.206
400.815
401.427
402.041
402.656
403.272
403.89
404.51
405.127
405.745
406.362
406.98
407.597
408.214
408.83
409.448
410.067
410.685
411.304
411.923
412.542
413.161
413.78
414.397
415.012
415.625
416.234
416.838
417.438
418.035
418.627
419.218
419.808
420.399
420.992
421.586
422.181
422.776
423.368
423.958
424.544
425.125
425.699
426.256
426.757
427.142
427.374
427.462
427.514
427.551
427.577
427.596
427.611
427.624
427.635
427.641
427.644
427.644
427.644
427.644
427.644
427.645
427.645
427.645
427.646
427.645
427.643
427.64
427.635
427.63
427.627
427.627
427.627
427.631
427.638
427.645
427.651
427.654
427.655
427.652
427.645
427.638
427.632
427.627
427.625
427.627
427.629
427.629
427.628
427.626
427.622
427.613
427.608
427.608
427.613
427.62
427.635
427.656
427.67
427.673
427.672
427.662
427.639
427.608
427.576
427.544
427.517
427.506
427.505
427.504
427.509
427.52
427.541
427.572
427.642
427.757
427.895
428.029
428.145
428.233
428.31
428.36
428.366
428.241
427.075
422.604
412.31
396.332
377.058
356.921
337.668
320.276
305.141
292.34
281.728
273.056
266.065
260.507
256.107
252.661
249.98
247.922
246.358
245.182
244.301
243.645
243.171
242.83
242.588
242.414
242.295
242.212
242.156
242.118
242.092
242.075
242.066
242.061
242.056
242.053
242.051
242.05
242.05
242.05
242.049
242.048
242.046
242.046
242.046
242.047
242.048
242.048
242.048
242.048
242.049
242.049
242.05
242.051
242.052
242.052
242.052
242.052
242.051
242.05
242.05
242.051
242.051
242.051
242.05
242.05
242.05
242.049
242.05
242.05
242.051
242.052
242.053
242.053
242.052
242.051
242.05
242.05
242.05
242.049
242.047
242.046
242.045
242.044
242.042
242.042
242.041
242.041
242.04
242.04
242.04
242.039
242.039
242.038
242.038
242.037
242.037
242.037
242.037
325.406
329.715
332.019
333.135
333.288
333.265
332.878
332.301
331.326
330.526
329.752
328.849
327.933
326.588
325.232
325.15
325.804
327.612
329.861
331.443
332.568
333.108
332.655
330.993
328.862
326.211
322.92
319.248
314.706
308.955
300.846
289.52
279.279
270.239
288.742
319.597
337.722
336.898
326.099
314.343
309.54
308.106
307.377
306.4
305.26
304.198
303.319
302.61
301.997
301.398
300.763
300.082
299.367
298.631
297.867
297.051
296.152
295.17
294.194
293.439
293.082
293.005
293
293
293
293
293
293
293
293
293
293
293
293
293
293
293
293
293
293
293
293
293
293
293
293
293
293
293
293
293
293
293
293
293
293
293
293
293
293
312.094
316.461
319.901
322.507
324.627
325.546
325.83
325.293
324.532
323.415
321.939
320.305
318.572
317.059
317.304
318.09
319.86
321.64
322.392
322.603
322.305
321.43
319.827
318.123
316.713
315.609
314.395
312.364
309.254
303.566
293.476
282.221
269.252
284.804
317.951
336.015
334.817
324.171
313.357
309.062
307.71
306.937
305.928
304.811
303.811
302.995
302.332
301.745
301.16
300.538
299.875
299.182
298.465
297.716
296.911
296.022
295.052
294.101
293.388
293.067
293.004
293
293
293
293
293
293
293
293
293
293
293
293
293
293
293
293
293
293
293
293
293
293
293
293
293
293
293
293
293
293
293
293
293
293
293
293
293
293
293
312.421
310.986
309.376
307.683
306.291
306.079
306.4
307.549
308.801
309.531
309.902
309.89
309.563
309.354
309.369
309.497
310.112
310.55
310.455
309.432
305.072
295.953
282.168
265.827
283.173
318.592
333.287
329.921
319.669
311.46
308.283
307.162
306.354
305.343
304.288
303.374
302.635
302.022
301.462
300.895
300.291
299.649
298.979
298.284
297.551
296.758
295.878
294.923
294.002
293.336
293.054
293.003
293
293
293
293
293
293
293
293
293
293
293
293
293
293
293
293
293
293
293
293
293
293
293
293
293
293
293
293
293
293
293
293
293
293
293
293
293
293
293
304.65
303.699
302.895
302.24
301.678
301.148
300.603
300.021
299.405
298.761
298.087
297.371
296.59
295.721
294.783
293.897
293.283
293.041
293.002
293
293
293
293
293
293
293
293
293
293
293
293
293
293
293
293
293
293
293
293
293
293
293
293
293
293
293
293
293
293
293
293
293
293
293
293
293
293
293
293
302.376
301.808
301.3
300.803
300.284
299.731
299.144
298.526
297.874
297.175
296.406
295.549
294.632
293.787
293.231
293.03
293.001
293
293
293
293
293
293
293
293
293
293
293
293
293
293
293
293
293
293
293
293
293
293
293
293
293
293
293
293
293
293
293
293
293
293
293
293
293
293
293
293
301.342
300.889
300.429
299.943
299.422
298.866
298.276
297.646
296.963
296.207
295.364
294.471
293.674
293.181
293.02
293.001
293
293
293
293
293
293
293
293
293
293
293
293
293
293
293
293
293
293
293
293
293
293
293
293
293
293
293
293
293
293
293
293
293
293
293
293
293
293
293
293
300.847
300.45
300.032
299.583
299.097
298.573
298.01
297.401
296.735
295.993
295.165
294.301
293.56
293.135
293.013
293
293
293
293
293
293
293
293
293
293
293
293
293
293
293
293
293
293
293
293
293
293
293
293
293
293
293
293
293
293
293
293
293
293
293
293
293
293
293
293
293
300.331
299.99
299.618
299.209
298.759
298.267
297.728
297.141
296.492
295.763
294.953
294.124
293.448
293.095
293.008
293
293
293
293
293
293
293
293
293
293
293
293
293
293
293
293
293
293
293
293
293
293
293
293
293
293
293
293
293
293
293
293
293
293
293
293
293
293
293
293
293
299.804
299.519
299.192
298.824
298.41
297.947
297.433
296.865
296.234
295.52
294.729
293.942
293.341
293.062
293.004
293
293
293
293
293
293
293
293
293
293
293
293
293
293
293
293
293
293
293
293
293
293
293
293
293
293
293
293
293
293
293
293
293
293
293
293
293
293
293
293
293
299.277
299.044
298.763
298.434
298.052
297.615
297.124
296.577
295.962
295.263
294.495
293.76
293.244
293.037
293.002
293
293
293
293
293
293
293
293
293
293
293
293
293
293
293
293
293
293
293
293
293
293
293
293
293
293
293
293
293
293
293
293
293
293
293
293
293
293
293
293
293
298.761
298.575
298.336
298.041
297.686
297.272
296.803
296.276
295.677
294.994
294.254
293.583
293.16
293.019
293.001
293
293
293
293
293
293
293
293
293
293
293
293
293
293
293
293
293
293
293
293
293
293
293
293
293
293
293
293
293
293
293
293
293
293
293
293
293
293
293
293
293
298.263
298.119
297.915
297.648
297.314
296.921
296.473
295.966
295.382
294.714
294.01
293.417
293.094
293.008
293
293
293
293
293
293
293
293
293
293
293
293
293
293
293
293
293
293
293
293
293
293
293
293
293
293
293
293
293
293
293
293
293
293
293
293
293
293
293
293
293
293
297.793
297.681
297.503
297.253
296.936
296.563
296.137
295.649
295.078
294.425
293.768
293.272
293.048
293.003
293
293
293
293
293
293
293
293
293
293
293
293
293
293
293
293
293
293
293
293
293
293
293
293
293
293
293
293
293
293
293
293
293
293
293
293
293
293
293
293
293
293
297.356
297.262
297.096
296.857
296.556
296.204
295.801
295.327
294.763
294.131
293.539
293.154
293.02
293.001
293
293
293
293
293
293
293
293
293
293
293
293
293
293
293
293
293
293
293
293
293
293
293
293
293
293
293
293
293
293
293
293
293
293
293
293
293
293
293
293
293
293
296.947
296.857
296.692
296.461
296.178
295.851
295.466
294.999
294.438
293.836
293.335
293.073
293.006
293
293
293
293
293
293
293
293
293
293
293
293
293
293
293
293
293
293
293
293
293
293
293
293
293
293
293
293
293
293
293
293
293
293
293
293
293
293
293
293
293
293
293
296.555
296.455
296.29
296.073
295.815
295.509
295.133
294.661
294.103
293.556
293.175
293.026
293.001
293
293
293
293
293
293
293
293
293
293
293
293
293
293
293
293
293
293
293
293
293
293
293
293
293
293
293
293
293
293
293
293
293
293
293
293
293
293
293
293
293
293
293
296.167
296.057
295.901
295.707
295.473
295.178
294.793
294.305
293.767
293.313
293.07
293.006
293
293
293
293
293
293
293
293
293
293
293
293
293
293
293
293
293
293
293
293
293
293
293
293
293
293
293
293
293
293
293
293
293
293
293
293
293
293
293
293
293
293
293
293
295.783
295.679
295.544
295.374
295.151
294.844
294.43
293.933
293.454
293.137
293.019
293.001
293
293
293
293
293
293
293
293
293
293
293
293
293
293
293
293
293
293
293
293
293
293
293
293
293
293
293
293
293
293
293
293
293
293
293
293
293
293
293
293
293
293
293
293
295.427
295.345
295.232
295.07
294.829
294.483
294.038
293.569
293.209
293.041
293.003
293
293
293
293
293
293
293
293
293
293
293
293
293
293
293
293
293
293
293
293
293
293
293
293
293
293
293
293
293
293
293
293
293
293
293
293
293
293
293
293
293
293
293
293
293
295.129
295.065
294.953
294.765
294.474
294.08
293.638
293.267
293.065
293.007
293
293
293
293
293
293
293
293
293
293
293
293
293
293
293
293
293
293
293
293
293
293
293
293
293
293
293
293
293
293
293
293
293
293
293
293
293
293
293
293
293
293
293
293
293
293
294.889
294.814
294.664
294.415
294.062
293.655
293.296
293.082
293.011
293.001
293
293
293
293
293
293
293
293
293
293
293
293
293
293
293
293
293
293
293
293
293
293
293
293
293
293
293
293
293
293
293
293
293
293
293
293
293
293
293
293
293
293
293
293
293
293
294.663
294.537
294.313
293.993
293.621
293.291
293.087
293.013
293.001
293
293
293
293
293
293
293
293
293
293
293
293
293
293
293
293
293
293
293
293
293
293
293
293
293
293
293
293
293
293
293
293
293
293
293
293
293
293
293
293
293
293
293
293
293
293
293
294.388
294.177
293.879
293.544
293.254
293.078
293.013
293.001
293
293
293
293
293
293
293
293
293
293
293
293
293
293
293
293
293
293
293
293
293
293
293
293
293
293
293
293
293
293
293
293
293
293
293
293
293
293
293
293
293
293
293
293
293
293
293
293
294.008
293.729
293.435
293.196
293.058
293.01
293.001
293
293
293
293
293
293
293
293
293
293
293
293
293
293
293
293
293
293
293
293
293
293
293
293
293
293
293
293
293
293
293
293
293
293
293
293
293
293
293
293
293
293
293
293
293
293
293
293
293
293.556
293.311
293.13
293.036
293.006
293
293
293
293
293
293
293
293
293
293
293
293
293
293
293
293
293
293
293
293
293
293
293
293
293
293
293
293
293
293
293
293
293
293
293
293
293
293
293
293
293
293
293
293
293
293
293
293
293
293
293
293.191
293.072
293.018
293.002
293
293
293
293
293
293
293
293
293
293
293
293
293
293
293
293
293
293
293
293
293
293
293
293
293
293
293
293
293
293
293
293
293
293
293
293
293
293
293
293
293
293
293
293
293
293
293
293
293
293
293
293
293.031
293.007
293.001
293
293
293
293
293
293
293
293
293
293
293
293
293
293
293
293
293
293
293
293
293
293
293
293
293
293
293
293
293
293
293
293
293
293
293
293
293
293
293
293
293
293
293
293
293
293
293
293
293
293
293
293
293
293.002
293
293
293
293
293
293
293
293
293
293
293
293
293
293
293
293
293
293
293
293
293
293
293
293
293
293
293
293
293
293
293
293
293
293
293
293
293
293
293
293
293
293
293
293
293
293
293
293
293
293
293
293
293
293
293
293
293
293
293
293
293
293
293
293
293
293
293
293
293
293
293
293
293
293
293
293
293
293
293
293
293
293
293
293
293
293
293
293
293
293
293
293
293
293
293
293
293
293
293
293
293
293
293
293
293
293
293
293
293
293
293
293
293
293
293
293
293
293
293
293
293
293
293
293
293
293
293
293
293
293
293
293
293
293
293
293
293
293
293
293
293
293
293
293
293
293
293
293
293
293
293
293
293
293
293
293
293
293
293
293
293
293
293
293
293
293
293
293
293
293
293
293
293
293
293
293
293
293
293
293
293
293
293
293
293
293
293
293
293
293
293
293
293
293
293
293
293
293
293
293
293
293
293
293
293
293
293
293
293
293
293
293
293
293
293
293
293
293
293
293
293
293
293
293
293
293
293
293
293
293
293
293
293
293
293
293
293
293
293
293
293
293
293
293
293
293
293
293
293
293
293
293
293
293
293
293
293
293
293
293
293
293
293
293
293
293
293
293
293
293
293
293
293
293
293
293
293
293
293
293
293
293
293
293
293
293
293
293
293
293
293
293
293
293
293
293
293
293
293
293
293
293
293
293
293
293
293
293
293
293
293
293
293
293
293
293
293
293
293
293
293
293
293
293
293
293
293
293
293
293
293
293
293
293
293
293
293
293
293
293
293
293
293
293
293
293
293
293
293
293
293
293
293
293
293
293
293
293
293
293
293
293
293
293
293
293
293
293
293
293
293
293
293
293
293
293
293
293
293
293
293
293
293
293
293
293
293
293
293
293
293
293
293
293
293
293
293
293
293
293
293
293
293
293
293
293
293
293
293
293
293
293
293
293
293
293
293
293
293
293
293
293
293
293
293
293
293
293
293
293
293
293
293
293
293
293
293
293
293
293
293
293
293
293
293
293
293
293
293
293
293
293
293
293
293
293
293
293
293
293
293
293
293
293
293
293
293
293
293
293
293
293
293
293
293
293
293
293
293
293
293
293
293
293
293
293
293
293
293
293
293
293
293
293
293
293
293
293
293
293
293
293
293
293
293
293
293
293
293
293
293
293
293
293
293
293
293
293
293
293
293
293
293
293
293
293
293
293
293
293
293
293
293
293
293
293
293
293
293
293
293
293
293
293
293
293
293
293
293
293
293
293
293
293
293
293
293
293
293
293
293
293
293
293
293
293
293
293
293
293
293
293
293
293
293
293
293
293
293
293
293
293
293
293
293
293
293
293
293
293
293
293
293
293
293
293
293
293
293
293
293
293
293
293
293
293
293
293
293
293
293
293
293
293
293
293
293
293
293
293
293
293
293
293
293
293
293
293
293
293
293
293
293
293
293
293
293
293
293
293
293
293
293
293
293
293
293
293
293
293
293
293
293
293
293
293
293
293
293
293
293
293
293
293
293
293
293
293
293
293
293
293
293
293
293
293
293
293
293
293
293
293
293
293
293
293
293
293
293
293
293
293
293
293
293
293
293
293
293
293
293
293
293
293
293
293
293
293
293
293
293
293
293
293
293
293
293
293
293
293
293
293
293
293
293
293
293
293
293
293
293
293
293
293
293
293
293
293
293
293
293
293
293
293
293
293
293
293
293
293
293
293
293
293
293
293
293
293
293
293
293
293
293
293
293
293
293
293
293
293
293
293
293
293
293
293
293
293
293
293
293
293
293
293
293
293
293
293
293
293
293
293
293
293
293
293
293
293
293
293
293
293
293
293
293
293
293
293
293
293
293
293
293
293
293
293
293
293
293
293
293
293
293
293
293
293
293
293
293
293
293
293
293
293
293
293
293
293
293
293
293
293
293
293
293
293
293
293
293
293
293
293
293
293
293
293
293
293
293
293
293
293
293
293
293
293
293
293
293
293
293
293
293
293
293
293
293
293
293
293
293
293
293
293
293
293
293
293
293
293
293
293
293
293
293
293
293
293
293
293
293
293
293
293
293
293
293
293
293
293
293
293
293
293
293
293
293
293
293
293
293
293
293
293
293
293
293
293
293
293
293
293
293
293
293
293
293
293
293
293
293
293
293
293
293
293
293
293
293
293
293
293
293
293
293
293
293
293
293
293
293
293
293
293
293
293
293
293
293
293
293
293
293
293
293
293
293
293
293
293
293
293
293
293
293
293
293
293
293
293
293
293
293
293
293
293
293
293
293
293
293
293
293
293
293
293
293
293
293
293
293
293
293
293
293
293
293
293
293
293
293
293
293
293
293
293
293
293
293
293
293
293
293
293
293
293
293
293
293
293
293
293
293
293
293
293
293
293
293
293
293
293
293
293
293
293
293
293
293
293
293
293
293
293
293
293
293
293
293
293
293
293
293
293
293
293
293
293
293
293
293
293
293
293
293
293
293
293
293
293
293
293
293
293
293
293
293
293
293
293
293
293
293
293
293
293
293
293
293
293
293
293
293
293
293
293
293
293
293
293
293
293
293
293
293
293
293
293
293
293
293
293
293
293
293
293
293
293
293
293
293
293
293
293
293
293
293
293
293
293
293
293
293
293
293
293
293
293
293
293
293
293
293
293
293
293
293
293
293
293
293
293
293
293
293
293
293
293
293
293
293
293
293
293
293
293
293
293
293
293
293
293
293
293
293
293
293
293
293
293
293
293
293
293
293
293
293
293
293
293
293
293
293
293
293
293
293
293
293
293
293
293
293
293
293
293
293
293
293
293
293
375.126
335.015
295.165
255.452
203.172
177.375
185.481
385.328
382.807
366.753
343.663
332.795
338.029
399.003
409.987
398.299
383.643
366.97
351.779
335.065
307.727
295.17
295.868
316.717
374.761
373.653
367.301
357.141
347.215
336.444
331.522
337.017
366.413
357.858
336.674
322.134
316.841
315.1
313.705
312.72
311.893
310.819
309.61
308.334
307.057
305.875
304.888
304.117
303.468
302.831
302.139
301.379
300.566
299.718
298.847
297.944
296.979
295.926
294.818
293.83
293.22
293.024
293.001
293
293
293
293
293
293
293
293
293
293
293
293
293
293
293
293
293
293
293
293
293
293
293
293
293
293
293
293
293
293
293
293
293
293
293
374.495
335.139
294.407
257.495
208.831
182.218
197.501
338.08
370.045
356.79
336.743
326.448
331.466
390.76
403.545
393.214
377.958
361.564
346.746
330.264
304.083
292.767
293.736
314.014
371.427
369.812
363.203
353.633
344.257
333.752
329.187
334.817
365.425
358.073
337.272
322.613
316.91
315.151
313.825
312.85
311.967
310.895
309.671
308.385
307.103
305.911
304.918
304.141
303.488
302.846
302.151
301.389
300.573
299.723
298.85
297.946
296.981
295.926
294.818
293.83
293.22
293.024
293.001
293
293
293
293
293
293
293
293
293
293
293
293
293
293
293
293
293
293
293
293
293
293
293
293
293
293
293
293
293
293
293
293
293
293
293
373.193
332.411
291.212
250.619
202.668
189.547
214.279
297.75
347.947
339.019
323.581
315.044
320.256
376.78
392.904
383.625
368.865
353.044
338.471
322.578
299.278
288.621
289.749
309.869
364.91
363.573
357.316
348.191
339.328
329.372
325.45
330.772
362.598
357.539
338.048
323.453
316.977
315.183
313.885
312.801
311.852
310.791
309.606
308.344
307.072
305.886
304.897
304.122
303.469
302.829
302.135
301.374
300.56
299.712
298.841
297.938
296.974
295.92
294.813
293.827
293.219
293.024
293.001
293
293
293
293
293
293
293
293
293
293
293
293
293
293
293
293
293
293
293
293
293
293
293
293
293
293
293
293
293
293
293
293
293
293
293
371.144
328.366
286.095
243.748
202.288
203.392
229.26
275.968
324.91
323.273
312.762
305.388
311.096
363.993
382.015
373.646
359.35
344.089
329.955
314.545
292.78
283.679
285.466
305.984
357.497
357.006
351.16
342.243
333.888
324.789
321.379
326.347
358.571
356.872
339.648
324.546
317.101
315.152
313.9
312.824
311.839
310.761
309.581
308.33
307.064
305.88
304.889
304.113
303.459
302.817
302.123
301.363
300.55
299.703
298.833
297.93
296.967
295.914
294.808
293.823
293.217
293.024
293.001
293
293
293
293
293
293
293
293
293
293
293
293
293
293
293
293
293
293
293
293
293
293
293
293
293
293
293
293
293
293
293
293
293
293
293
367.94
322.424
279.408
237.36
215.74
222.516
242.523
263.765
303.593
312.563
306.142
300.007
306.4
355.184
373.332
365.352
351.286
336.179
322.327
307.121
286.866
279.88
282.527
303.763
350.536
350.985
345.965
337.42
329.324
321.4
317.813
322.21
353.35
355.923
341.632
325.707
317.45
315.085
313.885
312.811
311.762
310.662
309.508
308.294
307.046
305.868
304.878
304.1
303.443
302.799
302.106
301.347
300.535
299.689
298.82
297.919
296.956
295.904
294.8
293.818
293.215
293.023
293.001
293
293
293
293
293
293
293
293
293
293
293
293
293
293
293
293
293
293
293
293
293
293
293
293
293
293
293
293
293
293
293
293
293
293
293
363.026
314.045
271.162
235.544
230.383
240.415
253.411
261.561
284.322
304.981
302.441
298.757
305.983
350.768
367.608
359.948
346.12
331.185
317.227
301.932
282.869
278.075
281.395
303.007
344.196
347.03
342.279
334.017
326.082
319.1
315.279
318.904
347.084
355.516
343.591
327.161
318.16
314.977
313.806
312.778
311.701
310.588
309.448
308.258
307.027
305.855
304.865
304.084
303.424
302.779
302.085
301.328
300.517
299.673
298.805
297.905
296.944
295.893
294.79
293.811
293.212
293.023
293.001
293
293
293
293
293
293
293
293
293
293
293
293
293
293
293
293
293
293
293
293
293
293
293
293
293
293
293
293
293
293
293
293
293
293
293
355.623
304.087
265.565
245.94
247.923
253.222
259.814
263.441
272.681
295.931
300.822
299.768
308.618
349.488
363.709
356.317
341.898
326.763
312.717
296.711
280.019
277.692
281.859
303.456
339.483
344.286
339.875
332.183
324.596
318.167
313.106
316.444
340.655
354.509
345.391
329.138
319.191
314.906
313.685
312.712
311.644
310.523
309.384
308.212
307
305.837
304.849
304.064
303.4
302.753
302.06
301.304
300.495
299.653
298.787
297.889
296.929
295.879
294.778
293.803
293.209
293.022
293.001
293
293
293
293
293
293
293
293
293
293
293
293
293
293
293
293
293
293
293
293
293
293
293
293
293
293
293
293
293
293
293
293
293
293
293
344.875
295.36
266.041
259.048
263.372
262.951
265.836
268.131
270.269
284.408
299.454
301.511
313.139
350.857
361.361
353.62
339.678
324.757
310.477
294.187
280.524
279.381
284.43
305.17
337.05
342.658
338.133
331.047
323.901
317.661
312.019
314.349
334.859
352.851
347.032
331.726
320.314
315.043
313.548
312.608
311.565
310.451
309.321
308.166
306.97
305.817
304.83
304.041
303.373
302.723
302.031
301.277
300.47
299.629
298.766
297.87
296.911
295.863
294.764
293.794
293.205
293.022
293.001
293
293
293
293
293
293
293
293
293
293
293
293
293
293
293
293
293
293
293
293
293
293
293
293
293
293
293
293
293
293
293
293
293
293
293
331.253
293.719
277.664
273.037
273.136
270.829
270.482
268.355
269.779
277.925
295.841
303.349
317.377
352.122
359.433
352.139
338.766
323.981
309.214
293.121
281.959
282.122
288.473
307.827
335.554
341.306
337.246
330.912
324.059
317.572
311.428
312.596
329.661
350.209
347.811
334.578
321.841
315.539
313.457
312.478
311.47
310.372
309.252
308.111
306.934
305.792
304.808
304.014
303.341
302.689
301.997
301.245
300.441
299.603
298.741
297.848
296.891
295.844
294.749
293.783
293.201
293.021
293.001
293
293
293
293
293
293
293
293
293
293
293
293
293
293
293
293
293
293
293
293
293
293
293
293
293
293
293
293
293
293
293
293
293
293
293
308.223
298.367
290.848
285.897
281.884
278.632
274.963
270.956
271.625
276.046
290.599
304.596
320.805
353.003
357.502
350.624
337.904
323.375
308.131
293.037
284.834
286.195
294.153
311.451
334.381
339.98
336.595
330.938
324.218
317.321
310.926
310.459
324.125
346.002
347.679
337.964
324.495
316.717
313.454
312.299
311.316
310.262
309.171
308.049
306.888
305.757
304.774
303.976
303.297
302.643
301.952
301.203
300.402
299.567
298.709
297.818
296.864
295.819
294.728
293.769
293.196
293.02
293.001
293
293
293
293
293
293
293
293
293
293
293
293
293
293
293
293
293
293
293
293
293
293
293
293
293
293
293
293
293
293
293
293
293
293
293
315.768
310.916
302.949
295.804
289.935
283.972
278.879
274.272
274.949
278.276
288.325
304.963
322.407
353.087
355.387
349.032
336.891
322.495
306.741
293.425
288.93
291.272
300.234
314.678
332.415
337.546
335.568
330.748
324.115
316.74
310.165
307.845
318.555
339.737
347.286
341.011
328.062
318.445
313.717
312.103
311.119
310.115
309.065
307.969
306.828
305.71
304.728
303.924
303.239
302.583
301.894
301.148
300.351
299.52
298.666
297.78
296.828
295.787
294.7
293.751
293.189
293.019
293.001
293
293
293
293
293
293
293
293
293
293
293
293
293
293
293
293
293
293
293
293
293
293
293
293
293
293
293
293
293
293
293
293
293
293
293
319.393
316.696
310.505
302.621
295.321
288.022
282.158
277.47
278.299
281.709
288.62
304.012
321.245
351.355
353.394
347.46
335.44
320.861
305.038
293.942
292.904
296.075
305.287
316.766
329.781
334.487
333.849
329.921
323.559
315.985
309.138
305.317
313.407
333.074
345.786
343.074
331.705
320.55
314.366
311.926
310.899
309.961
308.965
307.892
306.762
305.652
304.671
303.862
303.172
302.515
301.829
301.087
300.294
299.467
298.619
297.736
296.789
295.751
294.67
293.731
293.181
293.018
293
293
293
293
293
293
293
293
293
293
293
293
293
293
293
293
293
293
293
293
293
293
293
293
293
293
293
293
293
293
293
293
293
293
293
293
321.446
320.072
315.516
308.074
299.72
291.267
285.346
280.951
282.081
285.551
291.399
302.173
317.253
346.446
351.486
345.358
333.017
318.056
303.261
294.826
295.998
300.392
309.115
317.79
327.09
331.457
331.552
328.708
322.945
315.51
308.307
303.057
308.476
326.465
342.966
343.843
335.206
323.151
315.305
311.818
310.675
309.791
308.846
307.803
306.688
305.585
304.604
303.791
303.096
302.44
301.756
301.018
300.23
299.409
298.566
297.689
296.745
295.711
294.636
293.709
293.172
293.017
293
293
293
293
293
293
293
293
293
293
293
293
293
293
293
293
293
293
293
293
293
293
293
293
293
293
293
293
293
293
293
293
293
293
293
293
322.154
321.434
318.504
311.768
302.922
294.174
288.784
284.892
285.832
288.926
293.552
301.365
312.455
338.945
348.674
342.573
329.764
314.484
302.087
296.76
298.712
304.118
311.823
318.379
325.081
328.915
329.914
328.006
322.81
315.49
307.951
301.605
303.914
319.992
338.403
344.328
338.027
325.931
316.316
311.876
310.472
309.63
308.74
307.718
306.605
305.505
304.524
303.708
303.012
302.357
301.677
300.944
300.16
299.345
298.508
297.636
296.697
295.667
294.599
293.685
293.163
293.015
293
293
293
293
293
293
293
293
293
293
293
293
293
293
293
293
293
293
293
293
293
293
293
293
293
293
293
293
293
293
293
293
293
293
293
293
322.199
321.877
319.719
313.569
305.153
297.19
292.486
288.836
289.309
291.962
296.048
301.76
309.472
330.623
345.298
339.21
326.46
311.833
301.944
299.564
301.928
307.437
314.241
319.152
324.23
327.772
329.375
327.978
323.159
316.126
308.277
301.392
299.984
314.104
333.209
343.823
340.149
328.664
317.477
312.062
310.248
309.437
308.61
307.619
306.513
305.413
304.431
303.613
302.918
302.266
301.591
300.862
300.084
299.276
298.446
297.58
296.645
295.619
294.559
293.659
293.154
293.014
293
293
293
293
293
293
293
293
293
293
293
293
293
293
293
293
293
293
293
293
293
293
293
293
293
293
293
293
293
293
293
293
293
293
293
293
322.688
322.363
320.15
314.833
307.264
300.54
296.264
292.684
293.05
295.213
298.784
303.248
308.768
324.54
341.995
336.408
324.503
311.456
303.629
303.318
306.251
311.421
316.571
320.843
325.101
328.632
330.345
329.05
324.584
317.637
309.095
301.461
296.898
308.52
327.816
342.431
341.283
331.181
318.873
312.432
310.062
309.262
308.486
307.514
306.408
305.305
304.323
303.506
302.816
302.169
301.498
300.774
300.002
299.201
298.379
297.519
296.588
295.567
294.516
293.632
293.144
293.013
293
293
293
293
293
293
293
293
293
293
293
293
293
293
293
293
293
293
293
293
293
293
293
293
293
293
293
293
293
293
293
293
293
293
293
293
323.3
322.772
320.099
315.342
309.638
304.335
300.434
297.11
297.566
299.773
303.518
308.18
312.006
322.632
338.624
335.128
324.399
313.524
307.558
308.087
311.494
316.119
320.835
324.518
328.32
331.429
332.486
330.801
326.186
319.051
309.731
300.717
293.997
302.724
322.441
339.695
341.419
333.349
320.487
312.82
309.898
309.067
308.345
307.397
306.288
305.181
304.2
303.389
302.706
302.065
301.399
300.68
299.914
299.122
298.308
297.454
296.528
295.513
294.471
293.604
293.134
293.011
293
293
293
293
293
293
293
293
293
293
293
293
293
293
293
293
293
293
293
293
293
293
293
293
293
293
293
293
293
293
293
293
293
293
293
293
325.504
324.482
321.032
317.172
312.906
309.501
306.78
304.361
305.093
306.285
310.078
314.237
318.087
324.711
335.805
334.975
326.086
317.862
313.765
315.242
318.663
322.44
326.513
329.888
332.829
334.572
334.711
332.145
327.104
319.697
309.622
298.853
290.397
296.032
317.041
336.451
341.343
334.876
322.107
313.234
309.829
308.889
308.195
307.264
306.148
305.037
304.062
303.261
302.587
301.953
301.292
300.579
299.821
299.037
298.232
297.386
296.465
295.454
294.423
293.574
293.124
293.01
293
293
293
293
293
293
293
293
293
293
293
293
293
293
293
293
293
293
293
293
293
293
293
293
293
293
293
293
293
293
293
293
293
293
293
293
331.375
328.553
324.744
322.104
319.901
317.586
315.27
313.831
314.564
315.967
319.037
321.958
324.716
328.214
333.989
334.022
328.376
322.601
321.554
323.407
326.19
329.342
331.92
334.72
336.24
336.28
335.601
331.872
325.752
317.783
306.911
294.993
285.666
288.063
310.848
332.48
340.993
336.061
323.614
313.668
309.798
308.716
308.034
307.11
305.986
304.874
303.909
303.123
302.462
301.835
301.18
300.472
299.723
298.949
298.153
297.313
296.397
295.393
294.373
293.544
293.114
293.009
293
293
293
293
293
293
293
293
293
293
293
293
293
293
293
293
293
293
293
293
293
293
293
293
293
293
293
293
293
293
293
293
293
293
293
293
340.337
335.39
332.991
331.303
329.199
326.857
325.196
324.584
324.408
325.221
326.153
327.347
328.333
330.033
332.718
332.792
330.627
327.077
328.216
330.316
332.042
334.323
336.125
337.34
337.358
336.726
334.118
329.771
322.341
314.056
303.026
290.824
280.999
280.238
303.606
328.316
340.283
336.735
324.826
314.028
309.772
308.541
307.861
306.931
305.797
304.69
303.743
302.976
302.328
301.71
301.06
300.359
299.619
298.856
298.07
297.237
296.326
295.328
294.32
293.512
293.104
293.008
293
293
293
293
293
293
293
293
293
293
293
293
293
293
293
293
293
293
293
293
293
293
293
293
293
293
293
293
293
293
293
293
293
293
293
293
345.167
338.762
337.812
336.885
335.284
333.363
331.967
331.14
330.341
330.026
330.143
330.027
329.791
329.761
329.824
329.924
330.048
329.594
331.376
333.291
334.812
336.352
337.304
337.281
336.25
334.047
330.295
325.087
318.214
310.571
300.573
288.632
278.51
273.931
296.248
324.008
339.576
337.167
325.644
314.225
309.696
308.349
307.665
306.721
305.58
304.486
303.564
302.821
302.188
301.578
300.934
300.241
299.512
298.76
297.983
297.158
296.252
295.261
294.266
293.481
293.094
293.007
293
293
293
293
293
293
293
293
293
293
293
293
293
293
293
293
293
293
293
293
293
293
293
293
293
293
293
293
293
293
293
293
293
293
293
293
293
293
)
;

boundaryField
{
    FreestreamLeft
    {
        type            totalTemperature;
        gamma           1.4;
        T0              nonuniform List<scalar> 0();
        value           nonuniform List<scalar> 0();
    }
    FreestreamTop
    {
        type            totalTemperature;
        gamma           1.4;
        T0              uniform 293;
        value           uniform 293;
    }
    Inlet
    {
        type            totalTemperature;
        gamma           1.4;
        T0              nonuniform List<scalar> 0();
        value           nonuniform List<scalar> 0();
    }
    Outlet
    {
        type            zeroGradient;
    }
    Wall
    {
        type            zeroGradient;
    }
    Wedge1
    {
        type            wedge;
    }
    Wedge2
    {
        type            wedge;
    }
    procBoundary1to0
    {
        type            processor;
        value           nonuniform List<scalar> 
18
(
242.037
242.037
242.037
242.037
242.037
242.037
242.037
242.037
242.037
242.037
242.037
242.037
242.037
242.037
242.037
242.037
242.037
242.037
)
;
    }
    procBoundary1to2
    {
        type            processor;
        value           nonuniform List<scalar> 
190
(
299.859
306.953
306.953
313.458
313.458
314.067
314.276
313.426
311.853
309.291
306.377
303.157
299.771
305.57
305.57
306.366
307.199
309.029
313.461
321.197
326.329
315.293
284.025
267.471
282.892
298.205
304.529
306.345
306.745
305.903
304.962
304.008
303.292
302.677
301.891
301.189
300.54
299.713
298.652
297.576
296.784
296.556
296.71
297.525
298.629
299.808
300.918
303.042
303.042
303.835
301.818
301.818
301.238
300.643
300.044
299.456
298.888
298.349
297.849
297.392
296.977
296.592
296.221
295.85
295.485
295.165
294.914
294.714
294.505
294.214
293.805
293.371
293.094
293.01
293
293
293
293
293
293
293
293
293
293
293
293
293
293
293
293
293
293
293
293
293
299.85
306.924
306.924
299.758
303.152
306.402
309.354
311.912
313.49
314.33
314.12
313.52
313.52
300.986
299.879
298.69
297.544
296.689
296.513
296.72
297.489
298.547
299.587
300.403
301.049
301.758
302.591
303.258
303.946
304.875
305.796
306.631
306.232
304.445
298.212
282.847
267.412
284.023
315.398
326.303
321.119
313.385
309.036
307.262
306.427
305.616
305.616
303.863
303.056
303.056
301.823
301.823
301.243
300.647
300.048
299.458
298.888
298.348
297.846
297.389
296.974
296.589
296.219
295.848
295.485
295.165
294.916
294.715
294.508
294.219
293.812
293.377
293.097
293.01
293
293
293
293
293
293
293
293
293
293
293
293
293
293
293
293
293
293
293
293
293
)
;
    }
    procBoundary1to4
    {
        type            processor;
        value           nonuniform List<scalar> 
148
(
293
293
293
293
293
293
293
293
293
293
293
293
293
293
293
293
293
293
293
293
293
293
293
293
293
293
293
293
293
293
293
293
293
293
293
293
293
293
293
293
293
293
293
293
293
293
293
293
293
293
293
293
293
293
293
293
293
293
293
293
293
293
293
293
293
293
293
293
293
293
293
293
293
293
293
293
293
293
293
293
293
293
293
293
293
293
293
293
293
293
293
293
293
293
293
293
293
293
293
293
293
293
293
293
293
293
293
293
293
293
293
293
293
293
293
293
293
293
293
293
293
293
293
293
293
293
293
293
293
293
293
293
293
293
293
293
293
293
293
293
293
293
293
293
293
293
293
293
)
;
    }
}


// ************************************************************************* //
